human_date_time,link,sender_names_alias
Fri Apr 17 15:24:48 2015,http://mail-archives.apache.org/mod_mbox/commonsrdf-commits/201504.mbox/<20150417152422.E5343AC054F@hades.apache.org>,coreyg
Fri Apr 17 15:26:55 2015,http://mail-archives.apache.org/mod_mbox/commonsrdf-commits/201504.mbox/<20150417152634.1BCE4AC054F@hades.apache.org>,coreyg
Tue Apr  7 19:48:14 2015,http://mail-archives.apache.org/mod_mbox/commonsrdf-commits/201504.mbox/<20150407194752.E5B1DAC0027@hades.apache.org>,coreyg
Tue Apr  7 20:46:01 2015,http://mail-archives.apache.org/mod_mbox/commonsrdf-commits/201504.mbox/<20150407204539.AD068AC0027@hades.apache.org>,coreyg
Tue Apr  7 20:55:34 2015,http://mail-archives.apache.org/mod_mbox/commonsrdf-commits/201504.mbox/<20150407205512.C7116AC0027@hades.apache.org>,coreyg
Tue Apr  7 20:56:15 2015,http://mail-archives.apache.org/mod_mbox/commonsrdf-commits/201504.mbox/<20150407205554.73BF2AC0027@hades.apache.org>,coreyg
Tue Apr  7 21:04:53 2015,http://mail-archives.apache.org/mod_mbox/commonsrdf-commits/201504.mbox/<20150407210429.4765FAC0027@hades.apache.org>,coreyg
Tue Apr  7 21:11:08 2015,http://mail-archives.apache.org/mod_mbox/commonsrdf-commits/201504.mbox/<20150407211044.3CC7AAC0027@hades.apache.org>,coreyg
Tue Apr 14 18:07:37 2015,http://mail-archives.apache.org/mod_mbox/commonsrdf-commits/201504.mbox/<20150414180713.7CBB3AC009C@hades.apache.org>,coreyg
Tue Apr 14 18:53:49 2015,http://mail-archives.apache.org/mod_mbox/commonsrdf-commits/201504.mbox/<20150414185325.95080AC009C@hades.apache.org>,coreyg
