human_date_time,link,sender_names_alias
Fri Oct 24 00:16:19 2014,http://mail-archives.apache.org/mod_mbox/reef-dev/201410.mbox/<CAJTgV9jimvQQvEMTtXbPu0UtehwpfxVmD6J1djhj=78N+jOOfg@mail.gmail.com>,ychen
Fri Oct 24 00:25:16 2014,http://mail-archives.apache.org/mod_mbox/reef-dev/201410.mbox/<CAJTgV9h5EWnjrrXK4m+Nq1jDrJyyfKHVYQCdrvAGdv8L_6071w@mail.gmail.com>,ychen
Thu Oct 23 03:12:57 2014,http://mail-archives.apache.org/mod_mbox/reef-dev/201410.mbox/<CAJTgV9js+9Z+MQS0sFR9ifq_LCqxXA2uBkgTFuYWFM6Tg4DteQ@mail.gmail.com>,ychen
Tue Oct 21 14:43:56 2014,http://mail-archives.apache.org/mod_mbox/reef-dev/201410.mbox/<CAJTgV9gzcBJHLdqHbXF9Nw_fNXiYXUHE-Q_MQc11Q7PXJcOAGA@mail.gmail.com>,ychen
Tue Oct 28 03:56:43 2014,http://mail-archives.apache.org/mod_mbox/reef-dev/201410.mbox/<CAJTgV9jbZeH=sX0aDLst67LfrwuEKKb9hz7xYcrvL7=B1zv7kg@mail.gmail.com>,ychen
Tue Oct 28 16:17:05 2014,http://mail-archives.apache.org/mod_mbox/reef-dev/201410.mbox/<CAJTgV9gkxX_-65_D6CFZmTTY50k16RgzQJ8FgCgPC_Z7pMvKOA@mail.gmail.com>,ychen
Tue Oct 28 17:33:01 2014,http://mail-archives.apache.org/mod_mbox/reef-dev/201410.mbox/<CAJTgV9guBNwGBik0o8ud64ehn9HbX7S21xsvkLKQ3yaZUG9-gA@mail.gmail.com>,ychen
Tue Oct 28 18:13:43 2014,http://mail-archives.apache.org/mod_mbox/reef-dev/201410.mbox/<CAJTgV9gbimiy3fXpq7CbAVJYtZXph=R-CrRU0oKMvhTNHxngpQ@mail.gmail.com>,ychen
