human_date_time,link,sender_names_alias
Mon Apr 30 12:25:03 2007,http://mail-archives.apache.org/mod_mbox/qpid-commits/200704.mbox/<20070430122442.AE20D1A9838@eris.apache.org>,rgodfrey
Mon Apr 30 12:25:03 2007,http://mail-archives.apache.org/mod_mbox/qpid-commits/200704.mbox/<20070430122442.AE20D1A9838@eris.apache.org>,rgodfrey
Mon Apr 30 12:25:03 2007,http://mail-archives.apache.org/mod_mbox/qpid-commits/200704.mbox/<20070430122442.AE20D1A9838@eris.apache.org>,rgodfrey
Mon Apr 30 12:25:03 2007,http://mail-archives.apache.org/mod_mbox/qpid-commits/200704.mbox/<20070430122442.AE20D1A9838@eris.apache.org>,rgodfrey
Mon Apr 30 12:25:03 2007,http://mail-archives.apache.org/mod_mbox/qpid-commits/200704.mbox/<20070430122442.AE20D1A9838@eris.apache.org>,rgodfrey
Mon May  7 22:20:21 2007,http://mail-archives.apache.org/mod_mbox/qpid-commits/200705.mbox/<20070507222001.098251A983E@eris.apache.org>,rgodfrey
Wed May  9 10:24:40 2007,http://mail-archives.apache.org/mod_mbox/qpid-commits/200705.mbox/<20070509102417.B76011A9838@eris.apache.org>,rgodfrey
Wed May  9 10:24:40 2007,http://mail-archives.apache.org/mod_mbox/qpid-commits/200705.mbox/<20070509102417.B76011A9838@eris.apache.org>,rgodfrey
Wed May  9 10:24:40 2007,http://mail-archives.apache.org/mod_mbox/qpid-commits/200705.mbox/<20070509102417.B76011A9838@eris.apache.org>,rgodfrey
Wed May  9 10:24:40 2007,http://mail-archives.apache.org/mod_mbox/qpid-commits/200705.mbox/<20070509102417.B76011A9838@eris.apache.org>,rgodfrey
Wed May  9 10:24:40 2007,http://mail-archives.apache.org/mod_mbox/qpid-commits/200705.mbox/<20070509102417.B76011A9838@eris.apache.org>,rgodfrey
Wed May  9 10:24:40 2007,http://mail-archives.apache.org/mod_mbox/qpid-commits/200705.mbox/<20070509102417.B76011A9838@eris.apache.org>,rgodfrey
Wed May  9 10:24:40 2007,http://mail-archives.apache.org/mod_mbox/qpid-commits/200705.mbox/<20070509102417.B76011A9838@eris.apache.org>,rgodfrey
Wed May  9 10:24:40 2007,http://mail-archives.apache.org/mod_mbox/qpid-commits/200705.mbox/<20070509102417.B76011A9838@eris.apache.org>,rgodfrey
Wed May  9 10:24:40 2007,http://mail-archives.apache.org/mod_mbox/qpid-commits/200705.mbox/<20070509102417.B76011A9838@eris.apache.org>,rgodfrey
