human_date_time,link,sender_names_alias
Fri Sep 15 10:38:07 2006,http://mail-archives.apache.org/mod_mbox/tuscany-dev/200609.mbox/<A46BC892-6192-4BF0-BBE5-C2F5B0F4EF6D@iona.com>,ohurley
Mon Sep 11 08:15:21 2006,http://mail-archives.apache.org/mod_mbox/tuscany-dev/200609.mbox/<631EE8F0-7F2D-410B-8F9A-0196F338A38F@iona.com>,ohurley
Thu Sep  7 10:49:39 2006,http://mail-archives.apache.org/mod_mbox/tuscany-dev/200609.mbox/<DE257BF8-3E81-4100-9BAB-4A4229A6FE49@iona.com>,ohurley
Thu Sep 14 13:12:14 2006,http://mail-archives.apache.org/mod_mbox/tuscany-dev/200609.mbox/<CEB01B50-E9A3-4F79-B345-3AB07DEA1A80@iona.com>,ohurley
Thu Sep 14 15:51:30 2006,http://mail-archives.apache.org/mod_mbox/tuscany-dev/200609.mbox/<49AF4171-573F-4476-A343-6C11877835E1@iona.com>,ohurley
Thu Sep 21 18:20:12 2006,http://mail-archives.apache.org/mod_mbox/tuscany-dev/200609.mbox/<18FB5146-F575-4DC9-9442-2F26A697F0D8@iona.com>,ohurley
Tue Sep 19 07:31:24 2006,http://mail-archives.apache.org/mod_mbox/tuscany-dev/200609.mbox/<AE421095-628F-4F2D-BE78-8C0AE3AD19A8@iona.com>,ohurley
