human_date_time,link,sender_names_alias
Fri Jan  8 01:36:30 2021,http://mail-archives.apache.org/mod_mbox/gobblin-commits/202101.mbox/<161006978817.15049.5040304786941408035@gitbox.apache.org>,abti
Fri Jan  8 01:36:52 2021,http://mail-archives.apache.org/mod_mbox/gobblin-commits/202101.mbox/<161006981187.15344.5455472466707451817@gitbox.apache.org>,abti
Fri Jan  8 01:39:04 2021,http://mail-archives.apache.org/mod_mbox/gobblin-commits/202101.mbox/<161006994259.16481.2220116357603582304@gitbox.apache.org>,abti
Fri Jan  8 01:39:16 2021,http://mail-archives.apache.org/mod_mbox/gobblin-commits/202101.mbox/<161006995601.16734.10993685331578088047@gitbox.apache.org>,abti
Sun Jan  3 02:56:43 2021,http://mail-archives.apache.org/mod_mbox/gobblin-commits/202101.mbox/<160964260018.11898.14899749315894129284@gitbox.apache.org>,abti
Sun Jan  3 02:57:03 2021,http://mail-archives.apache.org/mod_mbox/gobblin-commits/202101.mbox/<160964262217.12235.9986664829489274058@gitbox.apache.org>,abti
Sun Jan  3 03:24:40 2021,http://mail-archives.apache.org/mod_mbox/gobblin-commits/202101.mbox/<160964427542.31936.16605952626592835352@gitbox.apache.org>,abti
Sun Jan  3 19:58:52 2021,http://mail-archives.apache.org/mod_mbox/gobblin-commits/202101.mbox/<160970393117.5329.16276928730755713100@gitbox.apache.org>,abti
