human_date_time,link,sender_names_alias
Fri Aug 18 14:31:33 2006,http://mail-archives.apache.org/mod_mbox/servicemix-users/200608.mbox/<5870781.post@talk.nabble.com>,ragu
