human_date_time,link,sender_names_alias
Mon Mar 30 10:42:25 2015,http://mail-archives.apache.org/mod_mbox/ignite-dev/201503.mbox/<CA+eZwrH8pUhLfp5r2Sn3_U6xxkfj_rkBErfUcpxV9d10JQijEQ@mail.gmail.com>,svladykin
Tue Mar 31 07:40:39 2015,http://mail-archives.apache.org/mod_mbox/ignite-dev/201503.mbox/<CA+eZwrFX1P3fKzYcO6pFPFn213ScoK9buNoCHa9tSxPDPssm-A@mail.gmail.com>,svladykin
Tue Mar 31 07:44:53 2015,http://mail-archives.apache.org/mod_mbox/ignite-dev/201503.mbox/<CA+eZwrFgtRyNb__WpCaemi-UwLdpMAQ_gs8R4GkwjQpaHK7KYw@mail.gmail.com>,svladykin
