human_date_time,link,sender_names_alias
Fri Aug 28 23:09:26 2015,http://mail-archives.apache.org/mod_mbox/atlas-dev/201508.mbox/<CAFfn_RrdbLma_wh_BPsrGjx3v+pM=8fQjaAvNA3O36WKXjs2GQ@mail.gmail.com>,svenkatesh
Thu Aug  6 21:38:53 2015,http://mail-archives.apache.org/mod_mbox/atlas-dev/201508.mbox/<20150806212739.11538.16548@reviews.apache.org>,svenkatesh
Thu Aug 20 16:54:35 2015,http://mail-archives.apache.org/mod_mbox/atlas-dev/201508.mbox/<20150820165250.12426.31918@reviews.apache.org>,svenkatesh
Tue Aug 11 18:50:06 2015,http://mail-archives.apache.org/mod_mbox/atlas-dev/201508.mbox/<20150811184926.1374.27495@reviews.apache.org>,svenkatesh
Tue Sep  1 04:51:22 2015,http://mail-archives.apache.org/mod_mbox/atlas-dev/201509.mbox/<CAFfn_RpmG0b_fbiiFWYq8f7w+T2uOJ9biaNL=4garGzN5Q2zXw@mail.gmail.com>,svenkatesh
