human_date_time,link,sender_names_alias
Thu Nov 17 22:55:06 2016,http://mail-archives.apache.org/mod_mbox/commonsrdf-dev/201611.mbox/<20161117225502.EC7F9E97D7@git1-us-west.apache.org>,ansell
Thu Nov 17 22:55:06 2016,http://mail-archives.apache.org/mod_mbox/commonsrdf-dev/201611.mbox/<20161117225502.EFCCCDFC55@git1-us-west.apache.org>,ansell
Thu Nov 17 22:55:06 2016,http://mail-archives.apache.org/mod_mbox/commonsrdf-dev/201611.mbox/<20161117225502.DCFF5E0FC4@git1-us-west.apache.org>,ansell
Thu Nov 17 22:55:07 2016,http://mail-archives.apache.org/mod_mbox/commonsrdf-dev/201611.mbox/<20161117225502.F119EF1745@git1-us-west.apache.org>,ansell
Thu Nov 17 22:55:07 2016,http://mail-archives.apache.org/mod_mbox/commonsrdf-dev/201611.mbox/<20161117225502.EF1E1F1715@git1-us-west.apache.org>,ansell
Thu Nov 17 22:55:08 2016,http://mail-archives.apache.org/mod_mbox/commonsrdf-dev/201611.mbox/<20161117225503.0C3DCF1790@git1-us-west.apache.org>,ansell
Thu Nov 17 22:55:08 2016,http://mail-archives.apache.org/mod_mbox/commonsrdf-dev/201611.mbox/<20161117225505.1B3C3DFC55@git1-us-west.apache.org>,ansell
Thu Nov 17 22:55:08 2016,http://mail-archives.apache.org/mod_mbox/commonsrdf-dev/201611.mbox/<20161117225505.19E04F1715@git1-us-west.apache.org>,ansell
Thu Nov 17 22:55:08 2016,http://mail-archives.apache.org/mod_mbox/commonsrdf-dev/201611.mbox/<20161117225505.1A526E0FC4@git1-us-west.apache.org>,ansell
Thu Nov 17 22:55:29 2016,http://mail-archives.apache.org/mod_mbox/commonsrdf-dev/201611.mbox/<20161117225525.11F32E0FC4@git1-us-west.apache.org>,ansell
Thu Nov 17 22:55:29 2016,http://mail-archives.apache.org/mod_mbox/commonsrdf-dev/201611.mbox/<20161117225525.137FFE97D7@git1-us-west.apache.org>,ansell
Thu Oct 27 22:07:56 2016,http://mail-archives.apache.org/mod_mbox/commonsrdf-dev/201610.mbox/<20161027220753.2F736F1705@git1-us-west.apache.org>,ansell
Thu Oct 27 22:07:57 2016,http://mail-archives.apache.org/mod_mbox/commonsrdf-dev/201610.mbox/<20161027220753.24451F0BF2@git1-us-west.apache.org>,ansell
Thu Oct 27 22:07:57 2016,http://mail-archives.apache.org/mod_mbox/commonsrdf-dev/201610.mbox/<20161027220753.25E24E0362@git1-us-west.apache.org>,ansell
Thu Oct 27 22:07:58 2016,http://mail-archives.apache.org/mod_mbox/commonsrdf-dev/201610.mbox/<20161027220753.30012DFA20@git1-us-west.apache.org>,ansell
Thu Oct 27 22:07:58 2016,http://mail-archives.apache.org/mod_mbox/commonsrdf-dev/201610.mbox/<20161027220753.3DAF4F1710@git1-us-west.apache.org>,ansell
Thu Oct 27 22:07:58 2016,http://mail-archives.apache.org/mod_mbox/commonsrdf-dev/201610.mbox/<20161027220753.315DAF170D@git1-us-west.apache.org>,ansell
Thu Oct 27 22:07:58 2016,http://mail-archives.apache.org/mod_mbox/commonsrdf-dev/201610.mbox/<20161027220753.2ED62F1595@git1-us-west.apache.org>,ansell
Thu Oct 27 22:07:58 2016,http://mail-archives.apache.org/mod_mbox/commonsrdf-dev/201610.mbox/<20161027220753.31DD4F170F@git1-us-west.apache.org>,ansell
Thu Oct 27 22:07:59 2016,http://mail-archives.apache.org/mod_mbox/commonsrdf-dev/201610.mbox/<20161027220750.37284E0362@git1-us-west.apache.org>,ansell
Thu Oct 27 22:08:00 2016,http://mail-archives.apache.org/mod_mbox/commonsrdf-dev/201610.mbox/<20161027220753.293D1F1592@git1-us-west.apache.org>,ansell
Thu Oct 27 22:08:01 2016,http://mail-archives.apache.org/mod_mbox/commonsrdf-dev/201610.mbox/<20161027220753.29C89F0DBF@git1-us-west.apache.org>,ansell
Thu Oct 27 22:08:01 2016,http://mail-archives.apache.org/mod_mbox/commonsrdf-dev/201610.mbox/<20161027220753.2883CF1708@git1-us-west.apache.org>,ansell
Thu Oct 27 22:08:10 2016,http://mail-archives.apache.org/mod_mbox/commonsrdf-dev/201610.mbox/<20161027220750.49311F0BF2@git1-us-west.apache.org>,ansell
Thu Oct 27 22:08:16 2016,http://mail-archives.apache.org/mod_mbox/commonsrdf-dev/201610.mbox/<20161027220813.1EC86DFA20@git1-us-west.apache.org>,ansell
Thu Oct 27 22:08:16 2016,http://mail-archives.apache.org/mod_mbox/commonsrdf-dev/201610.mbox/<20161027220813.24308F1708@git1-us-west.apache.org>,ansell
Thu Oct 27 22:08:16 2016,http://mail-archives.apache.org/mod_mbox/commonsrdf-dev/201610.mbox/<20161027220813.204FCE0362@git1-us-west.apache.org>,ansell
Thu Oct 27 22:08:16 2016,http://mail-archives.apache.org/mod_mbox/commonsrdf-dev/201610.mbox/<20161027220813.1CAF1F1595@git1-us-west.apache.org>,ansell
Thu Oct 27 22:08:16 2016,http://mail-archives.apache.org/mod_mbox/commonsrdf-dev/201610.mbox/<20161027220813.1D859F0BF2@git1-us-west.apache.org>,ansell
Thu Oct 27 22:08:16 2016,http://mail-archives.apache.org/mod_mbox/commonsrdf-dev/201610.mbox/<20161027220813.2531AF170F@git1-us-west.apache.org>,ansell
Thu Oct 27 22:08:17 2016,http://mail-archives.apache.org/mod_mbox/commonsrdf-dev/201610.mbox/<20161027220813.21DDEF0DBF@git1-us-west.apache.org>,ansell
Thu Oct 27 22:08:17 2016,http://mail-archives.apache.org/mod_mbox/commonsrdf-dev/201610.mbox/<20161027220813.2607AF170D@git1-us-west.apache.org>,ansell
Thu Oct 27 22:08:17 2016,http://mail-archives.apache.org/mod_mbox/commonsrdf-dev/201610.mbox/<20161027220813.23640F1592@git1-us-west.apache.org>,ansell
