human_date_time,link,sender_names_alias
Mon Jan 28 09:47:38 2013,http://mail-archives.apache.org/mod_mbox/cloudstack-users/201301.mbox/<A86B1F12-B527-4CBB-AE1E-2DC0F3CA5966@yahoo.com>,ddark
Tue Jan 29 03:24:52 2013,http://mail-archives.apache.org/mod_mbox/cloudstack-users/201301.mbox/<8469BB2F-10AF-4BD5-96A2-8A5D804975F1@yahoo.com>,ddark
