human_date_time,link,sender_names_alias
Fri Feb  1 02:27:19 2013,http://mail-archives.apache.org/mod_mbox/cloudstack-dev/201302.mbox/<33740054EBF5B64BB213E2E0916F2C13F074E775AC@BANPMAILBOX01.citrite.net>,kkavala
Fri Feb  1 02:28:25 2013,http://mail-archives.apache.org/mod_mbox/cloudstack-dev/201302.mbox/<33740054EBF5B64BB213E2E0916F2C13F074E775AD@BANPMAILBOX01.citrite.net>,kkavala
Fri Feb  1 02:38:33 2013,http://mail-archives.apache.org/mod_mbox/cloudstack-dev/201302.mbox/<29A026FF-05FB-43EB-9F5B-9C3835487884@citrix.com>,kkavala
Fri Feb  1 08:50:10 2013,http://mail-archives.apache.org/mod_mbox/cloudstack-dev/201302.mbox/<20130201085001.24984.2002@reviews.apache.org>,kkavala
Fri Jan 11 10:04:19 2013,http://mail-archives.apache.org/mod_mbox/cloudstack-dev/201301.mbox/<33740054EBF5B64BB213E2E0916F2C13F011BBE735@BANPMAILBOX01.citrite.net>,kkavala
Fri Jan 18 07:12:02 2013,http://mail-archives.apache.org/mod_mbox/cloudstack-dev/201301.mbox/<33740054EBF5B64BB213E2E0916F2C13F011BBE73E@BANPMAILBOX01.citrite.net>,kkavala
Fri Jan 18 11:39:49 2013,http://mail-archives.apache.org/mod_mbox/cloudstack-users/201301.mbox/<33740054EBF5B64BB213E2E0916F2C13F0134D5BA1@BANPMAILBOX01.citrite.net>,kkavala
Fri Jan 18 11:49:26 2013,http://mail-archives.apache.org/mod_mbox/cloudstack-users/201301.mbox/<33740054EBF5B64BB213E2E0916F2C13F0134D5BA2@BANPMAILBOX01.citrite.net>,kkavala
Fri Jan 18 12:08:36 2013,http://mail-archives.apache.org/mod_mbox/cloudstack-users/201301.mbox/<33740054EBF5B64BB213E2E0916F2C13F0134D5BA3@BANPMAILBOX01.citrite.net>,kkavala
Fri Jan 25 08:42:21 2013,http://mail-archives.apache.org/mod_mbox/cloudstack-dev/201301.mbox/<33740054EBF5B64BB213E2E0916F2C13F074E7A642@BANPMAILBOX01.citrite.net>,kkavala
Fri Jan 25 11:29:37 2013,http://mail-archives.apache.org/mod_mbox/cloudstack-dev/201301.mbox/<33740054EBF5B64BB213E2E0916F2C13F074E7A643@BANPMAILBOX01.citrite.net>,kkavala
Mon Feb  4 08:30:25 2013,http://mail-archives.apache.org/mod_mbox/cloudstack-dev/201302.mbox/<33740054EBF5B64BB213E2E0916F2C13F074E7A651@BANPMAILBOX01.citrite.net>,kkavala
Mon Feb  4 09:37:11 2013,http://mail-archives.apache.org/mod_mbox/cloudstack-dev/201302.mbox/<33740054EBF5B64BB213E2E0916F2C13F074E7A652@BANPMAILBOX01.citrite.net>,kkavala
Thu Feb  7 15:49:12 2013,http://mail-archives.apache.org/mod_mbox/cloudstack-dev/201302.mbox/<86250C93-0EEF-48BA-AB32-527F842F5895@citrix.com>,kkavala
Thu Jan 17 12:59:13 2013,http://mail-archives.apache.org/mod_mbox/cloudstack-dev/201301.mbox/<33740054EBF5B64BB213E2E0916F2C13F011BBE73A@BANPMAILBOX01.citrite.net>,kkavala
Thu Jan 24 10:00:13 2013,http://mail-archives.apache.org/mod_mbox/cloudstack-dev/201301.mbox/<33740054EBF5B64BB213E2E0916F2C13F074E7A640@BANPMAILBOX01.citrite.net>,kkavala
Thu Jan 24 15:43:22 2013,http://mail-archives.apache.org/mod_mbox/cloudstack-dev/201301.mbox/<33740054EBF5B64BB213E2E0916F2C13F074E775A6@BANPMAILBOX01.citrite.net>,kkavala
Thu Jan 31 17:17:58 2013,http://mail-archives.apache.org/mod_mbox/cloudstack-dev/201301.mbox/<89245990-56D1-4FF0-842D-160174833B9C@citrix.com>,kkavala
Tue Feb  5 12:52:57 2013,http://mail-archives.apache.org/mod_mbox/cloudstack-dev/201302.mbox/<20130205125247.13217.29430@reviews.apache.org>,kkavala
Tue Feb  5 13:15:22 2013,http://mail-archives.apache.org/mod_mbox/cloudstack-dev/201302.mbox/<20130205131509.13218.83115@reviews.apache.org>,kkavala
Tue Feb  5 15:45:26 2013,http://mail-archives.apache.org/mod_mbox/cloudstack-dev/201302.mbox/<05350E11-3356-4B72-BCD0-8E59D094807B@citrix.com>,kkavala
Tue Jan 29 09:45:56 2013,http://mail-archives.apache.org/mod_mbox/cloudstack-dev/201301.mbox/<33740054EBF5B64BB213E2E0916F2C13F074E7A647@BANPMAILBOX01.citrite.net>,kkavala
Tue Jan 29 10:57:18 2013,http://mail-archives.apache.org/mod_mbox/cloudstack-dev/201301.mbox/<33740054EBF5B64BB213E2E0916F2C13F074E7A648@BANPMAILBOX01.citrite.net>,kkavala
Tue Jan 29 12:03:48 2013,http://mail-archives.apache.org/mod_mbox/cloudstack-dev/201301.mbox/<33740054EBF5B64BB213E2E0916F2C13F074E7A649@BANPMAILBOX01.citrite.net>,kkavala
Tue Jan 29 12:48:22 2013,http://mail-archives.apache.org/mod_mbox/cloudstack-dev/201301.mbox/<33740054EBF5B64BB213E2E0916F2C13F074E7A64A@BANPMAILBOX01.citrite.net>,kkavala
Tue Jan 29 13:20:33 2013,http://mail-archives.apache.org/mod_mbox/cloudstack-dev/201301.mbox/<20130129132025.24984.98807@reviews.apache.org>,kkavala
Tue Jan 29 13:57:32 2013,http://mail-archives.apache.org/mod_mbox/cloudstack-dev/201301.mbox/<20130129135724.24967.486@reviews.apache.org>,kkavala
Wed Feb  6 08:53:46 2013,http://mail-archives.apache.org/mod_mbox/cloudstack-dev/201302.mbox/<33740054EBF5B64BB213E2E0916F2C13F074E7A65A@BANPMAILBOX01.citrite.net>,kkavala
Wed Feb  6 10:01:04 2013,http://mail-archives.apache.org/mod_mbox/cloudstack-dev/201302.mbox/<33740054EBF5B64BB213E2E0916F2C13F074E7A65B@BANPMAILBOX01.citrite.net>,kkavala
Wed Feb  6 10:12:30 2013,http://mail-archives.apache.org/mod_mbox/cloudstack-dev/201302.mbox/<33740054EBF5B64BB213E2E0916F2C13F074E7A65C@BANPMAILBOX01.citrite.net>,kkavala
Wed Feb  6 12:47:04 2013,http://mail-archives.apache.org/mod_mbox/cloudstack-dev/201302.mbox/<33740054EBF5B64BB213E2E0916F2C13F074E7A65E@BANPMAILBOX01.citrite.net>,kkavala
Wed Jan 16 10:56:28 2013,http://mail-archives.apache.org/mod_mbox/cloudstack-dev/201301.mbox/<20130116105619.27590.73456@reviews.apache.org>,kkavala
Wed Jan 30 07:07:08 2013,http://mail-archives.apache.org/mod_mbox/cloudstack-dev/201301.mbox/<33740054EBF5B64BB213E2E0916F2C13F074E7A64C@BANPMAILBOX01.citrite.net>,kkavala
Wed Jan 30 07:12:37 2013,http://mail-archives.apache.org/mod_mbox/cloudstack-dev/201301.mbox/<33740054EBF5B64BB213E2E0916F2C13F074E7A64D@BANPMAILBOX01.citrite.net>,kkavala
