human_date_time,link,sender_names_alias
Fri Feb 23 08:02:52 2018,http://mail-archives.apache.org/mod_mbox/pulsar-dev/201802.mbox/<TY1PR01MB0633C66F24860BBDAE1F1CB497CC0@TY1PR01MB0633.jpnprd01.prod.outlook.com>,msakamoto
Tue Feb 20 01:59:20 2018,http://mail-archives.apache.org/mod_mbox/pulsar-dev/201802.mbox/<TY1PR01MB063398656E3563275B2EF9BD97CF0@TY1PR01MB0633.jpnprd01.prod.outlook.com>,msakamoto
Tue Feb 20 11:02:43 2018,http://mail-archives.apache.org/mod_mbox/pulsar-dev/201802.mbox/<TY1PR01MB0633FDE080BE6C6DEC44287F97CF0@TY1PR01MB0633.jpnprd01.prod.outlook.com>,msakamoto
