human_date_time,link,sender_names_alias
Fri Aug  1 06:16:01 2008,http://mail-archives.apache.org/mod_mbox/sling-dev/200808.mbox/<4892AA0B.8050407@apache.org>,cziegeler
Fri Jul 11 12:04:26 2008,http://mail-archives.apache.org/mod_mbox/sling-dev/200807.mbox/<48774C29.2050707@apache.org>,cziegeler
Fri Jul 11 12:07:03 2008,http://mail-archives.apache.org/mod_mbox/sling-dev/200807.mbox/<48774CD1.2040302@apache.org>,cziegeler
Fri Jul 18 09:46:03 2008,http://mail-archives.apache.org/mod_mbox/sling-dev/200807.mbox/<48806645.3060807@apache.org>,cziegeler
Fri Jul 18 11:27:30 2008,http://mail-archives.apache.org/mod_mbox/sling-dev/200807.mbox/<48807E0B.3040509@apache.org>,cziegeler
Fri Jul 18 13:39:48 2008,http://mail-archives.apache.org/mod_mbox/sling-dev/200807.mbox/<48809D0D.4040901@apache.org>,cziegeler
Fri Jul 25 07:02:02 2008,http://mail-archives.apache.org/mod_mbox/sling-dev/200807.mbox/<48897A52.9090903@apache.org>,cziegeler
Fri Jul 25 11:13:11 2008,http://mail-archives.apache.org/mod_mbox/sling-dev/200807.mbox/<4889B52D.5050606@apache.org>,cziegeler
Fri Jul 25 11:31:49 2008,http://mail-archives.apache.org/mod_mbox/sling-dev/200807.mbox/<4889B940.7080207@apache.org>,cziegeler
Mon Jul  7 12:33:05 2008,http://mail-archives.apache.org/mod_mbox/sling-dev/200807.mbox/<48720CE0.8050402@apache.org>,cziegeler
Mon Jul 14 10:15:46 2008,http://mail-archives.apache.org/mod_mbox/sling-dev/200807.mbox/<487B273C.5070709@apache.org>,cziegeler
Mon Jul 21 11:59:15 2008,http://mail-archives.apache.org/mod_mbox/sling-dev/200807.mbox/<488479FC.5010008@apache.org>,cziegeler
Mon Jul 21 14:27:55 2008,http://mail-archives.apache.org/mod_mbox/sling-dev/200807.mbox/<48849CD4.3040804@apache.org>,cziegeler
Mon Jul 21 14:59:57 2008,http://mail-archives.apache.org/mod_mbox/sling-dev/200807.mbox/<4884A457.2080102@apache.org>,cziegeler
Mon Jul 21 15:03:13 2008,http://mail-archives.apache.org/mod_mbox/sling-dev/200807.mbox/<4884A515.5000707@apache.org>,cziegeler
Mon Jul 21 15:15:18 2008,http://mail-archives.apache.org/mod_mbox/sling-dev/200807.mbox/<4884A7F0.9010305@apache.org>,cziegeler
Mon Jul 21 15:36:44 2008,http://mail-archives.apache.org/mod_mbox/sling-dev/200807.mbox/<4884ACF5.7020808@apache.org>,cziegeler
Mon Jul 21 16:00:39 2008,http://mail-archives.apache.org/mod_mbox/sling-dev/200807.mbox/<4884B291.2070005@apache.org>,cziegeler
Mon Jul 28 17:34:02 2008,http://mail-archives.apache.org/mod_mbox/sling-dev/200807.mbox/<488E02F4.9010809@apache.org>,cziegeler
Sat Jul  5 15:23:10 2008,http://mail-archives.apache.org/mod_mbox/sling-dev/200807.mbox/<486F91C8.9090500@apache.org>,cziegeler
Sat Jul 12 12:01:56 2008,http://mail-archives.apache.org/mod_mbox/sling-dev/200807.mbox/<48789D1E.6040605@apache.org>,cziegeler
Sat Jul 19 17:12:39 2008,http://mail-archives.apache.org/mod_mbox/sling-dev/200807.mbox/<48822071.5070603@apache.org>,cziegeler
Thu Jul 24 09:37:28 2008,http://mail-archives.apache.org/mod_mbox/sling-dev/200807.mbox/<48884D41.9050501@apache.org>,cziegeler
Thu Jul 31 17:06:42 2008,http://mail-archives.apache.org/mod_mbox/sling-dev/200807.mbox/<4891F101.7090604@apache.org>,cziegeler
Tue Jul  8 09:46:41 2008,http://mail-archives.apache.org/mod_mbox/sling-dev/200807.mbox/<48733769.7060608@apache.org>,cziegeler
Tue Jul 22 09:13:09 2008,http://mail-archives.apache.org/mod_mbox/sling-dev/200807.mbox/<4885A48E.6040701@apache.org>,cziegeler
Tue Jul 22 10:13:22 2008,http://mail-archives.apache.org/mod_mbox/sling-dev/200807.mbox/<4885B2AB.2050800@apache.org>,cziegeler
Tue Jul 22 12:54:25 2008,http://mail-archives.apache.org/mod_mbox/sling-dev/200807.mbox/<4885D86A.3070101@apache.org>,cziegeler
Tue Jul 22 17:08:04 2008,http://mail-archives.apache.org/mod_mbox/sling-dev/200807.mbox/<488613DC.1060403@apache.org>,cziegeler
Wed Jul  9 06:50:20 2008,http://mail-archives.apache.org/mod_mbox/sling-dev/200807.mbox/<48745F96.3060105@apache.org>,cziegeler
Wed Jul  9 07:05:28 2008,http://mail-archives.apache.org/mod_mbox/sling-dev/200807.mbox/<48746322.4060901@apache.org>,cziegeler
Wed Jul 16 07:25:38 2008,http://mail-archives.apache.org/mod_mbox/sling-dev/200807.mbox/<487DA25C.9090304@apache.org>,cziegeler
Wed Jul 23 10:03:43 2008,http://mail-archives.apache.org/mod_mbox/sling-dev/200807.mbox/<488701E6.2000505@apache.org>,cziegeler
Wed Jul 30 09:58:19 2008,http://mail-archives.apache.org/mod_mbox/sling-dev/200807.mbox/<48903B25.9000906@apache.org>,cziegeler
