human_date_time,link,sender_names_alias
Fri Oct  5 16:27:21 2012,http://mail-archives.apache.org/mod_mbox/ctakes-commits/201210.mbox/<20121005162628.855E723889B8@eris.apache.org>,chenpei
Fri Oct  5 16:27:21 2012,http://mail-archives.apache.org/mod_mbox/ctakes-commits/201210.mbox/<20121005162628.855E723889B8@eris.apache.org>,chenpei
Fri Oct  5 16:27:21 2012,http://mail-archives.apache.org/mod_mbox/ctakes-commits/201210.mbox/<20121005162628.855E723889B8@eris.apache.org>,chenpei
Fri Oct  5 16:27:21 2012,http://mail-archives.apache.org/mod_mbox/ctakes-commits/201210.mbox/<20121005162628.855E723889B8@eris.apache.org>,chenpei
Fri Oct  5 16:27:21 2012,http://mail-archives.apache.org/mod_mbox/ctakes-commits/201210.mbox/<20121005162628.855E723889B8@eris.apache.org>,chenpei
Fri Oct  5 16:27:21 2012,http://mail-archives.apache.org/mod_mbox/ctakes-commits/201210.mbox/<20121005162628.855E723889B8@eris.apache.org>,chenpei
Fri Oct  5 16:27:21 2012,http://mail-archives.apache.org/mod_mbox/ctakes-commits/201210.mbox/<20121005162628.855E723889B8@eris.apache.org>,chenpei
Fri Oct  5 16:27:21 2012,http://mail-archives.apache.org/mod_mbox/ctakes-commits/201210.mbox/<20121005162628.855E723889B8@eris.apache.org>,chenpei
Fri Oct  5 16:27:21 2012,http://mail-archives.apache.org/mod_mbox/ctakes-commits/201210.mbox/<20121005162628.855E723889B8@eris.apache.org>,chenpei
Fri Oct  5 16:27:21 2012,http://mail-archives.apache.org/mod_mbox/ctakes-commits/201210.mbox/<20121005162628.855E723889B8@eris.apache.org>,chenpei
Fri Oct  5 16:27:21 2012,http://mail-archives.apache.org/mod_mbox/ctakes-commits/201210.mbox/<20121005162628.855E723889B8@eris.apache.org>,chenpei
Fri Oct  5 16:27:21 2012,http://mail-archives.apache.org/mod_mbox/ctakes-commits/201210.mbox/<20121005162628.855E723889B8@eris.apache.org>,chenpei
Fri Oct  5 16:27:21 2012,http://mail-archives.apache.org/mod_mbox/ctakes-commits/201210.mbox/<20121005162628.855E723889B8@eris.apache.org>,chenpei
Fri Oct  5 16:27:21 2012,http://mail-archives.apache.org/mod_mbox/ctakes-commits/201210.mbox/<20121005162628.855E723889B8@eris.apache.org>,chenpei
Fri Oct  5 16:27:21 2012,http://mail-archives.apache.org/mod_mbox/ctakes-commits/201210.mbox/<20121005162628.855E723889B8@eris.apache.org>,chenpei
Fri Oct  5 16:27:21 2012,http://mail-archives.apache.org/mod_mbox/ctakes-commits/201210.mbox/<20121005162628.855E723889B8@eris.apache.org>,chenpei
Fri Oct  5 16:27:21 2012,http://mail-archives.apache.org/mod_mbox/ctakes-commits/201210.mbox/<20121005162628.855E723889B8@eris.apache.org>,chenpei
Fri Oct  5 16:27:21 2012,http://mail-archives.apache.org/mod_mbox/ctakes-commits/201210.mbox/<20121005162628.855E723889B8@eris.apache.org>,chenpei
Fri Oct  5 16:27:21 2012,http://mail-archives.apache.org/mod_mbox/ctakes-commits/201210.mbox/<20121005162628.855E723889B8@eris.apache.org>,chenpei
Fri Oct  5 16:27:21 2012,http://mail-archives.apache.org/mod_mbox/ctakes-commits/201210.mbox/<20121005162628.855E723889B8@eris.apache.org>,chenpei
Fri Oct  5 16:27:21 2012,http://mail-archives.apache.org/mod_mbox/ctakes-commits/201210.mbox/<20121005162628.855E723889B8@eris.apache.org>,chenpei
Fri Oct  5 16:27:21 2012,http://mail-archives.apache.org/mod_mbox/ctakes-commits/201210.mbox/<20121005162628.855E723889B8@eris.apache.org>,chenpei
Fri Oct  5 16:27:21 2012,http://mail-archives.apache.org/mod_mbox/ctakes-commits/201210.mbox/<20121005162628.855E723889B8@eris.apache.org>,chenpei
Fri Oct  5 16:27:21 2012,http://mail-archives.apache.org/mod_mbox/ctakes-commits/201210.mbox/<20121005162628.855E723889B8@eris.apache.org>,chenpei
Fri Oct  5 16:27:21 2012,http://mail-archives.apache.org/mod_mbox/ctakes-commits/201210.mbox/<20121005162628.855E723889B8@eris.apache.org>,chenpei
Fri Oct  5 16:27:21 2012,http://mail-archives.apache.org/mod_mbox/ctakes-commits/201210.mbox/<20121005162628.855E723889B8@eris.apache.org>,chenpei
Fri Oct  5 16:27:21 2012,http://mail-archives.apache.org/mod_mbox/ctakes-commits/201210.mbox/<20121005162628.855E723889B8@eris.apache.org>,chenpei
Fri Oct  5 16:27:21 2012,http://mail-archives.apache.org/mod_mbox/ctakes-commits/201210.mbox/<20121005162628.855E723889B8@eris.apache.org>,chenpei
Fri Oct  5 16:27:21 2012,http://mail-archives.apache.org/mod_mbox/ctakes-commits/201210.mbox/<20121005162628.855E723889B8@eris.apache.org>,chenpei
Fri Oct  5 16:27:21 2012,http://mail-archives.apache.org/mod_mbox/ctakes-commits/201210.mbox/<20121005162628.855E723889B8@eris.apache.org>,chenpei
Fri Oct  5 16:27:21 2012,http://mail-archives.apache.org/mod_mbox/ctakes-commits/201210.mbox/<20121005162628.855E723889B8@eris.apache.org>,chenpei
Fri Oct  5 16:27:21 2012,http://mail-archives.apache.org/mod_mbox/ctakes-commits/201210.mbox/<20121005162628.855E723889B8@eris.apache.org>,chenpei
Fri Oct  5 16:27:21 2012,http://mail-archives.apache.org/mod_mbox/ctakes-commits/201210.mbox/<20121005162628.855E723889B8@eris.apache.org>,chenpei
Fri Oct  5 16:27:21 2012,http://mail-archives.apache.org/mod_mbox/ctakes-commits/201210.mbox/<20121005162628.855E723889B8@eris.apache.org>,chenpei
Fri Oct  5 16:27:21 2012,http://mail-archives.apache.org/mod_mbox/ctakes-commits/201210.mbox/<20121005162628.855E723889B8@eris.apache.org>,chenpei
Fri Oct  5 16:27:21 2012,http://mail-archives.apache.org/mod_mbox/ctakes-commits/201210.mbox/<20121005162628.855E723889B8@eris.apache.org>,chenpei
Fri Oct  5 16:27:21 2012,http://mail-archives.apache.org/mod_mbox/ctakes-commits/201210.mbox/<20121005162628.855E723889B8@eris.apache.org>,chenpei
Fri Oct  5 16:27:21 2012,http://mail-archives.apache.org/mod_mbox/ctakes-commits/201210.mbox/<20121005162628.855E723889B8@eris.apache.org>,chenpei
Fri Oct  5 16:27:21 2012,http://mail-archives.apache.org/mod_mbox/ctakes-commits/201210.mbox/<20121005162628.855E723889B8@eris.apache.org>,chenpei
Fri Oct  5 16:27:21 2012,http://mail-archives.apache.org/mod_mbox/ctakes-commits/201210.mbox/<20121005162628.855E723889B8@eris.apache.org>,chenpei
Fri Oct  5 16:27:21 2012,http://mail-archives.apache.org/mod_mbox/ctakes-commits/201210.mbox/<20121005162628.855E723889B8@eris.apache.org>,chenpei
Fri Oct  5 16:27:21 2012,http://mail-archives.apache.org/mod_mbox/ctakes-commits/201210.mbox/<20121005162628.855E723889B8@eris.apache.org>,chenpei
Fri Oct  5 16:27:21 2012,http://mail-archives.apache.org/mod_mbox/ctakes-commits/201210.mbox/<20121005162628.855E723889B8@eris.apache.org>,chenpei
Fri Oct  5 16:27:21 2012,http://mail-archives.apache.org/mod_mbox/ctakes-commits/201210.mbox/<20121005162628.855E723889B8@eris.apache.org>,chenpei
Fri Oct  5 16:27:21 2012,http://mail-archives.apache.org/mod_mbox/ctakes-commits/201210.mbox/<20121005162628.855E723889B8@eris.apache.org>,chenpei
Fri Oct  5 16:27:21 2012,http://mail-archives.apache.org/mod_mbox/ctakes-commits/201210.mbox/<20121005162628.855E723889B8@eris.apache.org>,chenpei
Fri Oct  5 16:27:21 2012,http://mail-archives.apache.org/mod_mbox/ctakes-commits/201210.mbox/<20121005162628.855E723889B8@eris.apache.org>,chenpei
Fri Oct  5 16:27:21 2012,http://mail-archives.apache.org/mod_mbox/ctakes-commits/201210.mbox/<20121005162628.855E723889B8@eris.apache.org>,chenpei
Fri Oct  5 16:27:21 2012,http://mail-archives.apache.org/mod_mbox/ctakes-commits/201210.mbox/<20121005162628.855E723889B8@eris.apache.org>,chenpei
Fri Oct  5 16:27:21 2012,http://mail-archives.apache.org/mod_mbox/ctakes-commits/201210.mbox/<20121005162628.855E723889B8@eris.apache.org>,chenpei
Fri Oct  5 16:27:21 2012,http://mail-archives.apache.org/mod_mbox/ctakes-commits/201210.mbox/<20121005162628.855E723889B8@eris.apache.org>,chenpei
Fri Oct  5 16:27:21 2012,http://mail-archives.apache.org/mod_mbox/ctakes-commits/201210.mbox/<20121005162628.855E723889B8@eris.apache.org>,chenpei
Fri Oct  5 16:27:21 2012,http://mail-archives.apache.org/mod_mbox/ctakes-commits/201210.mbox/<20121005162628.855E723889B8@eris.apache.org>,chenpei
Fri Oct  5 16:27:21 2012,http://mail-archives.apache.org/mod_mbox/ctakes-commits/201210.mbox/<20121005162628.855E723889B8@eris.apache.org>,chenpei
Fri Oct  5 16:27:21 2012,http://mail-archives.apache.org/mod_mbox/ctakes-commits/201210.mbox/<20121005162628.855E723889B8@eris.apache.org>,chenpei
Fri Oct  5 16:27:21 2012,http://mail-archives.apache.org/mod_mbox/ctakes-commits/201210.mbox/<20121005162628.855E723889B8@eris.apache.org>,chenpei
Fri Oct  5 16:27:21 2012,http://mail-archives.apache.org/mod_mbox/ctakes-commits/201210.mbox/<20121005162628.855E723889B8@eris.apache.org>,chenpei
Fri Oct  5 16:27:21 2012,http://mail-archives.apache.org/mod_mbox/ctakes-commits/201210.mbox/<20121005162628.855E723889B8@eris.apache.org>,chenpei
Fri Oct  5 16:27:21 2012,http://mail-archives.apache.org/mod_mbox/ctakes-commits/201210.mbox/<20121005162628.855E723889B8@eris.apache.org>,chenpei
Fri Oct  5 16:27:21 2012,http://mail-archives.apache.org/mod_mbox/ctakes-commits/201210.mbox/<20121005162628.855E723889B8@eris.apache.org>,chenpei
Fri Oct  5 16:27:21 2012,http://mail-archives.apache.org/mod_mbox/ctakes-commits/201210.mbox/<20121005162628.855E723889B8@eris.apache.org>,chenpei
Fri Oct  5 16:27:21 2012,http://mail-archives.apache.org/mod_mbox/ctakes-commits/201210.mbox/<20121005162628.855E723889B8@eris.apache.org>,chenpei
Fri Oct  5 16:27:21 2012,http://mail-archives.apache.org/mod_mbox/ctakes-commits/201210.mbox/<20121005162628.855E723889B8@eris.apache.org>,chenpei
Fri Oct  5 16:27:21 2012,http://mail-archives.apache.org/mod_mbox/ctakes-commits/201210.mbox/<20121005162628.855E723889B8@eris.apache.org>,chenpei
Fri Oct  5 16:27:21 2012,http://mail-archives.apache.org/mod_mbox/ctakes-commits/201210.mbox/<20121005162628.855E723889B8@eris.apache.org>,chenpei
Fri Oct  5 16:27:21 2012,http://mail-archives.apache.org/mod_mbox/ctakes-commits/201210.mbox/<20121005162628.855E723889B8@eris.apache.org>,chenpei
Fri Oct  5 16:27:21 2012,http://mail-archives.apache.org/mod_mbox/ctakes-commits/201210.mbox/<20121005162628.855E723889B8@eris.apache.org>,chenpei
Fri Oct  5 16:27:21 2012,http://mail-archives.apache.org/mod_mbox/ctakes-commits/201210.mbox/<20121005162628.855E723889B8@eris.apache.org>,chenpei
Fri Oct  5 16:27:21 2012,http://mail-archives.apache.org/mod_mbox/ctakes-commits/201210.mbox/<20121005162628.855E723889B8@eris.apache.org>,chenpei
Fri Oct  5 16:27:21 2012,http://mail-archives.apache.org/mod_mbox/ctakes-commits/201210.mbox/<20121005162628.855E723889B8@eris.apache.org>,chenpei
Fri Oct  5 16:27:21 2012,http://mail-archives.apache.org/mod_mbox/ctakes-commits/201210.mbox/<20121005162628.855E723889B8@eris.apache.org>,chenpei
Fri Oct  5 16:27:21 2012,http://mail-archives.apache.org/mod_mbox/ctakes-commits/201210.mbox/<20121005162628.855E723889B8@eris.apache.org>,chenpei
Fri Oct  5 16:27:21 2012,http://mail-archives.apache.org/mod_mbox/ctakes-commits/201210.mbox/<20121005162628.855E723889B8@eris.apache.org>,chenpei
Fri Oct  5 16:27:21 2012,http://mail-archives.apache.org/mod_mbox/ctakes-commits/201210.mbox/<20121005162628.855E723889B8@eris.apache.org>,chenpei
Fri Oct  5 16:27:21 2012,http://mail-archives.apache.org/mod_mbox/ctakes-commits/201210.mbox/<20121005162628.855E723889B8@eris.apache.org>,chenpei
Fri Oct  5 16:27:21 2012,http://mail-archives.apache.org/mod_mbox/ctakes-commits/201210.mbox/<20121005162628.855E723889B8@eris.apache.org>,chenpei
Fri Oct  5 16:27:21 2012,http://mail-archives.apache.org/mod_mbox/ctakes-commits/201210.mbox/<20121005162628.855E723889B8@eris.apache.org>,chenpei
Fri Oct  5 16:27:21 2012,http://mail-archives.apache.org/mod_mbox/ctakes-commits/201210.mbox/<20121005162628.855E723889B8@eris.apache.org>,chenpei
Fri Oct  5 16:27:21 2012,http://mail-archives.apache.org/mod_mbox/ctakes-commits/201210.mbox/<20121005162628.855E723889B8@eris.apache.org>,chenpei
Fri Oct  5 16:27:21 2012,http://mail-archives.apache.org/mod_mbox/ctakes-commits/201210.mbox/<20121005162628.855E723889B8@eris.apache.org>,chenpei
Fri Oct  5 16:27:21 2012,http://mail-archives.apache.org/mod_mbox/ctakes-commits/201210.mbox/<20121005162628.855E723889B8@eris.apache.org>,chenpei
Fri Oct  5 16:27:21 2012,http://mail-archives.apache.org/mod_mbox/ctakes-commits/201210.mbox/<20121005162628.855E723889B8@eris.apache.org>,chenpei
Fri Oct  5 16:27:21 2012,http://mail-archives.apache.org/mod_mbox/ctakes-commits/201210.mbox/<20121005162628.855E723889B8@eris.apache.org>,chenpei
Fri Oct  5 16:27:21 2012,http://mail-archives.apache.org/mod_mbox/ctakes-commits/201210.mbox/<20121005162628.855E723889B8@eris.apache.org>,chenpei
Fri Oct  5 16:27:21 2012,http://mail-archives.apache.org/mod_mbox/ctakes-commits/201210.mbox/<20121005162628.855E723889B8@eris.apache.org>,chenpei
Fri Oct  5 16:27:21 2012,http://mail-archives.apache.org/mod_mbox/ctakes-commits/201210.mbox/<20121005162628.855E723889B8@eris.apache.org>,chenpei
Fri Oct  5 16:27:21 2012,http://mail-archives.apache.org/mod_mbox/ctakes-commits/201210.mbox/<20121005162628.855E723889B8@eris.apache.org>,chenpei
Fri Oct  5 16:27:21 2012,http://mail-archives.apache.org/mod_mbox/ctakes-commits/201210.mbox/<20121005162628.855E723889B8@eris.apache.org>,chenpei
Fri Oct  5 16:27:21 2012,http://mail-archives.apache.org/mod_mbox/ctakes-commits/201210.mbox/<20121005162628.855E723889B8@eris.apache.org>,chenpei
Fri Oct  5 16:27:21 2012,http://mail-archives.apache.org/mod_mbox/ctakes-commits/201210.mbox/<20121005162628.855E723889B8@eris.apache.org>,chenpei
Fri Oct  5 16:27:21 2012,http://mail-archives.apache.org/mod_mbox/ctakes-commits/201210.mbox/<20121005162628.855E723889B8@eris.apache.org>,chenpei
Fri Oct  5 16:27:21 2012,http://mail-archives.apache.org/mod_mbox/ctakes-commits/201210.mbox/<20121005162628.855E723889B8@eris.apache.org>,chenpei
Fri Oct  5 16:27:21 2012,http://mail-archives.apache.org/mod_mbox/ctakes-commits/201210.mbox/<20121005162628.855E723889B8@eris.apache.org>,chenpei
Fri Oct  5 16:27:21 2012,http://mail-archives.apache.org/mod_mbox/ctakes-commits/201210.mbox/<20121005162628.855E723889B8@eris.apache.org>,chenpei
Fri Oct  5 16:27:21 2012,http://mail-archives.apache.org/mod_mbox/ctakes-commits/201210.mbox/<20121005162628.855E723889B8@eris.apache.org>,chenpei
Fri Oct  5 16:27:21 2012,http://mail-archives.apache.org/mod_mbox/ctakes-commits/201210.mbox/<20121005162628.855E723889B8@eris.apache.org>,chenpei
Fri Oct  5 16:27:21 2012,http://mail-archives.apache.org/mod_mbox/ctakes-commits/201210.mbox/<20121005162628.855E723889B8@eris.apache.org>,chenpei
Fri Oct  5 16:27:21 2012,http://mail-archives.apache.org/mod_mbox/ctakes-commits/201210.mbox/<20121005162628.855E723889B8@eris.apache.org>,chenpei
Fri Oct  5 16:27:21 2012,http://mail-archives.apache.org/mod_mbox/ctakes-commits/201210.mbox/<20121005162628.855E723889B8@eris.apache.org>,chenpei
Fri Oct  5 16:27:21 2012,http://mail-archives.apache.org/mod_mbox/ctakes-commits/201210.mbox/<20121005162628.855E723889B8@eris.apache.org>,chenpei
Fri Oct  5 16:27:21 2012,http://mail-archives.apache.org/mod_mbox/ctakes-commits/201210.mbox/<20121005162628.855E723889B8@eris.apache.org>,chenpei
Fri Oct  5 16:27:21 2012,http://mail-archives.apache.org/mod_mbox/ctakes-commits/201210.mbox/<20121005162628.855E723889B8@eris.apache.org>,chenpei
Fri Oct  5 16:27:21 2012,http://mail-archives.apache.org/mod_mbox/ctakes-commits/201210.mbox/<20121005162628.855E723889B8@eris.apache.org>,chenpei
Fri Oct  5 16:27:21 2012,http://mail-archives.apache.org/mod_mbox/ctakes-commits/201210.mbox/<20121005162628.855E723889B8@eris.apache.org>,chenpei
Fri Oct  5 16:27:21 2012,http://mail-archives.apache.org/mod_mbox/ctakes-commits/201210.mbox/<20121005162628.855E723889B8@eris.apache.org>,chenpei
Fri Oct  5 16:27:21 2012,http://mail-archives.apache.org/mod_mbox/ctakes-commits/201210.mbox/<20121005162628.855E723889B8@eris.apache.org>,chenpei
Fri Oct  5 16:27:21 2012,http://mail-archives.apache.org/mod_mbox/ctakes-commits/201210.mbox/<20121005162628.855E723889B8@eris.apache.org>,chenpei
Fri Oct  5 16:27:21 2012,http://mail-archives.apache.org/mod_mbox/ctakes-commits/201210.mbox/<20121005162628.855E723889B8@eris.apache.org>,chenpei
Fri Oct  5 16:27:21 2012,http://mail-archives.apache.org/mod_mbox/ctakes-commits/201210.mbox/<20121005162628.855E723889B8@eris.apache.org>,chenpei
Fri Oct  5 16:27:21 2012,http://mail-archives.apache.org/mod_mbox/ctakes-commits/201210.mbox/<20121005162628.855E723889B8@eris.apache.org>,chenpei
Fri Oct  5 16:27:21 2012,http://mail-archives.apache.org/mod_mbox/ctakes-commits/201210.mbox/<20121005162628.855E723889B8@eris.apache.org>,chenpei
Fri Oct  5 16:27:21 2012,http://mail-archives.apache.org/mod_mbox/ctakes-commits/201210.mbox/<20121005162628.855E723889B8@eris.apache.org>,chenpei
Fri Oct  5 16:27:21 2012,http://mail-archives.apache.org/mod_mbox/ctakes-commits/201210.mbox/<20121005162628.855E723889B8@eris.apache.org>,chenpei
Fri Oct  5 16:27:21 2012,http://mail-archives.apache.org/mod_mbox/ctakes-commits/201210.mbox/<20121005162628.855E723889B8@eris.apache.org>,chenpei
Fri Oct  5 16:27:21 2012,http://mail-archives.apache.org/mod_mbox/ctakes-commits/201210.mbox/<20121005162628.855E723889B8@eris.apache.org>,chenpei
Fri Oct  5 16:27:21 2012,http://mail-archives.apache.org/mod_mbox/ctakes-commits/201210.mbox/<20121005162628.855E723889B8@eris.apache.org>,chenpei
Fri Oct  5 16:27:21 2012,http://mail-archives.apache.org/mod_mbox/ctakes-commits/201210.mbox/<20121005162628.855E723889B8@eris.apache.org>,chenpei
Fri Oct  5 16:27:21 2012,http://mail-archives.apache.org/mod_mbox/ctakes-commits/201210.mbox/<20121005162628.855E723889B8@eris.apache.org>,chenpei
Fri Oct  5 16:27:21 2012,http://mail-archives.apache.org/mod_mbox/ctakes-commits/201210.mbox/<20121005162628.855E723889B8@eris.apache.org>,chenpei
Fri Oct  5 16:27:21 2012,http://mail-archives.apache.org/mod_mbox/ctakes-commits/201210.mbox/<20121005162628.855E723889B8@eris.apache.org>,chenpei
Fri Oct  5 16:27:21 2012,http://mail-archives.apache.org/mod_mbox/ctakes-commits/201210.mbox/<20121005162628.855E723889B8@eris.apache.org>,chenpei
Fri Oct  5 16:27:21 2012,http://mail-archives.apache.org/mod_mbox/ctakes-commits/201210.mbox/<20121005162628.855E723889B8@eris.apache.org>,chenpei
Fri Oct  5 16:27:21 2012,http://mail-archives.apache.org/mod_mbox/ctakes-commits/201210.mbox/<20121005162628.855E723889B8@eris.apache.org>,chenpei
Fri Oct  5 16:27:21 2012,http://mail-archives.apache.org/mod_mbox/ctakes-commits/201210.mbox/<20121005162628.855E723889B8@eris.apache.org>,chenpei
Fri Oct  5 16:27:21 2012,http://mail-archives.apache.org/mod_mbox/ctakes-commits/201210.mbox/<20121005162628.855E723889B8@eris.apache.org>,chenpei
Fri Oct  5 16:27:21 2012,http://mail-archives.apache.org/mod_mbox/ctakes-commits/201210.mbox/<20121005162628.855E723889B8@eris.apache.org>,chenpei
Fri Oct  5 16:27:21 2012,http://mail-archives.apache.org/mod_mbox/ctakes-commits/201210.mbox/<20121005162628.855E723889B8@eris.apache.org>,chenpei
Fri Oct  5 16:27:21 2012,http://mail-archives.apache.org/mod_mbox/ctakes-commits/201210.mbox/<20121005162628.855E723889B8@eris.apache.org>,chenpei
Fri Oct  5 16:27:21 2012,http://mail-archives.apache.org/mod_mbox/ctakes-commits/201210.mbox/<20121005162628.855E723889B8@eris.apache.org>,chenpei
Fri Oct  5 16:27:21 2012,http://mail-archives.apache.org/mod_mbox/ctakes-commits/201210.mbox/<20121005162628.855E723889B8@eris.apache.org>,chenpei
Fri Oct  5 16:27:21 2012,http://mail-archives.apache.org/mod_mbox/ctakes-commits/201210.mbox/<20121005162628.855E723889B8@eris.apache.org>,chenpei
Fri Oct  5 16:27:22 2012,http://mail-archives.apache.org/mod_mbox/ctakes-commits/201210.mbox/<20121005162628.879DF23889D7@eris.apache.org>,chenpei
Fri Oct  5 16:27:22 2012,http://mail-archives.apache.org/mod_mbox/ctakes-commits/201210.mbox/<20121005162628.879DF23889D7@eris.apache.org>,chenpei
Mon Sep 24 21:26:42 2012,http://mail-archives.apache.org/mod_mbox/ctakes-commits/201209.mbox/<20120924212558.1E97623888FE@eris.apache.org>,chenpei
Mon Sep 24 22:06:51 2012,http://mail-archives.apache.org/mod_mbox/ctakes-commits/201209.mbox/<20120924220606.C913A2388AA7@eris.apache.org>,chenpei
Mon Sep 24 22:06:54 2012,http://mail-archives.apache.org/mod_mbox/ctakes-commits/201209.mbox/<20120924220606.C371B23889E2@eris.apache.org>,chenpei
Mon Sep 24 22:06:54 2012,http://mail-archives.apache.org/mod_mbox/ctakes-commits/201209.mbox/<20120924220606.C371B23889E2@eris.apache.org>,chenpei
Mon Sep 24 22:06:54 2012,http://mail-archives.apache.org/mod_mbox/ctakes-commits/201209.mbox/<20120924220606.C371B23889E2@eris.apache.org>,chenpei
Mon Sep 24 22:06:54 2012,http://mail-archives.apache.org/mod_mbox/ctakes-commits/201209.mbox/<20120924220606.C371B23889E2@eris.apache.org>,chenpei
Mon Sep 24 22:06:54 2012,http://mail-archives.apache.org/mod_mbox/ctakes-commits/201209.mbox/<20120924220606.C371B23889E2@eris.apache.org>,chenpei
Mon Sep 24 22:06:54 2012,http://mail-archives.apache.org/mod_mbox/ctakes-commits/201209.mbox/<20120924220606.C371B23889E2@eris.apache.org>,chenpei
Mon Sep 24 22:06:54 2012,http://mail-archives.apache.org/mod_mbox/ctakes-commits/201209.mbox/<20120924220606.C371B23889E2@eris.apache.org>,chenpei
Mon Sep 24 22:06:54 2012,http://mail-archives.apache.org/mod_mbox/ctakes-commits/201209.mbox/<20120924220606.C371B23889E2@eris.apache.org>,chenpei
Mon Sep 24 22:06:54 2012,http://mail-archives.apache.org/mod_mbox/ctakes-commits/201209.mbox/<20120924220606.C371B23889E2@eris.apache.org>,chenpei
Mon Sep 24 22:06:54 2012,http://mail-archives.apache.org/mod_mbox/ctakes-commits/201209.mbox/<20120924220606.C371B23889E2@eris.apache.org>,chenpei
Mon Sep 24 22:06:54 2012,http://mail-archives.apache.org/mod_mbox/ctakes-commits/201209.mbox/<20120924220606.C371B23889E2@eris.apache.org>,chenpei
Mon Sep 24 22:06:54 2012,http://mail-archives.apache.org/mod_mbox/ctakes-commits/201209.mbox/<20120924220606.C371B23889E2@eris.apache.org>,chenpei
Mon Sep 24 22:06:54 2012,http://mail-archives.apache.org/mod_mbox/ctakes-commits/201209.mbox/<20120924220606.C371B23889E2@eris.apache.org>,chenpei
Mon Sep 24 22:06:54 2012,http://mail-archives.apache.org/mod_mbox/ctakes-commits/201209.mbox/<20120924220606.C371B23889E2@eris.apache.org>,chenpei
Mon Sep 24 22:06:54 2012,http://mail-archives.apache.org/mod_mbox/ctakes-commits/201209.mbox/<20120924220606.C371B23889E2@eris.apache.org>,chenpei
Mon Sep 24 22:06:54 2012,http://mail-archives.apache.org/mod_mbox/ctakes-commits/201209.mbox/<20120924220606.C371B23889E2@eris.apache.org>,chenpei
Mon Sep 24 22:06:54 2012,http://mail-archives.apache.org/mod_mbox/ctakes-commits/201209.mbox/<20120924220606.C371B23889E2@eris.apache.org>,chenpei
Mon Sep 24 22:06:54 2012,http://mail-archives.apache.org/mod_mbox/ctakes-commits/201209.mbox/<20120924220606.C371B23889E2@eris.apache.org>,chenpei
Mon Sep 24 22:06:54 2012,http://mail-archives.apache.org/mod_mbox/ctakes-commits/201209.mbox/<20120924220606.C371B23889E2@eris.apache.org>,chenpei
Mon Sep 24 22:06:54 2012,http://mail-archives.apache.org/mod_mbox/ctakes-commits/201209.mbox/<20120924220606.C371B23889E2@eris.apache.org>,chenpei
Mon Sep 24 22:06:54 2012,http://mail-archives.apache.org/mod_mbox/ctakes-commits/201209.mbox/<20120924220606.C371B23889E2@eris.apache.org>,chenpei
Mon Sep 24 22:06:54 2012,http://mail-archives.apache.org/mod_mbox/ctakes-commits/201209.mbox/<20120924220606.C371B23889E2@eris.apache.org>,chenpei
Mon Sep 24 22:06:54 2012,http://mail-archives.apache.org/mod_mbox/ctakes-commits/201209.mbox/<20120924220606.C371B23889E2@eris.apache.org>,chenpei
Mon Sep 24 22:06:54 2012,http://mail-archives.apache.org/mod_mbox/ctakes-commits/201209.mbox/<20120924220606.C371B23889E2@eris.apache.org>,chenpei
Mon Sep 24 22:06:54 2012,http://mail-archives.apache.org/mod_mbox/ctakes-commits/201209.mbox/<20120924220606.C371B23889E2@eris.apache.org>,chenpei
Mon Sep 24 22:06:54 2012,http://mail-archives.apache.org/mod_mbox/ctakes-commits/201209.mbox/<20120924220606.C371B23889E2@eris.apache.org>,chenpei
Mon Sep 24 22:06:54 2012,http://mail-archives.apache.org/mod_mbox/ctakes-commits/201209.mbox/<20120924220606.C371B23889E2@eris.apache.org>,chenpei
Mon Sep 24 22:06:54 2012,http://mail-archives.apache.org/mod_mbox/ctakes-commits/201209.mbox/<20120924220606.C371B23889E2@eris.apache.org>,chenpei
Mon Sep 24 22:06:54 2012,http://mail-archives.apache.org/mod_mbox/ctakes-commits/201209.mbox/<20120924220606.C371B23889E2@eris.apache.org>,chenpei
Mon Sep 24 22:06:54 2012,http://mail-archives.apache.org/mod_mbox/ctakes-commits/201209.mbox/<20120924220606.C371B23889E2@eris.apache.org>,chenpei
Mon Sep 24 22:06:54 2012,http://mail-archives.apache.org/mod_mbox/ctakes-commits/201209.mbox/<20120924220606.C371B23889E2@eris.apache.org>,chenpei
Mon Sep 24 22:06:54 2012,http://mail-archives.apache.org/mod_mbox/ctakes-commits/201209.mbox/<20120924220606.C371B23889E2@eris.apache.org>,chenpei
Mon Sep 24 22:06:54 2012,http://mail-archives.apache.org/mod_mbox/ctakes-commits/201209.mbox/<20120924220606.C371B23889E2@eris.apache.org>,chenpei
Mon Sep 24 22:06:54 2012,http://mail-archives.apache.org/mod_mbox/ctakes-commits/201209.mbox/<20120924220606.C371B23889E2@eris.apache.org>,chenpei
Mon Sep 24 22:06:54 2012,http://mail-archives.apache.org/mod_mbox/ctakes-commits/201209.mbox/<20120924220606.C371B23889E2@eris.apache.org>,chenpei
Mon Sep 24 22:06:54 2012,http://mail-archives.apache.org/mod_mbox/ctakes-commits/201209.mbox/<20120924220606.C371B23889E2@eris.apache.org>,chenpei
Mon Sep 24 22:06:54 2012,http://mail-archives.apache.org/mod_mbox/ctakes-commits/201209.mbox/<20120924220606.C371B23889E2@eris.apache.org>,chenpei
Mon Sep 24 22:06:54 2012,http://mail-archives.apache.org/mod_mbox/ctakes-commits/201209.mbox/<20120924220606.C371B23889E2@eris.apache.org>,chenpei
Mon Sep 24 22:06:54 2012,http://mail-archives.apache.org/mod_mbox/ctakes-commits/201209.mbox/<20120924220606.C371B23889E2@eris.apache.org>,chenpei
Mon Sep 24 22:06:54 2012,http://mail-archives.apache.org/mod_mbox/ctakes-commits/201209.mbox/<20120924220606.C371B23889E2@eris.apache.org>,chenpei
Mon Sep 24 22:06:54 2012,http://mail-archives.apache.org/mod_mbox/ctakes-commits/201209.mbox/<20120924220606.C371B23889E2@eris.apache.org>,chenpei
Mon Sep 24 22:06:54 2012,http://mail-archives.apache.org/mod_mbox/ctakes-commits/201209.mbox/<20120924220606.C371B23889E2@eris.apache.org>,chenpei
Mon Sep 24 22:06:54 2012,http://mail-archives.apache.org/mod_mbox/ctakes-commits/201209.mbox/<20120924220606.C371B23889E2@eris.apache.org>,chenpei
Mon Sep 24 22:06:54 2012,http://mail-archives.apache.org/mod_mbox/ctakes-commits/201209.mbox/<20120924220606.C371B23889E2@eris.apache.org>,chenpei
Mon Sep 24 22:06:54 2012,http://mail-archives.apache.org/mod_mbox/ctakes-commits/201209.mbox/<20120924220606.C371B23889E2@eris.apache.org>,chenpei
Mon Sep 24 22:06:54 2012,http://mail-archives.apache.org/mod_mbox/ctakes-commits/201209.mbox/<20120924220606.C371B23889E2@eris.apache.org>,chenpei
Mon Sep 24 22:06:54 2012,http://mail-archives.apache.org/mod_mbox/ctakes-commits/201209.mbox/<20120924220606.C371B23889E2@eris.apache.org>,chenpei
Mon Sep 24 22:06:54 2012,http://mail-archives.apache.org/mod_mbox/ctakes-commits/201209.mbox/<20120924220606.C371B23889E2@eris.apache.org>,chenpei
Mon Sep 24 22:06:54 2012,http://mail-archives.apache.org/mod_mbox/ctakes-commits/201209.mbox/<20120924220606.C371B23889E2@eris.apache.org>,chenpei
Mon Sep 24 22:06:54 2012,http://mail-archives.apache.org/mod_mbox/ctakes-commits/201209.mbox/<20120924220606.C371B23889E2@eris.apache.org>,chenpei
Mon Sep 24 22:06:54 2012,http://mail-archives.apache.org/mod_mbox/ctakes-commits/201209.mbox/<20120924220606.C371B23889E2@eris.apache.org>,chenpei
Mon Sep 24 22:06:54 2012,http://mail-archives.apache.org/mod_mbox/ctakes-commits/201209.mbox/<20120924220606.C371B23889E2@eris.apache.org>,chenpei
Mon Sep 24 22:06:54 2012,http://mail-archives.apache.org/mod_mbox/ctakes-commits/201209.mbox/<20120924220606.C371B23889E2@eris.apache.org>,chenpei
Mon Sep 24 22:06:54 2012,http://mail-archives.apache.org/mod_mbox/ctakes-commits/201209.mbox/<20120924220606.C371B23889E2@eris.apache.org>,chenpei
Mon Sep 24 22:06:54 2012,http://mail-archives.apache.org/mod_mbox/ctakes-commits/201209.mbox/<20120924220606.C371B23889E2@eris.apache.org>,chenpei
Mon Sep 24 22:06:54 2012,http://mail-archives.apache.org/mod_mbox/ctakes-commits/201209.mbox/<20120924220606.C371B23889E2@eris.apache.org>,chenpei
Mon Sep 24 22:06:54 2012,http://mail-archives.apache.org/mod_mbox/ctakes-commits/201209.mbox/<20120924220606.C371B23889E2@eris.apache.org>,chenpei
Mon Sep 24 22:06:54 2012,http://mail-archives.apache.org/mod_mbox/ctakes-commits/201209.mbox/<20120924220606.C371B23889E2@eris.apache.org>,chenpei
Mon Sep 24 22:06:54 2012,http://mail-archives.apache.org/mod_mbox/ctakes-commits/201209.mbox/<20120924220606.C371B23889E2@eris.apache.org>,chenpei
Mon Sep 24 22:06:54 2012,http://mail-archives.apache.org/mod_mbox/ctakes-commits/201209.mbox/<20120924220606.C371B23889E2@eris.apache.org>,chenpei
Mon Sep 24 22:06:54 2012,http://mail-archives.apache.org/mod_mbox/ctakes-commits/201209.mbox/<20120924220606.C371B23889E2@eris.apache.org>,chenpei
Mon Sep 24 22:06:54 2012,http://mail-archives.apache.org/mod_mbox/ctakes-commits/201209.mbox/<20120924220606.C371B23889E2@eris.apache.org>,chenpei
Mon Sep 24 22:06:54 2012,http://mail-archives.apache.org/mod_mbox/ctakes-commits/201209.mbox/<20120924220606.C371B23889E2@eris.apache.org>,chenpei
Mon Sep 24 22:06:54 2012,http://mail-archives.apache.org/mod_mbox/ctakes-commits/201209.mbox/<20120924220606.C371B23889E2@eris.apache.org>,chenpei
Mon Sep 24 22:06:54 2012,http://mail-archives.apache.org/mod_mbox/ctakes-commits/201209.mbox/<20120924220606.C371B23889E2@eris.apache.org>,chenpei
Mon Sep 24 22:06:54 2012,http://mail-archives.apache.org/mod_mbox/ctakes-commits/201209.mbox/<20120924220606.C371B23889E2@eris.apache.org>,chenpei
Mon Sep 24 22:06:54 2012,http://mail-archives.apache.org/mod_mbox/ctakes-commits/201209.mbox/<20120924220606.C371B23889E2@eris.apache.org>,chenpei
Mon Sep 24 22:06:54 2012,http://mail-archives.apache.org/mod_mbox/ctakes-commits/201209.mbox/<20120924220606.C371B23889E2@eris.apache.org>,chenpei
Mon Sep 24 22:06:54 2012,http://mail-archives.apache.org/mod_mbox/ctakes-commits/201209.mbox/<20120924220606.C371B23889E2@eris.apache.org>,chenpei
Mon Sep 24 22:06:54 2012,http://mail-archives.apache.org/mod_mbox/ctakes-commits/201209.mbox/<20120924220606.C371B23889E2@eris.apache.org>,chenpei
Mon Sep 24 22:06:54 2012,http://mail-archives.apache.org/mod_mbox/ctakes-commits/201209.mbox/<20120924220606.C371B23889E2@eris.apache.org>,chenpei
Mon Sep 24 22:06:54 2012,http://mail-archives.apache.org/mod_mbox/ctakes-commits/201209.mbox/<20120924220606.C371B23889E2@eris.apache.org>,chenpei
Mon Sep 24 22:06:54 2012,http://mail-archives.apache.org/mod_mbox/ctakes-commits/201209.mbox/<20120924220606.C371B23889E2@eris.apache.org>,chenpei
Mon Sep 24 22:06:54 2012,http://mail-archives.apache.org/mod_mbox/ctakes-commits/201209.mbox/<20120924220606.C371B23889E2@eris.apache.org>,chenpei
Mon Sep 24 22:06:54 2012,http://mail-archives.apache.org/mod_mbox/ctakes-commits/201209.mbox/<20120924220606.C371B23889E2@eris.apache.org>,chenpei
Mon Sep 24 22:06:54 2012,http://mail-archives.apache.org/mod_mbox/ctakes-commits/201209.mbox/<20120924220606.C371B23889E2@eris.apache.org>,chenpei
Mon Sep 24 22:06:54 2012,http://mail-archives.apache.org/mod_mbox/ctakes-commits/201209.mbox/<20120924220606.C371B23889E2@eris.apache.org>,chenpei
Mon Sep 24 22:06:54 2012,http://mail-archives.apache.org/mod_mbox/ctakes-commits/201209.mbox/<20120924220606.C371B23889E2@eris.apache.org>,chenpei
Mon Sep 24 22:06:54 2012,http://mail-archives.apache.org/mod_mbox/ctakes-commits/201209.mbox/<20120924220606.C371B23889E2@eris.apache.org>,chenpei
Mon Sep 24 22:06:54 2012,http://mail-archives.apache.org/mod_mbox/ctakes-commits/201209.mbox/<20120924220606.C371B23889E2@eris.apache.org>,chenpei
Mon Sep 24 22:06:54 2012,http://mail-archives.apache.org/mod_mbox/ctakes-commits/201209.mbox/<20120924220606.C371B23889E2@eris.apache.org>,chenpei
Mon Sep 24 22:06:54 2012,http://mail-archives.apache.org/mod_mbox/ctakes-commits/201209.mbox/<20120924220606.C371B23889E2@eris.apache.org>,chenpei
Mon Sep 24 22:06:54 2012,http://mail-archives.apache.org/mod_mbox/ctakes-commits/201209.mbox/<20120924220606.C371B23889E2@eris.apache.org>,chenpei
Mon Sep 24 22:06:54 2012,http://mail-archives.apache.org/mod_mbox/ctakes-commits/201209.mbox/<20120924220606.C371B23889E2@eris.apache.org>,chenpei
Mon Sep 24 22:06:54 2012,http://mail-archives.apache.org/mod_mbox/ctakes-commits/201209.mbox/<20120924220606.C371B23889E2@eris.apache.org>,chenpei
Mon Sep 24 22:06:54 2012,http://mail-archives.apache.org/mod_mbox/ctakes-commits/201209.mbox/<20120924220606.C371B23889E2@eris.apache.org>,chenpei
Mon Sep 24 22:06:54 2012,http://mail-archives.apache.org/mod_mbox/ctakes-commits/201209.mbox/<20120924220606.C371B23889E2@eris.apache.org>,chenpei
Mon Sep 24 22:06:54 2012,http://mail-archives.apache.org/mod_mbox/ctakes-commits/201209.mbox/<20120924220606.C371B23889E2@eris.apache.org>,chenpei
Mon Sep 24 22:06:54 2012,http://mail-archives.apache.org/mod_mbox/ctakes-commits/201209.mbox/<20120924220606.C371B23889E2@eris.apache.org>,chenpei
Mon Sep 24 22:06:54 2012,http://mail-archives.apache.org/mod_mbox/ctakes-commits/201209.mbox/<20120924220606.C371B23889E2@eris.apache.org>,chenpei
Mon Sep 24 22:06:54 2012,http://mail-archives.apache.org/mod_mbox/ctakes-commits/201209.mbox/<20120924220606.C371B23889E2@eris.apache.org>,chenpei
Mon Sep 24 22:06:54 2012,http://mail-archives.apache.org/mod_mbox/ctakes-commits/201209.mbox/<20120924220606.C371B23889E2@eris.apache.org>,chenpei
Mon Sep 24 22:06:54 2012,http://mail-archives.apache.org/mod_mbox/ctakes-commits/201209.mbox/<20120924220606.C371B23889E2@eris.apache.org>,chenpei
Mon Sep 24 22:06:54 2012,http://mail-archives.apache.org/mod_mbox/ctakes-commits/201209.mbox/<20120924220606.C371B23889E2@eris.apache.org>,chenpei
Mon Sep 24 22:06:54 2012,http://mail-archives.apache.org/mod_mbox/ctakes-commits/201209.mbox/<20120924220606.C371B23889E2@eris.apache.org>,chenpei
Mon Sep 24 22:06:54 2012,http://mail-archives.apache.org/mod_mbox/ctakes-commits/201209.mbox/<20120924220606.C371B23889E2@eris.apache.org>,chenpei
Mon Sep 24 22:06:54 2012,http://mail-archives.apache.org/mod_mbox/ctakes-commits/201209.mbox/<20120924220606.C371B23889E2@eris.apache.org>,chenpei
Mon Sep 24 22:06:54 2012,http://mail-archives.apache.org/mod_mbox/ctakes-commits/201209.mbox/<20120924220606.C371B23889E2@eris.apache.org>,chenpei
Mon Sep 24 22:06:54 2012,http://mail-archives.apache.org/mod_mbox/ctakes-commits/201209.mbox/<20120924220606.C371B23889E2@eris.apache.org>,chenpei
Mon Sep 24 22:06:54 2012,http://mail-archives.apache.org/mod_mbox/ctakes-commits/201209.mbox/<20120924220606.C371B23889E2@eris.apache.org>,chenpei
Mon Sep 24 22:06:54 2012,http://mail-archives.apache.org/mod_mbox/ctakes-commits/201209.mbox/<20120924220606.C371B23889E2@eris.apache.org>,chenpei
Mon Sep 24 22:06:54 2012,http://mail-archives.apache.org/mod_mbox/ctakes-commits/201209.mbox/<20120924220606.C371B23889E2@eris.apache.org>,chenpei
Mon Sep 24 22:06:54 2012,http://mail-archives.apache.org/mod_mbox/ctakes-commits/201209.mbox/<20120924220606.C371B23889E2@eris.apache.org>,chenpei
Mon Sep 24 22:06:54 2012,http://mail-archives.apache.org/mod_mbox/ctakes-commits/201209.mbox/<20120924220606.C371B23889E2@eris.apache.org>,chenpei
Mon Sep 24 22:06:54 2012,http://mail-archives.apache.org/mod_mbox/ctakes-commits/201209.mbox/<20120924220606.C371B23889E2@eris.apache.org>,chenpei
Mon Sep 24 22:06:54 2012,http://mail-archives.apache.org/mod_mbox/ctakes-commits/201209.mbox/<20120924220606.C371B23889E2@eris.apache.org>,chenpei
Mon Sep 24 22:06:54 2012,http://mail-archives.apache.org/mod_mbox/ctakes-commits/201209.mbox/<20120924220606.C371B23889E2@eris.apache.org>,chenpei
Mon Sep 24 22:06:54 2012,http://mail-archives.apache.org/mod_mbox/ctakes-commits/201209.mbox/<20120924220606.C371B23889E2@eris.apache.org>,chenpei
Mon Sep 24 22:06:54 2012,http://mail-archives.apache.org/mod_mbox/ctakes-commits/201209.mbox/<20120924220606.C371B23889E2@eris.apache.org>,chenpei
Mon Sep 24 22:06:54 2012,http://mail-archives.apache.org/mod_mbox/ctakes-commits/201209.mbox/<20120924220606.C371B23889E2@eris.apache.org>,chenpei
Mon Sep 24 22:06:54 2012,http://mail-archives.apache.org/mod_mbox/ctakes-commits/201209.mbox/<20120924220606.C371B23889E2@eris.apache.org>,chenpei
Mon Sep 24 22:06:54 2012,http://mail-archives.apache.org/mod_mbox/ctakes-commits/201209.mbox/<20120924220606.C371B23889E2@eris.apache.org>,chenpei
Mon Sep 24 22:06:54 2012,http://mail-archives.apache.org/mod_mbox/ctakes-commits/201209.mbox/<20120924220606.C371B23889E2@eris.apache.org>,chenpei
Mon Sep 24 22:06:54 2012,http://mail-archives.apache.org/mod_mbox/ctakes-commits/201209.mbox/<20120924220606.C371B23889E2@eris.apache.org>,chenpei
Mon Sep 24 22:06:54 2012,http://mail-archives.apache.org/mod_mbox/ctakes-commits/201209.mbox/<20120924220606.C371B23889E2@eris.apache.org>,chenpei
Mon Sep 24 22:06:54 2012,http://mail-archives.apache.org/mod_mbox/ctakes-commits/201209.mbox/<20120924220606.C371B23889E2@eris.apache.org>,chenpei
Mon Sep 24 22:06:54 2012,http://mail-archives.apache.org/mod_mbox/ctakes-commits/201209.mbox/<20120924220606.C371B23889E2@eris.apache.org>,chenpei
Mon Sep 24 22:06:54 2012,http://mail-archives.apache.org/mod_mbox/ctakes-commits/201209.mbox/<20120924220606.C371B23889E2@eris.apache.org>,chenpei
Mon Sep 24 22:06:54 2012,http://mail-archives.apache.org/mod_mbox/ctakes-commits/201209.mbox/<20120924220606.C371B23889E2@eris.apache.org>,chenpei
Mon Sep 24 22:06:54 2012,http://mail-archives.apache.org/mod_mbox/ctakes-commits/201209.mbox/<20120924220606.C371B23889E2@eris.apache.org>,chenpei
Mon Sep 24 22:06:54 2012,http://mail-archives.apache.org/mod_mbox/ctakes-commits/201209.mbox/<20120924220606.C371B23889E2@eris.apache.org>,chenpei
Mon Sep 24 22:06:54 2012,http://mail-archives.apache.org/mod_mbox/ctakes-commits/201209.mbox/<20120924220606.C371B23889E2@eris.apache.org>,chenpei
Mon Sep 24 22:06:54 2012,http://mail-archives.apache.org/mod_mbox/ctakes-commits/201209.mbox/<20120924220606.C371B23889E2@eris.apache.org>,chenpei
Mon Sep 24 22:06:54 2012,http://mail-archives.apache.org/mod_mbox/ctakes-commits/201209.mbox/<20120924220606.C371B23889E2@eris.apache.org>,chenpei
Mon Sep 24 22:06:54 2012,http://mail-archives.apache.org/mod_mbox/ctakes-commits/201209.mbox/<20120924220606.C371B23889E2@eris.apache.org>,chenpei
Mon Sep 24 22:06:54 2012,http://mail-archives.apache.org/mod_mbox/ctakes-commits/201209.mbox/<20120924220606.C371B23889E2@eris.apache.org>,chenpei
Mon Sep 24 22:06:54 2012,http://mail-archives.apache.org/mod_mbox/ctakes-commits/201209.mbox/<20120924220606.C371B23889E2@eris.apache.org>,chenpei
Mon Sep 24 22:06:54 2012,http://mail-archives.apache.org/mod_mbox/ctakes-commits/201209.mbox/<20120924220606.C371B23889E2@eris.apache.org>,chenpei
Mon Sep 24 22:06:54 2012,http://mail-archives.apache.org/mod_mbox/ctakes-commits/201209.mbox/<20120924220606.C371B23889E2@eris.apache.org>,chenpei
Mon Sep 24 22:06:54 2012,http://mail-archives.apache.org/mod_mbox/ctakes-commits/201209.mbox/<20120924220606.C371B23889E2@eris.apache.org>,chenpei
Mon Sep 24 22:06:54 2012,http://mail-archives.apache.org/mod_mbox/ctakes-commits/201209.mbox/<20120924220606.C371B23889E2@eris.apache.org>,chenpei
Mon Sep 24 22:06:54 2012,http://mail-archives.apache.org/mod_mbox/ctakes-commits/201209.mbox/<20120924220606.C371B23889E2@eris.apache.org>,chenpei
Mon Sep 24 22:06:54 2012,http://mail-archives.apache.org/mod_mbox/ctakes-commits/201209.mbox/<20120924220606.C371B23889E2@eris.apache.org>,chenpei
Mon Sep 24 22:06:54 2012,http://mail-archives.apache.org/mod_mbox/ctakes-commits/201209.mbox/<20120924220606.C371B23889E2@eris.apache.org>,chenpei
Mon Sep 24 22:06:54 2012,http://mail-archives.apache.org/mod_mbox/ctakes-commits/201209.mbox/<20120924220606.C371B23889E2@eris.apache.org>,chenpei
Mon Sep 24 22:06:54 2012,http://mail-archives.apache.org/mod_mbox/ctakes-commits/201209.mbox/<20120924220606.C371B23889E2@eris.apache.org>,chenpei
Mon Sep 24 22:06:54 2012,http://mail-archives.apache.org/mod_mbox/ctakes-commits/201209.mbox/<20120924220606.C371B23889E2@eris.apache.org>,chenpei
Mon Sep 24 22:06:54 2012,http://mail-archives.apache.org/mod_mbox/ctakes-commits/201209.mbox/<20120924220606.C371B23889E2@eris.apache.org>,chenpei
Mon Sep 24 22:06:54 2012,http://mail-archives.apache.org/mod_mbox/ctakes-commits/201209.mbox/<20120924220606.C371B23889E2@eris.apache.org>,chenpei
Mon Sep 24 22:06:54 2012,http://mail-archives.apache.org/mod_mbox/ctakes-commits/201209.mbox/<20120924220606.C371B23889E2@eris.apache.org>,chenpei
Mon Sep 24 22:06:54 2012,http://mail-archives.apache.org/mod_mbox/ctakes-commits/201209.mbox/<20120924220606.C371B23889E2@eris.apache.org>,chenpei
Mon Sep 24 22:06:54 2012,http://mail-archives.apache.org/mod_mbox/ctakes-commits/201209.mbox/<20120924220606.C371B23889E2@eris.apache.org>,chenpei
Mon Sep 24 22:06:54 2012,http://mail-archives.apache.org/mod_mbox/ctakes-commits/201209.mbox/<20120924220606.C371B23889E2@eris.apache.org>,chenpei
Mon Sep 24 22:06:54 2012,http://mail-archives.apache.org/mod_mbox/ctakes-commits/201209.mbox/<20120924220606.C371B23889E2@eris.apache.org>,chenpei
Mon Sep 24 22:06:54 2012,http://mail-archives.apache.org/mod_mbox/ctakes-commits/201209.mbox/<20120924220606.C371B23889E2@eris.apache.org>,chenpei
Mon Sep 24 22:06:54 2012,http://mail-archives.apache.org/mod_mbox/ctakes-commits/201209.mbox/<20120924220606.C371B23889E2@eris.apache.org>,chenpei
Mon Sep 24 22:06:54 2012,http://mail-archives.apache.org/mod_mbox/ctakes-commits/201209.mbox/<20120924220606.C371B23889E2@eris.apache.org>,chenpei
Mon Sep 24 22:06:54 2012,http://mail-archives.apache.org/mod_mbox/ctakes-commits/201209.mbox/<20120924220606.C371B23889E2@eris.apache.org>,chenpei
Mon Sep 24 22:06:54 2012,http://mail-archives.apache.org/mod_mbox/ctakes-commits/201209.mbox/<20120924220606.C371B23889E2@eris.apache.org>,chenpei
Mon Sep 24 22:06:54 2012,http://mail-archives.apache.org/mod_mbox/ctakes-commits/201209.mbox/<20120924220606.C371B23889E2@eris.apache.org>,chenpei
Mon Sep 24 22:06:54 2012,http://mail-archives.apache.org/mod_mbox/ctakes-commits/201209.mbox/<20120924220606.C371B23889E2@eris.apache.org>,chenpei
Mon Sep 24 22:06:54 2012,http://mail-archives.apache.org/mod_mbox/ctakes-commits/201209.mbox/<20120924220606.C371B23889E2@eris.apache.org>,chenpei
Mon Sep 24 22:06:54 2012,http://mail-archives.apache.org/mod_mbox/ctakes-commits/201209.mbox/<20120924220606.C371B23889E2@eris.apache.org>,chenpei
Mon Sep 24 22:06:54 2012,http://mail-archives.apache.org/mod_mbox/ctakes-commits/201209.mbox/<20120924220606.C371B23889E2@eris.apache.org>,chenpei
Mon Sep 24 22:06:54 2012,http://mail-archives.apache.org/mod_mbox/ctakes-commits/201209.mbox/<20120924220606.C371B23889E2@eris.apache.org>,chenpei
Mon Sep 24 22:06:54 2012,http://mail-archives.apache.org/mod_mbox/ctakes-commits/201209.mbox/<20120924220606.C371B23889E2@eris.apache.org>,chenpei
Mon Sep 24 22:06:54 2012,http://mail-archives.apache.org/mod_mbox/ctakes-commits/201209.mbox/<20120924220606.C371B23889E2@eris.apache.org>,chenpei
Mon Sep 24 22:06:54 2012,http://mail-archives.apache.org/mod_mbox/ctakes-commits/201209.mbox/<20120924220606.C371B23889E2@eris.apache.org>,chenpei
Mon Sep 24 22:06:54 2012,http://mail-archives.apache.org/mod_mbox/ctakes-commits/201209.mbox/<20120924220606.C371B23889E2@eris.apache.org>,chenpei
Mon Sep 24 22:06:54 2012,http://mail-archives.apache.org/mod_mbox/ctakes-commits/201209.mbox/<20120924220606.C371B23889E2@eris.apache.org>,chenpei
Mon Sep 24 22:06:54 2012,http://mail-archives.apache.org/mod_mbox/ctakes-commits/201209.mbox/<20120924220606.C371B23889E2@eris.apache.org>,chenpei
Mon Sep 24 22:06:54 2012,http://mail-archives.apache.org/mod_mbox/ctakes-commits/201209.mbox/<20120924220606.C371B23889E2@eris.apache.org>,chenpei
Mon Sep 24 22:06:54 2012,http://mail-archives.apache.org/mod_mbox/ctakes-commits/201209.mbox/<20120924220606.C371B23889E2@eris.apache.org>,chenpei
Mon Sep 24 22:06:54 2012,http://mail-archives.apache.org/mod_mbox/ctakes-commits/201209.mbox/<20120924220606.C371B23889E2@eris.apache.org>,chenpei
Mon Sep 24 22:06:54 2012,http://mail-archives.apache.org/mod_mbox/ctakes-commits/201209.mbox/<20120924220606.C371B23889E2@eris.apache.org>,chenpei
Mon Sep 24 22:06:54 2012,http://mail-archives.apache.org/mod_mbox/ctakes-commits/201209.mbox/<20120924220606.C371B23889E2@eris.apache.org>,chenpei
Mon Sep 24 22:06:54 2012,http://mail-archives.apache.org/mod_mbox/ctakes-commits/201209.mbox/<20120924220606.C371B23889E2@eris.apache.org>,chenpei
Mon Sep 24 22:06:54 2012,http://mail-archives.apache.org/mod_mbox/ctakes-commits/201209.mbox/<20120924220606.C371B23889E2@eris.apache.org>,chenpei
Mon Sep 24 22:06:54 2012,http://mail-archives.apache.org/mod_mbox/ctakes-commits/201209.mbox/<20120924220606.C371B23889E2@eris.apache.org>,chenpei
Mon Sep 24 22:06:54 2012,http://mail-archives.apache.org/mod_mbox/ctakes-commits/201209.mbox/<20120924220606.C371B23889E2@eris.apache.org>,chenpei
Mon Sep 24 22:06:54 2012,http://mail-archives.apache.org/mod_mbox/ctakes-commits/201209.mbox/<20120924220606.C371B23889E2@eris.apache.org>,chenpei
Mon Sep 24 22:06:54 2012,http://mail-archives.apache.org/mod_mbox/ctakes-commits/201209.mbox/<20120924220606.C371B23889E2@eris.apache.org>,chenpei
Mon Sep 24 22:06:54 2012,http://mail-archives.apache.org/mod_mbox/ctakes-commits/201209.mbox/<20120924220606.C371B23889E2@eris.apache.org>,chenpei
Mon Sep 24 22:07:05 2012,http://mail-archives.apache.org/mod_mbox/ctakes-commits/201209.mbox/<20120924220606.A39DE23889C5@eris.apache.org>,chenpei
Mon Sep 24 22:07:05 2012,http://mail-archives.apache.org/mod_mbox/ctakes-commits/201209.mbox/<20120924220606.A39DE23889C5@eris.apache.org>,chenpei
Mon Sep 24 22:07:05 2012,http://mail-archives.apache.org/mod_mbox/ctakes-commits/201209.mbox/<20120924220606.A39DE23889C5@eris.apache.org>,chenpei
Mon Sep 24 22:07:05 2012,http://mail-archives.apache.org/mod_mbox/ctakes-commits/201209.mbox/<20120924220606.A39DE23889C5@eris.apache.org>,chenpei
Mon Sep 24 22:07:05 2012,http://mail-archives.apache.org/mod_mbox/ctakes-commits/201209.mbox/<20120924220606.A39DE23889C5@eris.apache.org>,chenpei
Mon Sep 24 22:07:05 2012,http://mail-archives.apache.org/mod_mbox/ctakes-commits/201209.mbox/<20120924220606.A39DE23889C5@eris.apache.org>,chenpei
Mon Sep 24 22:07:05 2012,http://mail-archives.apache.org/mod_mbox/ctakes-commits/201209.mbox/<20120924220606.A39DE23889C5@eris.apache.org>,chenpei
Mon Sep 24 22:07:05 2012,http://mail-archives.apache.org/mod_mbox/ctakes-commits/201209.mbox/<20120924220606.A39DE23889C5@eris.apache.org>,chenpei
Mon Sep 24 22:07:05 2012,http://mail-archives.apache.org/mod_mbox/ctakes-commits/201209.mbox/<20120924220606.A39DE23889C5@eris.apache.org>,chenpei
Mon Sep 24 22:07:05 2012,http://mail-archives.apache.org/mod_mbox/ctakes-commits/201209.mbox/<20120924220606.A39DE23889C5@eris.apache.org>,chenpei
Mon Sep 24 22:07:05 2012,http://mail-archives.apache.org/mod_mbox/ctakes-commits/201209.mbox/<20120924220606.A39DE23889C5@eris.apache.org>,chenpei
Mon Sep 24 22:07:05 2012,http://mail-archives.apache.org/mod_mbox/ctakes-commits/201209.mbox/<20120924220606.A39DE23889C5@eris.apache.org>,chenpei
Mon Sep 24 22:07:05 2012,http://mail-archives.apache.org/mod_mbox/ctakes-commits/201209.mbox/<20120924220606.A39DE23889C5@eris.apache.org>,chenpei
Mon Sep 24 22:07:05 2012,http://mail-archives.apache.org/mod_mbox/ctakes-commits/201209.mbox/<20120924220606.A39DE23889C5@eris.apache.org>,chenpei
Mon Sep 24 22:07:05 2012,http://mail-archives.apache.org/mod_mbox/ctakes-commits/201209.mbox/<20120924220606.A39DE23889C5@eris.apache.org>,chenpei
Mon Sep 24 22:07:05 2012,http://mail-archives.apache.org/mod_mbox/ctakes-commits/201209.mbox/<20120924220606.A39DE23889C5@eris.apache.org>,chenpei
Mon Sep 24 22:07:05 2012,http://mail-archives.apache.org/mod_mbox/ctakes-commits/201209.mbox/<20120924220606.A39DE23889C5@eris.apache.org>,chenpei
Mon Sep 24 22:07:05 2012,http://mail-archives.apache.org/mod_mbox/ctakes-commits/201209.mbox/<20120924220606.A39DE23889C5@eris.apache.org>,chenpei
Mon Sep 24 22:07:05 2012,http://mail-archives.apache.org/mod_mbox/ctakes-commits/201209.mbox/<20120924220606.A39DE23889C5@eris.apache.org>,chenpei
Mon Sep 24 22:07:05 2012,http://mail-archives.apache.org/mod_mbox/ctakes-commits/201209.mbox/<20120924220606.A39DE23889C5@eris.apache.org>,chenpei
Mon Sep 24 22:07:05 2012,http://mail-archives.apache.org/mod_mbox/ctakes-commits/201209.mbox/<20120924220606.A39DE23889C5@eris.apache.org>,chenpei
Mon Sep 24 22:07:05 2012,http://mail-archives.apache.org/mod_mbox/ctakes-commits/201209.mbox/<20120924220606.A39DE23889C5@eris.apache.org>,chenpei
Mon Sep 24 22:07:05 2012,http://mail-archives.apache.org/mod_mbox/ctakes-commits/201209.mbox/<20120924220606.A39DE23889C5@eris.apache.org>,chenpei
Mon Sep 24 22:07:05 2012,http://mail-archives.apache.org/mod_mbox/ctakes-commits/201209.mbox/<20120924220606.A39DE23889C5@eris.apache.org>,chenpei
Mon Sep 24 22:07:05 2012,http://mail-archives.apache.org/mod_mbox/ctakes-commits/201209.mbox/<20120924220606.A39DE23889C5@eris.apache.org>,chenpei
Mon Sep 24 22:07:05 2012,http://mail-archives.apache.org/mod_mbox/ctakes-commits/201209.mbox/<20120924220606.A39DE23889C5@eris.apache.org>,chenpei
Mon Sep 24 22:07:05 2012,http://mail-archives.apache.org/mod_mbox/ctakes-commits/201209.mbox/<20120924220606.A39DE23889C5@eris.apache.org>,chenpei
Mon Sep 24 22:07:05 2012,http://mail-archives.apache.org/mod_mbox/ctakes-commits/201209.mbox/<20120924220606.A39DE23889C5@eris.apache.org>,chenpei
Mon Sep 24 22:07:05 2012,http://mail-archives.apache.org/mod_mbox/ctakes-commits/201209.mbox/<20120924220606.A39DE23889C5@eris.apache.org>,chenpei
Mon Sep 24 22:07:05 2012,http://mail-archives.apache.org/mod_mbox/ctakes-commits/201209.mbox/<20120924220606.A39DE23889C5@eris.apache.org>,chenpei
Mon Sep 24 22:07:05 2012,http://mail-archives.apache.org/mod_mbox/ctakes-commits/201209.mbox/<20120924220606.A39DE23889C5@eris.apache.org>,chenpei
Mon Sep 24 22:07:05 2012,http://mail-archives.apache.org/mod_mbox/ctakes-commits/201209.mbox/<20120924220606.A39DE23889C5@eris.apache.org>,chenpei
Mon Sep 24 22:07:05 2012,http://mail-archives.apache.org/mod_mbox/ctakes-commits/201209.mbox/<20120924220606.A39DE23889C5@eris.apache.org>,chenpei
Mon Sep 24 22:07:05 2012,http://mail-archives.apache.org/mod_mbox/ctakes-commits/201209.mbox/<20120924220606.A39DE23889C5@eris.apache.org>,chenpei
Mon Sep 24 22:07:05 2012,http://mail-archives.apache.org/mod_mbox/ctakes-commits/201209.mbox/<20120924220606.A39DE23889C5@eris.apache.org>,chenpei
Mon Sep 24 22:07:05 2012,http://mail-archives.apache.org/mod_mbox/ctakes-commits/201209.mbox/<20120924220606.A39DE23889C5@eris.apache.org>,chenpei
Mon Sep 24 22:07:05 2012,http://mail-archives.apache.org/mod_mbox/ctakes-commits/201209.mbox/<20120924220606.A39DE23889C5@eris.apache.org>,chenpei
Mon Sep 24 22:07:05 2012,http://mail-archives.apache.org/mod_mbox/ctakes-commits/201209.mbox/<20120924220606.A39DE23889C5@eris.apache.org>,chenpei
Mon Sep 24 22:07:05 2012,http://mail-archives.apache.org/mod_mbox/ctakes-commits/201209.mbox/<20120924220606.A39DE23889C5@eris.apache.org>,chenpei
Mon Sep 24 22:07:05 2012,http://mail-archives.apache.org/mod_mbox/ctakes-commits/201209.mbox/<20120924220606.A39DE23889C5@eris.apache.org>,chenpei
Mon Sep 24 22:07:05 2012,http://mail-archives.apache.org/mod_mbox/ctakes-commits/201209.mbox/<20120924220606.A39DE23889C5@eris.apache.org>,chenpei
Mon Sep 24 22:07:05 2012,http://mail-archives.apache.org/mod_mbox/ctakes-commits/201209.mbox/<20120924220606.A39DE23889C5@eris.apache.org>,chenpei
Mon Sep 24 22:07:05 2012,http://mail-archives.apache.org/mod_mbox/ctakes-commits/201209.mbox/<20120924220606.A39DE23889C5@eris.apache.org>,chenpei
Mon Sep 24 22:07:05 2012,http://mail-archives.apache.org/mod_mbox/ctakes-commits/201209.mbox/<20120924220606.A39DE23889C5@eris.apache.org>,chenpei
Mon Sep 24 22:07:05 2012,http://mail-archives.apache.org/mod_mbox/ctakes-commits/201209.mbox/<20120924220606.A39DE23889C5@eris.apache.org>,chenpei
Mon Sep 24 22:07:05 2012,http://mail-archives.apache.org/mod_mbox/ctakes-commits/201209.mbox/<20120924220606.A39DE23889C5@eris.apache.org>,chenpei
Mon Sep 24 22:07:05 2012,http://mail-archives.apache.org/mod_mbox/ctakes-commits/201209.mbox/<20120924220606.A39DE23889C5@eris.apache.org>,chenpei
Mon Sep 24 22:07:05 2012,http://mail-archives.apache.org/mod_mbox/ctakes-commits/201209.mbox/<20120924220606.A39DE23889C5@eris.apache.org>,chenpei
Mon Sep 24 22:07:05 2012,http://mail-archives.apache.org/mod_mbox/ctakes-commits/201209.mbox/<20120924220606.A39DE23889C5@eris.apache.org>,chenpei
Mon Sep 24 22:07:05 2012,http://mail-archives.apache.org/mod_mbox/ctakes-commits/201209.mbox/<20120924220606.A39DE23889C5@eris.apache.org>,chenpei
Mon Sep 24 22:07:05 2012,http://mail-archives.apache.org/mod_mbox/ctakes-commits/201209.mbox/<20120924220606.A39DE23889C5@eris.apache.org>,chenpei
Mon Sep 24 22:07:05 2012,http://mail-archives.apache.org/mod_mbox/ctakes-commits/201209.mbox/<20120924220606.A39DE23889C5@eris.apache.org>,chenpei
Mon Sep 24 22:07:05 2012,http://mail-archives.apache.org/mod_mbox/ctakes-commits/201209.mbox/<20120924220606.A39DE23889C5@eris.apache.org>,chenpei
Mon Sep 24 22:07:05 2012,http://mail-archives.apache.org/mod_mbox/ctakes-commits/201209.mbox/<20120924220606.A39DE23889C5@eris.apache.org>,chenpei
Mon Sep 24 22:07:05 2012,http://mail-archives.apache.org/mod_mbox/ctakes-commits/201209.mbox/<20120924220606.A39DE23889C5@eris.apache.org>,chenpei
Mon Sep 24 22:07:05 2012,http://mail-archives.apache.org/mod_mbox/ctakes-commits/201209.mbox/<20120924220606.A39DE23889C5@eris.apache.org>,chenpei
Mon Sep 24 22:07:05 2012,http://mail-archives.apache.org/mod_mbox/ctakes-commits/201209.mbox/<20120924220606.A39DE23889C5@eris.apache.org>,chenpei
Mon Sep 24 22:07:05 2012,http://mail-archives.apache.org/mod_mbox/ctakes-commits/201209.mbox/<20120924220606.A39DE23889C5@eris.apache.org>,chenpei
Mon Sep 24 22:07:05 2012,http://mail-archives.apache.org/mod_mbox/ctakes-commits/201209.mbox/<20120924220606.A39DE23889C5@eris.apache.org>,chenpei
Mon Sep 24 22:07:05 2012,http://mail-archives.apache.org/mod_mbox/ctakes-commits/201209.mbox/<20120924220606.A39DE23889C5@eris.apache.org>,chenpei
Mon Sep 24 22:07:05 2012,http://mail-archives.apache.org/mod_mbox/ctakes-commits/201209.mbox/<20120924220606.A39DE23889C5@eris.apache.org>,chenpei
Mon Sep 24 22:07:05 2012,http://mail-archives.apache.org/mod_mbox/ctakes-commits/201209.mbox/<20120924220606.A39DE23889C5@eris.apache.org>,chenpei
Mon Sep 24 22:07:05 2012,http://mail-archives.apache.org/mod_mbox/ctakes-commits/201209.mbox/<20120924220606.A39DE23889C5@eris.apache.org>,chenpei
Mon Sep 24 22:07:05 2012,http://mail-archives.apache.org/mod_mbox/ctakes-commits/201209.mbox/<20120924220606.A39DE23889C5@eris.apache.org>,chenpei
Mon Sep 24 22:07:05 2012,http://mail-archives.apache.org/mod_mbox/ctakes-commits/201209.mbox/<20120924220606.A39DE23889C5@eris.apache.org>,chenpei
Mon Sep 24 22:07:05 2012,http://mail-archives.apache.org/mod_mbox/ctakes-commits/201209.mbox/<20120924220606.A39DE23889C5@eris.apache.org>,chenpei
Mon Sep 24 22:07:05 2012,http://mail-archives.apache.org/mod_mbox/ctakes-commits/201209.mbox/<20120924220606.A39DE23889C5@eris.apache.org>,chenpei
Mon Sep 24 22:07:05 2012,http://mail-archives.apache.org/mod_mbox/ctakes-commits/201209.mbox/<20120924220606.A39DE23889C5@eris.apache.org>,chenpei
Mon Sep 24 22:07:05 2012,http://mail-archives.apache.org/mod_mbox/ctakes-commits/201209.mbox/<20120924220606.A39DE23889C5@eris.apache.org>,chenpei
Mon Sep 24 22:07:05 2012,http://mail-archives.apache.org/mod_mbox/ctakes-commits/201209.mbox/<20120924220606.A39DE23889C5@eris.apache.org>,chenpei
Mon Sep 24 22:07:05 2012,http://mail-archives.apache.org/mod_mbox/ctakes-commits/201209.mbox/<20120924220606.A39DE23889C5@eris.apache.org>,chenpei
Mon Sep 24 22:07:05 2012,http://mail-archives.apache.org/mod_mbox/ctakes-commits/201209.mbox/<20120924220606.A39DE23889C5@eris.apache.org>,chenpei
Mon Sep 24 22:07:05 2012,http://mail-archives.apache.org/mod_mbox/ctakes-commits/201209.mbox/<20120924220606.A39DE23889C5@eris.apache.org>,chenpei
Mon Sep 24 22:07:05 2012,http://mail-archives.apache.org/mod_mbox/ctakes-commits/201209.mbox/<20120924220606.A39DE23889C5@eris.apache.org>,chenpei
Mon Sep 24 22:07:05 2012,http://mail-archives.apache.org/mod_mbox/ctakes-commits/201209.mbox/<20120924220606.A39DE23889C5@eris.apache.org>,chenpei
Mon Sep 24 22:07:05 2012,http://mail-archives.apache.org/mod_mbox/ctakes-commits/201209.mbox/<20120924220606.A39DE23889C5@eris.apache.org>,chenpei
Mon Sep 24 22:07:05 2012,http://mail-archives.apache.org/mod_mbox/ctakes-commits/201209.mbox/<20120924220606.A39DE23889C5@eris.apache.org>,chenpei
Mon Sep 24 22:07:05 2012,http://mail-archives.apache.org/mod_mbox/ctakes-commits/201209.mbox/<20120924220606.A39DE23889C5@eris.apache.org>,chenpei
Mon Sep 24 22:07:05 2012,http://mail-archives.apache.org/mod_mbox/ctakes-commits/201209.mbox/<20120924220606.A39DE23889C5@eris.apache.org>,chenpei
Mon Sep 24 22:07:05 2012,http://mail-archives.apache.org/mod_mbox/ctakes-commits/201209.mbox/<20120924220606.A39DE23889C5@eris.apache.org>,chenpei
Mon Sep 24 22:07:05 2012,http://mail-archives.apache.org/mod_mbox/ctakes-commits/201209.mbox/<20120924220606.A39DE23889C5@eris.apache.org>,chenpei
Mon Sep 24 22:07:05 2012,http://mail-archives.apache.org/mod_mbox/ctakes-commits/201209.mbox/<20120924220606.A39DE23889C5@eris.apache.org>,chenpei
Mon Sep 24 22:07:05 2012,http://mail-archives.apache.org/mod_mbox/ctakes-commits/201209.mbox/<20120924220606.A39DE23889C5@eris.apache.org>,chenpei
Mon Sep 24 22:07:05 2012,http://mail-archives.apache.org/mod_mbox/ctakes-commits/201209.mbox/<20120924220606.A39DE23889C5@eris.apache.org>,chenpei
Mon Sep 24 22:07:05 2012,http://mail-archives.apache.org/mod_mbox/ctakes-commits/201209.mbox/<20120924220606.A39DE23889C5@eris.apache.org>,chenpei
Mon Sep 24 22:07:05 2012,http://mail-archives.apache.org/mod_mbox/ctakes-commits/201209.mbox/<20120924220606.A39DE23889C5@eris.apache.org>,chenpei
Mon Sep 24 22:07:05 2012,http://mail-archives.apache.org/mod_mbox/ctakes-commits/201209.mbox/<20120924220606.A39DE23889C5@eris.apache.org>,chenpei
Mon Sep 24 22:07:05 2012,http://mail-archives.apache.org/mod_mbox/ctakes-commits/201209.mbox/<20120924220606.A39DE23889C5@eris.apache.org>,chenpei
Mon Sep 24 22:07:05 2012,http://mail-archives.apache.org/mod_mbox/ctakes-commits/201209.mbox/<20120924220606.A39DE23889C5@eris.apache.org>,chenpei
Mon Sep 24 22:07:05 2012,http://mail-archives.apache.org/mod_mbox/ctakes-commits/201209.mbox/<20120924220606.A39DE23889C5@eris.apache.org>,chenpei
Mon Sep 24 22:07:05 2012,http://mail-archives.apache.org/mod_mbox/ctakes-commits/201209.mbox/<20120924220606.A39DE23889C5@eris.apache.org>,chenpei
Mon Sep 24 22:07:05 2012,http://mail-archives.apache.org/mod_mbox/ctakes-commits/201209.mbox/<20120924220606.A39DE23889C5@eris.apache.org>,chenpei
Mon Sep 24 22:07:05 2012,http://mail-archives.apache.org/mod_mbox/ctakes-commits/201209.mbox/<20120924220606.A39DE23889C5@eris.apache.org>,chenpei
Mon Sep 24 22:07:05 2012,http://mail-archives.apache.org/mod_mbox/ctakes-commits/201209.mbox/<20120924220606.A39DE23889C5@eris.apache.org>,chenpei
Mon Sep 24 22:07:05 2012,http://mail-archives.apache.org/mod_mbox/ctakes-commits/201209.mbox/<20120924220606.A39DE23889C5@eris.apache.org>,chenpei
Mon Sep 24 22:07:05 2012,http://mail-archives.apache.org/mod_mbox/ctakes-commits/201209.mbox/<20120924220606.A39DE23889C5@eris.apache.org>,chenpei
Mon Sep 24 22:07:05 2012,http://mail-archives.apache.org/mod_mbox/ctakes-commits/201209.mbox/<20120924220606.A39DE23889C5@eris.apache.org>,chenpei
Mon Sep 24 22:07:05 2012,http://mail-archives.apache.org/mod_mbox/ctakes-commits/201209.mbox/<20120924220606.A39DE23889C5@eris.apache.org>,chenpei
Mon Sep 24 22:07:05 2012,http://mail-archives.apache.org/mod_mbox/ctakes-commits/201209.mbox/<20120924220606.A39DE23889C5@eris.apache.org>,chenpei
Mon Sep 24 22:07:05 2012,http://mail-archives.apache.org/mod_mbox/ctakes-commits/201209.mbox/<20120924220606.A39DE23889C5@eris.apache.org>,chenpei
Mon Sep 24 22:07:05 2012,http://mail-archives.apache.org/mod_mbox/ctakes-commits/201209.mbox/<20120924220606.A39DE23889C5@eris.apache.org>,chenpei
Mon Sep 24 22:07:05 2012,http://mail-archives.apache.org/mod_mbox/ctakes-commits/201209.mbox/<20120924220606.A39DE23889C5@eris.apache.org>,chenpei
Mon Sep 24 22:07:05 2012,http://mail-archives.apache.org/mod_mbox/ctakes-commits/201209.mbox/<20120924220606.A39DE23889C5@eris.apache.org>,chenpei
Mon Sep 24 22:07:05 2012,http://mail-archives.apache.org/mod_mbox/ctakes-commits/201209.mbox/<20120924220606.A39DE23889C5@eris.apache.org>,chenpei
Mon Sep 24 22:07:05 2012,http://mail-archives.apache.org/mod_mbox/ctakes-commits/201209.mbox/<20120924220606.A39DE23889C5@eris.apache.org>,chenpei
Mon Sep 24 22:07:05 2012,http://mail-archives.apache.org/mod_mbox/ctakes-commits/201209.mbox/<20120924220606.A39DE23889C5@eris.apache.org>,chenpei
Mon Sep 24 22:07:05 2012,http://mail-archives.apache.org/mod_mbox/ctakes-commits/201209.mbox/<20120924220606.A39DE23889C5@eris.apache.org>,chenpei
Mon Sep 24 22:07:05 2012,http://mail-archives.apache.org/mod_mbox/ctakes-commits/201209.mbox/<20120924220606.A39DE23889C5@eris.apache.org>,chenpei
Mon Sep 24 22:07:05 2012,http://mail-archives.apache.org/mod_mbox/ctakes-commits/201209.mbox/<20120924220606.A39DE23889C5@eris.apache.org>,chenpei
Mon Sep 24 22:07:05 2012,http://mail-archives.apache.org/mod_mbox/ctakes-commits/201209.mbox/<20120924220606.A39DE23889C5@eris.apache.org>,chenpei
Mon Sep 24 22:07:05 2012,http://mail-archives.apache.org/mod_mbox/ctakes-commits/201209.mbox/<20120924220606.A39DE23889C5@eris.apache.org>,chenpei
Mon Sep 24 22:07:05 2012,http://mail-archives.apache.org/mod_mbox/ctakes-commits/201209.mbox/<20120924220606.A39DE23889C5@eris.apache.org>,chenpei
Mon Sep 24 22:07:05 2012,http://mail-archives.apache.org/mod_mbox/ctakes-commits/201209.mbox/<20120924220606.A39DE23889C5@eris.apache.org>,chenpei
Mon Sep 24 22:07:05 2012,http://mail-archives.apache.org/mod_mbox/ctakes-commits/201209.mbox/<20120924220606.A39DE23889C5@eris.apache.org>,chenpei
Mon Sep 24 22:07:05 2012,http://mail-archives.apache.org/mod_mbox/ctakes-commits/201209.mbox/<20120924220606.A39DE23889C5@eris.apache.org>,chenpei
Mon Sep 24 22:07:05 2012,http://mail-archives.apache.org/mod_mbox/ctakes-commits/201209.mbox/<20120924220606.A39DE23889C5@eris.apache.org>,chenpei
Mon Sep 24 22:07:05 2012,http://mail-archives.apache.org/mod_mbox/ctakes-commits/201209.mbox/<20120924220606.A39DE23889C5@eris.apache.org>,chenpei
Mon Sep 24 22:07:05 2012,http://mail-archives.apache.org/mod_mbox/ctakes-commits/201209.mbox/<20120924220606.A39DE23889C5@eris.apache.org>,chenpei
Mon Sep 24 22:07:05 2012,http://mail-archives.apache.org/mod_mbox/ctakes-commits/201209.mbox/<20120924220606.A39DE23889C5@eris.apache.org>,chenpei
Mon Sep 24 22:07:05 2012,http://mail-archives.apache.org/mod_mbox/ctakes-commits/201209.mbox/<20120924220606.A39DE23889C5@eris.apache.org>,chenpei
Mon Sep 24 22:07:05 2012,http://mail-archives.apache.org/mod_mbox/ctakes-commits/201209.mbox/<20120924220606.A39DE23889C5@eris.apache.org>,chenpei
Mon Sep 24 22:07:05 2012,http://mail-archives.apache.org/mod_mbox/ctakes-commits/201209.mbox/<20120924220606.A39DE23889C5@eris.apache.org>,chenpei
Mon Sep 24 22:07:05 2012,http://mail-archives.apache.org/mod_mbox/ctakes-commits/201209.mbox/<20120924220606.A39DE23889C5@eris.apache.org>,chenpei
Mon Sep 24 22:07:05 2012,http://mail-archives.apache.org/mod_mbox/ctakes-commits/201209.mbox/<20120924220606.A39DE23889C5@eris.apache.org>,chenpei
Mon Sep 24 22:07:05 2012,http://mail-archives.apache.org/mod_mbox/ctakes-commits/201209.mbox/<20120924220606.A39DE23889C5@eris.apache.org>,chenpei
Mon Sep 24 22:07:05 2012,http://mail-archives.apache.org/mod_mbox/ctakes-commits/201209.mbox/<20120924220606.A39DE23889C5@eris.apache.org>,chenpei
Mon Sep 24 22:07:05 2012,http://mail-archives.apache.org/mod_mbox/ctakes-commits/201209.mbox/<20120924220606.A39DE23889C5@eris.apache.org>,chenpei
Mon Sep 24 22:07:05 2012,http://mail-archives.apache.org/mod_mbox/ctakes-commits/201209.mbox/<20120924220606.A39DE23889C5@eris.apache.org>,chenpei
Mon Sep 24 22:07:05 2012,http://mail-archives.apache.org/mod_mbox/ctakes-commits/201209.mbox/<20120924220606.A39DE23889C5@eris.apache.org>,chenpei
Mon Sep 24 22:07:05 2012,http://mail-archives.apache.org/mod_mbox/ctakes-commits/201209.mbox/<20120924220606.A39DE23889C5@eris.apache.org>,chenpei
Mon Sep 24 22:07:05 2012,http://mail-archives.apache.org/mod_mbox/ctakes-commits/201209.mbox/<20120924220606.A39DE23889C5@eris.apache.org>,chenpei
Mon Sep 24 22:07:05 2012,http://mail-archives.apache.org/mod_mbox/ctakes-commits/201209.mbox/<20120924220606.A39DE23889C5@eris.apache.org>,chenpei
Mon Sep 24 22:07:05 2012,http://mail-archives.apache.org/mod_mbox/ctakes-commits/201209.mbox/<20120924220606.A39DE23889C5@eris.apache.org>,chenpei
Mon Sep 24 22:07:05 2012,http://mail-archives.apache.org/mod_mbox/ctakes-commits/201209.mbox/<20120924220606.A39DE23889C5@eris.apache.org>,chenpei
Mon Sep 24 22:07:05 2012,http://mail-archives.apache.org/mod_mbox/ctakes-commits/201209.mbox/<20120924220606.A39DE23889C5@eris.apache.org>,chenpei
Mon Sep 24 22:07:05 2012,http://mail-archives.apache.org/mod_mbox/ctakes-commits/201209.mbox/<20120924220606.A39DE23889C5@eris.apache.org>,chenpei
Mon Sep 24 22:07:05 2012,http://mail-archives.apache.org/mod_mbox/ctakes-commits/201209.mbox/<20120924220606.A39DE23889C5@eris.apache.org>,chenpei
Mon Sep 24 22:07:05 2012,http://mail-archives.apache.org/mod_mbox/ctakes-commits/201209.mbox/<20120924220606.A39DE23889C5@eris.apache.org>,chenpei
Mon Sep 24 22:07:05 2012,http://mail-archives.apache.org/mod_mbox/ctakes-commits/201209.mbox/<20120924220606.A39DE23889C5@eris.apache.org>,chenpei
Mon Sep 24 22:07:05 2012,http://mail-archives.apache.org/mod_mbox/ctakes-commits/201209.mbox/<20120924220606.A39DE23889C5@eris.apache.org>,chenpei
Mon Sep 24 22:07:05 2012,http://mail-archives.apache.org/mod_mbox/ctakes-commits/201209.mbox/<20120924220606.A39DE23889C5@eris.apache.org>,chenpei
Mon Sep 24 22:07:05 2012,http://mail-archives.apache.org/mod_mbox/ctakes-commits/201209.mbox/<20120924220606.A39DE23889C5@eris.apache.org>,chenpei
Mon Sep 24 22:07:05 2012,http://mail-archives.apache.org/mod_mbox/ctakes-commits/201209.mbox/<20120924220606.A39DE23889C5@eris.apache.org>,chenpei
Mon Sep 24 22:07:05 2012,http://mail-archives.apache.org/mod_mbox/ctakes-commits/201209.mbox/<20120924220606.A39DE23889C5@eris.apache.org>,chenpei
Mon Sep 24 22:07:05 2012,http://mail-archives.apache.org/mod_mbox/ctakes-commits/201209.mbox/<20120924220606.A39DE23889C5@eris.apache.org>,chenpei
Mon Sep 24 22:07:05 2012,http://mail-archives.apache.org/mod_mbox/ctakes-commits/201209.mbox/<20120924220606.A39DE23889C5@eris.apache.org>,chenpei
Mon Sep 24 22:07:05 2012,http://mail-archives.apache.org/mod_mbox/ctakes-commits/201209.mbox/<20120924220606.A39DE23889C5@eris.apache.org>,chenpei
Mon Sep 24 22:07:05 2012,http://mail-archives.apache.org/mod_mbox/ctakes-commits/201209.mbox/<20120924220606.A39DE23889C5@eris.apache.org>,chenpei
Mon Sep 24 22:07:05 2012,http://mail-archives.apache.org/mod_mbox/ctakes-commits/201209.mbox/<20120924220606.A39DE23889C5@eris.apache.org>,chenpei
Mon Sep 24 22:07:05 2012,http://mail-archives.apache.org/mod_mbox/ctakes-commits/201209.mbox/<20120924220606.A39DE23889C5@eris.apache.org>,chenpei
Mon Sep 24 22:07:05 2012,http://mail-archives.apache.org/mod_mbox/ctakes-commits/201209.mbox/<20120924220606.A39DE23889C5@eris.apache.org>,chenpei
Mon Sep 24 22:07:05 2012,http://mail-archives.apache.org/mod_mbox/ctakes-commits/201209.mbox/<20120924220606.A39DE23889C5@eris.apache.org>,chenpei
Mon Sep 24 22:07:05 2012,http://mail-archives.apache.org/mod_mbox/ctakes-commits/201209.mbox/<20120924220606.A39DE23889C5@eris.apache.org>,chenpei
Mon Sep 24 22:07:05 2012,http://mail-archives.apache.org/mod_mbox/ctakes-commits/201209.mbox/<20120924220606.A39DE23889C5@eris.apache.org>,chenpei
Mon Sep 24 22:07:05 2012,http://mail-archives.apache.org/mod_mbox/ctakes-commits/201209.mbox/<20120924220606.A39DE23889C5@eris.apache.org>,chenpei
Mon Sep 24 22:07:05 2012,http://mail-archives.apache.org/mod_mbox/ctakes-commits/201209.mbox/<20120924220606.A39DE23889C5@eris.apache.org>,chenpei
Mon Sep 24 22:07:05 2012,http://mail-archives.apache.org/mod_mbox/ctakes-commits/201209.mbox/<20120924220606.A39DE23889C5@eris.apache.org>,chenpei
Mon Sep 24 22:07:05 2012,http://mail-archives.apache.org/mod_mbox/ctakes-commits/201209.mbox/<20120924220606.A39DE23889C5@eris.apache.org>,chenpei
Mon Sep 24 22:07:05 2012,http://mail-archives.apache.org/mod_mbox/ctakes-commits/201209.mbox/<20120924220606.A39DE23889C5@eris.apache.org>,chenpei
Mon Sep 24 22:07:05 2012,http://mail-archives.apache.org/mod_mbox/ctakes-commits/201209.mbox/<20120924220606.A39DE23889C5@eris.apache.org>,chenpei
Mon Sep 24 22:07:05 2012,http://mail-archives.apache.org/mod_mbox/ctakes-commits/201209.mbox/<20120924220606.A39DE23889C5@eris.apache.org>,chenpei
Mon Sep 24 22:07:05 2012,http://mail-archives.apache.org/mod_mbox/ctakes-commits/201209.mbox/<20120924220606.A39DE23889C5@eris.apache.org>,chenpei
Mon Sep 24 22:07:05 2012,http://mail-archives.apache.org/mod_mbox/ctakes-commits/201209.mbox/<20120924220606.A39DE23889C5@eris.apache.org>,chenpei
Mon Sep 24 22:07:05 2012,http://mail-archives.apache.org/mod_mbox/ctakes-commits/201209.mbox/<20120924220606.A39DE23889C5@eris.apache.org>,chenpei
Mon Sep 24 22:07:05 2012,http://mail-archives.apache.org/mod_mbox/ctakes-commits/201209.mbox/<20120924220606.A39DE23889C5@eris.apache.org>,chenpei
Mon Sep 24 22:07:05 2012,http://mail-archives.apache.org/mod_mbox/ctakes-commits/201209.mbox/<20120924220606.A39DE23889C5@eris.apache.org>,chenpei
Mon Sep 24 22:07:05 2012,http://mail-archives.apache.org/mod_mbox/ctakes-commits/201209.mbox/<20120924220606.A39DE23889C5@eris.apache.org>,chenpei
Mon Sep 24 22:07:05 2012,http://mail-archives.apache.org/mod_mbox/ctakes-commits/201209.mbox/<20120924220606.A39DE23889C5@eris.apache.org>,chenpei
Mon Sep 24 22:07:05 2012,http://mail-archives.apache.org/mod_mbox/ctakes-commits/201209.mbox/<20120924220606.A39DE23889C5@eris.apache.org>,chenpei
Mon Sep 24 22:07:05 2012,http://mail-archives.apache.org/mod_mbox/ctakes-commits/201209.mbox/<20120924220606.A39DE23889C5@eris.apache.org>,chenpei
Mon Sep 24 22:07:05 2012,http://mail-archives.apache.org/mod_mbox/ctakes-commits/201209.mbox/<20120924220606.A39DE23889C5@eris.apache.org>,chenpei
Mon Sep 24 22:07:05 2012,http://mail-archives.apache.org/mod_mbox/ctakes-commits/201209.mbox/<20120924220606.A39DE23889C5@eris.apache.org>,chenpei
Mon Sep 24 22:07:05 2012,http://mail-archives.apache.org/mod_mbox/ctakes-commits/201209.mbox/<20120924220606.A39DE23889C5@eris.apache.org>,chenpei
Mon Sep 24 22:07:05 2012,http://mail-archives.apache.org/mod_mbox/ctakes-commits/201209.mbox/<20120924220606.A39DE23889C5@eris.apache.org>,chenpei
Mon Sep 24 22:07:05 2012,http://mail-archives.apache.org/mod_mbox/ctakes-commits/201209.mbox/<20120924220606.A39DE23889C5@eris.apache.org>,chenpei
Mon Sep 24 22:07:05 2012,http://mail-archives.apache.org/mod_mbox/ctakes-commits/201209.mbox/<20120924220606.A39DE23889C5@eris.apache.org>,chenpei
Mon Sep 24 22:07:05 2012,http://mail-archives.apache.org/mod_mbox/ctakes-commits/201209.mbox/<20120924220606.A39DE23889C5@eris.apache.org>,chenpei
Mon Sep 24 22:07:05 2012,http://mail-archives.apache.org/mod_mbox/ctakes-commits/201209.mbox/<20120924220606.A39DE23889C5@eris.apache.org>,chenpei
Mon Sep 24 22:07:05 2012,http://mail-archives.apache.org/mod_mbox/ctakes-commits/201209.mbox/<20120924220606.A39DE23889C5@eris.apache.org>,chenpei
Mon Sep 24 22:07:05 2012,http://mail-archives.apache.org/mod_mbox/ctakes-commits/201209.mbox/<20120924220606.A39DE23889C5@eris.apache.org>,chenpei
Mon Sep 24 22:07:05 2012,http://mail-archives.apache.org/mod_mbox/ctakes-commits/201209.mbox/<20120924220606.A39DE23889C5@eris.apache.org>,chenpei
Mon Sep 24 22:07:05 2012,http://mail-archives.apache.org/mod_mbox/ctakes-commits/201209.mbox/<20120924220606.A39DE23889C5@eris.apache.org>,chenpei
Mon Sep 24 22:07:05 2012,http://mail-archives.apache.org/mod_mbox/ctakes-commits/201209.mbox/<20120924220606.A39DE23889C5@eris.apache.org>,chenpei
Mon Sep 24 22:07:05 2012,http://mail-archives.apache.org/mod_mbox/ctakes-commits/201209.mbox/<20120924220606.A39DE23889C5@eris.apache.org>,chenpei
Mon Sep 24 22:07:05 2012,http://mail-archives.apache.org/mod_mbox/ctakes-commits/201209.mbox/<20120924220606.A39DE23889C5@eris.apache.org>,chenpei
Mon Sep 24 22:07:05 2012,http://mail-archives.apache.org/mod_mbox/ctakes-commits/201209.mbox/<20120924220606.A39DE23889C5@eris.apache.org>,chenpei
Mon Sep 24 22:07:05 2012,http://mail-archives.apache.org/mod_mbox/ctakes-commits/201209.mbox/<20120924220606.A39DE23889C5@eris.apache.org>,chenpei
Mon Sep 24 22:07:05 2012,http://mail-archives.apache.org/mod_mbox/ctakes-commits/201209.mbox/<20120924220606.A39DE23889C5@eris.apache.org>,chenpei
Mon Sep 24 22:07:05 2012,http://mail-archives.apache.org/mod_mbox/ctakes-commits/201209.mbox/<20120924220606.A39DE23889C5@eris.apache.org>,chenpei
Mon Sep 24 22:07:05 2012,http://mail-archives.apache.org/mod_mbox/ctakes-commits/201209.mbox/<20120924220606.A39DE23889C5@eris.apache.org>,chenpei
Mon Sep 24 22:07:05 2012,http://mail-archives.apache.org/mod_mbox/ctakes-commits/201209.mbox/<20120924220606.A39DE23889C5@eris.apache.org>,chenpei
Mon Sep 24 22:07:05 2012,http://mail-archives.apache.org/mod_mbox/ctakes-commits/201209.mbox/<20120924220606.A39DE23889C5@eris.apache.org>,chenpei
Mon Sep 24 22:07:05 2012,http://mail-archives.apache.org/mod_mbox/ctakes-commits/201209.mbox/<20120924220606.A39DE23889C5@eris.apache.org>,chenpei
Mon Sep 24 22:07:05 2012,http://mail-archives.apache.org/mod_mbox/ctakes-commits/201209.mbox/<20120924220606.A39DE23889C5@eris.apache.org>,chenpei
Mon Sep 24 22:07:05 2012,http://mail-archives.apache.org/mod_mbox/ctakes-commits/201209.mbox/<20120924220606.A39DE23889C5@eris.apache.org>,chenpei
Mon Sep 24 22:07:05 2012,http://mail-archives.apache.org/mod_mbox/ctakes-commits/201209.mbox/<20120924220606.A39DE23889C5@eris.apache.org>,chenpei
Mon Sep 24 22:07:05 2012,http://mail-archives.apache.org/mod_mbox/ctakes-commits/201209.mbox/<20120924220606.A39DE23889C5@eris.apache.org>,chenpei
Mon Sep 24 22:07:05 2012,http://mail-archives.apache.org/mod_mbox/ctakes-commits/201209.mbox/<20120924220606.A39DE23889C5@eris.apache.org>,chenpei
Mon Sep 24 22:07:05 2012,http://mail-archives.apache.org/mod_mbox/ctakes-commits/201209.mbox/<20120924220606.A39DE23889C5@eris.apache.org>,chenpei
Mon Sep 24 22:07:05 2012,http://mail-archives.apache.org/mod_mbox/ctakes-commits/201209.mbox/<20120924220606.A39DE23889C5@eris.apache.org>,chenpei
Mon Sep 24 22:07:05 2012,http://mail-archives.apache.org/mod_mbox/ctakes-commits/201209.mbox/<20120924220606.A39DE23889C5@eris.apache.org>,chenpei
Mon Sep 24 22:07:05 2012,http://mail-archives.apache.org/mod_mbox/ctakes-commits/201209.mbox/<20120924220606.A39DE23889C5@eris.apache.org>,chenpei
Mon Sep 24 22:07:05 2012,http://mail-archives.apache.org/mod_mbox/ctakes-commits/201209.mbox/<20120924220606.A39DE23889C5@eris.apache.org>,chenpei
Mon Sep 24 22:07:05 2012,http://mail-archives.apache.org/mod_mbox/ctakes-commits/201209.mbox/<20120924220606.A39DE23889C5@eris.apache.org>,chenpei
Mon Sep 24 22:07:05 2012,http://mail-archives.apache.org/mod_mbox/ctakes-commits/201209.mbox/<20120924220606.A39DE23889C5@eris.apache.org>,chenpei
Mon Sep 24 22:07:05 2012,http://mail-archives.apache.org/mod_mbox/ctakes-commits/201209.mbox/<20120924220606.A39DE23889C5@eris.apache.org>,chenpei
Mon Sep 24 22:07:05 2012,http://mail-archives.apache.org/mod_mbox/ctakes-commits/201209.mbox/<20120924220606.A39DE23889C5@eris.apache.org>,chenpei
Mon Sep 24 22:07:05 2012,http://mail-archives.apache.org/mod_mbox/ctakes-commits/201209.mbox/<20120924220606.A39DE23889C5@eris.apache.org>,chenpei
Mon Sep 24 22:07:05 2012,http://mail-archives.apache.org/mod_mbox/ctakes-commits/201209.mbox/<20120924220606.A39DE23889C5@eris.apache.org>,chenpei
Mon Sep 24 22:07:05 2012,http://mail-archives.apache.org/mod_mbox/ctakes-commits/201209.mbox/<20120924220606.A39DE23889C5@eris.apache.org>,chenpei
Mon Sep 24 22:07:05 2012,http://mail-archives.apache.org/mod_mbox/ctakes-commits/201209.mbox/<20120924220606.A39DE23889C5@eris.apache.org>,chenpei
Mon Sep 24 22:07:05 2012,http://mail-archives.apache.org/mod_mbox/ctakes-commits/201209.mbox/<20120924220606.A39DE23889C5@eris.apache.org>,chenpei
Mon Sep 24 22:07:05 2012,http://mail-archives.apache.org/mod_mbox/ctakes-commits/201209.mbox/<20120924220606.A39DE23889C5@eris.apache.org>,chenpei
Mon Sep 24 22:07:05 2012,http://mail-archives.apache.org/mod_mbox/ctakes-commits/201209.mbox/<20120924220606.A39DE23889C5@eris.apache.org>,chenpei
Mon Sep 24 22:07:05 2012,http://mail-archives.apache.org/mod_mbox/ctakes-commits/201209.mbox/<20120924220606.A39DE23889C5@eris.apache.org>,chenpei
Mon Sep 24 22:07:05 2012,http://mail-archives.apache.org/mod_mbox/ctakes-commits/201209.mbox/<20120924220606.A39DE23889C5@eris.apache.org>,chenpei
Mon Sep 24 22:07:05 2012,http://mail-archives.apache.org/mod_mbox/ctakes-commits/201209.mbox/<20120924220606.A39DE23889C5@eris.apache.org>,chenpei
Mon Sep 24 22:07:05 2012,http://mail-archives.apache.org/mod_mbox/ctakes-commits/201209.mbox/<20120924220606.A39DE23889C5@eris.apache.org>,chenpei
Mon Sep 24 22:07:05 2012,http://mail-archives.apache.org/mod_mbox/ctakes-commits/201209.mbox/<20120924220606.A39DE23889C5@eris.apache.org>,chenpei
Mon Sep 24 22:07:05 2012,http://mail-archives.apache.org/mod_mbox/ctakes-commits/201209.mbox/<20120924220606.A39DE23889C5@eris.apache.org>,chenpei
Mon Sep 24 22:07:05 2012,http://mail-archives.apache.org/mod_mbox/ctakes-commits/201209.mbox/<20120924220606.A39DE23889C5@eris.apache.org>,chenpei
Mon Sep 24 22:07:05 2012,http://mail-archives.apache.org/mod_mbox/ctakes-commits/201209.mbox/<20120924220606.A39DE23889C5@eris.apache.org>,chenpei
Mon Sep 24 22:07:05 2012,http://mail-archives.apache.org/mod_mbox/ctakes-commits/201209.mbox/<20120924220606.A39DE23889C5@eris.apache.org>,chenpei
Mon Sep 24 22:07:05 2012,http://mail-archives.apache.org/mod_mbox/ctakes-commits/201209.mbox/<20120924220606.A39DE23889C5@eris.apache.org>,chenpei
Mon Sep 24 22:07:05 2012,http://mail-archives.apache.org/mod_mbox/ctakes-commits/201209.mbox/<20120924220606.A39DE23889C5@eris.apache.org>,chenpei
Mon Sep 24 22:07:05 2012,http://mail-archives.apache.org/mod_mbox/ctakes-commits/201209.mbox/<20120924220606.A39DE23889C5@eris.apache.org>,chenpei
Mon Sep 24 22:07:05 2012,http://mail-archives.apache.org/mod_mbox/ctakes-commits/201209.mbox/<20120924220606.A39DE23889C5@eris.apache.org>,chenpei
Mon Sep 24 22:07:05 2012,http://mail-archives.apache.org/mod_mbox/ctakes-commits/201209.mbox/<20120924220606.A39DE23889C5@eris.apache.org>,chenpei
Mon Sep 24 22:07:05 2012,http://mail-archives.apache.org/mod_mbox/ctakes-commits/201209.mbox/<20120924220606.A39DE23889C5@eris.apache.org>,chenpei
Mon Sep 24 22:07:05 2012,http://mail-archives.apache.org/mod_mbox/ctakes-commits/201209.mbox/<20120924220606.A39DE23889C5@eris.apache.org>,chenpei
Mon Sep 24 22:07:05 2012,http://mail-archives.apache.org/mod_mbox/ctakes-commits/201209.mbox/<20120924220606.A39DE23889C5@eris.apache.org>,chenpei
Mon Sep 24 22:07:05 2012,http://mail-archives.apache.org/mod_mbox/ctakes-commits/201209.mbox/<20120924220606.A39DE23889C5@eris.apache.org>,chenpei
Mon Sep 24 22:07:05 2012,http://mail-archives.apache.org/mod_mbox/ctakes-commits/201209.mbox/<20120924220606.A39DE23889C5@eris.apache.org>,chenpei
Mon Sep 24 22:07:05 2012,http://mail-archives.apache.org/mod_mbox/ctakes-commits/201209.mbox/<20120924220606.A39DE23889C5@eris.apache.org>,chenpei
Mon Sep 24 22:07:05 2012,http://mail-archives.apache.org/mod_mbox/ctakes-commits/201209.mbox/<20120924220606.A39DE23889C5@eris.apache.org>,chenpei
Mon Sep 24 22:07:05 2012,http://mail-archives.apache.org/mod_mbox/ctakes-commits/201209.mbox/<20120924220606.A39DE23889C5@eris.apache.org>,chenpei
Mon Sep 24 22:07:05 2012,http://mail-archives.apache.org/mod_mbox/ctakes-commits/201209.mbox/<20120924220606.A39DE23889C5@eris.apache.org>,chenpei
Mon Sep 24 22:07:05 2012,http://mail-archives.apache.org/mod_mbox/ctakes-commits/201209.mbox/<20120924220606.A39DE23889C5@eris.apache.org>,chenpei
Mon Sep 24 22:07:05 2012,http://mail-archives.apache.org/mod_mbox/ctakes-commits/201209.mbox/<20120924220606.A39DE23889C5@eris.apache.org>,chenpei
Mon Sep 24 22:07:05 2012,http://mail-archives.apache.org/mod_mbox/ctakes-commits/201209.mbox/<20120924220606.A39DE23889C5@eris.apache.org>,chenpei
Mon Sep 24 22:07:05 2012,http://mail-archives.apache.org/mod_mbox/ctakes-commits/201209.mbox/<20120924220606.A39DE23889C5@eris.apache.org>,chenpei
Mon Sep 24 22:07:05 2012,http://mail-archives.apache.org/mod_mbox/ctakes-commits/201209.mbox/<20120924220606.A39DE23889C5@eris.apache.org>,chenpei
Mon Sep 24 22:07:05 2012,http://mail-archives.apache.org/mod_mbox/ctakes-commits/201209.mbox/<20120924220606.A39DE23889C5@eris.apache.org>,chenpei
Mon Sep 24 22:07:05 2012,http://mail-archives.apache.org/mod_mbox/ctakes-commits/201209.mbox/<20120924220606.A39DE23889C5@eris.apache.org>,chenpei
Mon Sep 24 22:07:05 2012,http://mail-archives.apache.org/mod_mbox/ctakes-commits/201209.mbox/<20120924220606.A39DE23889C5@eris.apache.org>,chenpei
Mon Sep 24 22:07:05 2012,http://mail-archives.apache.org/mod_mbox/ctakes-commits/201209.mbox/<20120924220606.A39DE23889C5@eris.apache.org>,chenpei
Mon Sep 24 22:07:05 2012,http://mail-archives.apache.org/mod_mbox/ctakes-commits/201209.mbox/<20120924220606.A39DE23889C5@eris.apache.org>,chenpei
Mon Sep 24 22:07:05 2012,http://mail-archives.apache.org/mod_mbox/ctakes-commits/201209.mbox/<20120924220606.A39DE23889C5@eris.apache.org>,chenpei
Mon Sep 24 22:07:05 2012,http://mail-archives.apache.org/mod_mbox/ctakes-commits/201209.mbox/<20120924220606.A39DE23889C5@eris.apache.org>,chenpei
Mon Sep 24 22:07:05 2012,http://mail-archives.apache.org/mod_mbox/ctakes-commits/201209.mbox/<20120924220606.A39DE23889C5@eris.apache.org>,chenpei
Mon Sep 24 22:07:05 2012,http://mail-archives.apache.org/mod_mbox/ctakes-commits/201209.mbox/<20120924220606.A39DE23889C5@eris.apache.org>,chenpei
Mon Sep 24 22:07:05 2012,http://mail-archives.apache.org/mod_mbox/ctakes-commits/201209.mbox/<20120924220606.A39DE23889C5@eris.apache.org>,chenpei
Mon Sep 24 22:07:05 2012,http://mail-archives.apache.org/mod_mbox/ctakes-commits/201209.mbox/<20120924220606.A39DE23889C5@eris.apache.org>,chenpei
Mon Sep 24 22:07:05 2012,http://mail-archives.apache.org/mod_mbox/ctakes-commits/201209.mbox/<20120924220606.A39DE23889C5@eris.apache.org>,chenpei
Mon Sep 24 22:07:05 2012,http://mail-archives.apache.org/mod_mbox/ctakes-commits/201209.mbox/<20120924220606.A39DE23889C5@eris.apache.org>,chenpei
Mon Sep 24 22:07:05 2012,http://mail-archives.apache.org/mod_mbox/ctakes-commits/201209.mbox/<20120924220606.A39DE23889C5@eris.apache.org>,chenpei
Mon Sep 24 22:07:05 2012,http://mail-archives.apache.org/mod_mbox/ctakes-commits/201209.mbox/<20120924220606.A39DE23889C5@eris.apache.org>,chenpei
Mon Sep 24 22:07:05 2012,http://mail-archives.apache.org/mod_mbox/ctakes-commits/201209.mbox/<20120924220606.A39DE23889C5@eris.apache.org>,chenpei
Mon Sep 24 22:07:05 2012,http://mail-archives.apache.org/mod_mbox/ctakes-commits/201209.mbox/<20120924220606.A39DE23889C5@eris.apache.org>,chenpei
Mon Sep 24 22:07:05 2012,http://mail-archives.apache.org/mod_mbox/ctakes-commits/201209.mbox/<20120924220606.A39DE23889C5@eris.apache.org>,chenpei
Mon Sep 24 22:07:05 2012,http://mail-archives.apache.org/mod_mbox/ctakes-commits/201209.mbox/<20120924220606.A39DE23889C5@eris.apache.org>,chenpei
Mon Sep 24 22:07:05 2012,http://mail-archives.apache.org/mod_mbox/ctakes-commits/201209.mbox/<20120924220606.A39DE23889C5@eris.apache.org>,chenpei
Mon Sep 24 22:07:05 2012,http://mail-archives.apache.org/mod_mbox/ctakes-commits/201209.mbox/<20120924220606.A39DE23889C5@eris.apache.org>,chenpei
Mon Sep 24 22:07:05 2012,http://mail-archives.apache.org/mod_mbox/ctakes-commits/201209.mbox/<20120924220606.A39DE23889C5@eris.apache.org>,chenpei
Mon Sep 24 22:07:05 2012,http://mail-archives.apache.org/mod_mbox/ctakes-commits/201209.mbox/<20120924220606.A39DE23889C5@eris.apache.org>,chenpei
Mon Sep 24 22:07:05 2012,http://mail-archives.apache.org/mod_mbox/ctakes-commits/201209.mbox/<20120924220606.A39DE23889C5@eris.apache.org>,chenpei
Mon Sep 24 22:07:05 2012,http://mail-archives.apache.org/mod_mbox/ctakes-commits/201209.mbox/<20120924220606.A39DE23889C5@eris.apache.org>,chenpei
Mon Sep 24 22:07:05 2012,http://mail-archives.apache.org/mod_mbox/ctakes-commits/201209.mbox/<20120924220606.A39DE23889C5@eris.apache.org>,chenpei
Mon Sep 24 22:07:05 2012,http://mail-archives.apache.org/mod_mbox/ctakes-commits/201209.mbox/<20120924220606.A39DE23889C5@eris.apache.org>,chenpei
Mon Sep 24 22:07:05 2012,http://mail-archives.apache.org/mod_mbox/ctakes-commits/201209.mbox/<20120924220606.A39DE23889C5@eris.apache.org>,chenpei
Mon Sep 24 22:07:05 2012,http://mail-archives.apache.org/mod_mbox/ctakes-commits/201209.mbox/<20120924220606.A39DE23889C5@eris.apache.org>,chenpei
Mon Sep 24 22:07:05 2012,http://mail-archives.apache.org/mod_mbox/ctakes-commits/201209.mbox/<20120924220606.A39DE23889C5@eris.apache.org>,chenpei
Mon Sep 24 22:07:05 2012,http://mail-archives.apache.org/mod_mbox/ctakes-commits/201209.mbox/<20120924220606.A39DE23889C5@eris.apache.org>,chenpei
Mon Sep 24 22:07:05 2012,http://mail-archives.apache.org/mod_mbox/ctakes-commits/201209.mbox/<20120924220606.A39DE23889C5@eris.apache.org>,chenpei
Mon Sep 24 22:07:05 2012,http://mail-archives.apache.org/mod_mbox/ctakes-commits/201209.mbox/<20120924220606.A39DE23889C5@eris.apache.org>,chenpei
Mon Sep 24 22:07:05 2012,http://mail-archives.apache.org/mod_mbox/ctakes-commits/201209.mbox/<20120924220606.A39DE23889C5@eris.apache.org>,chenpei
Mon Sep 24 22:07:05 2012,http://mail-archives.apache.org/mod_mbox/ctakes-commits/201209.mbox/<20120924220606.A39DE23889C5@eris.apache.org>,chenpei
Mon Sep 24 22:07:05 2012,http://mail-archives.apache.org/mod_mbox/ctakes-commits/201209.mbox/<20120924220606.A39DE23889C5@eris.apache.org>,chenpei
Mon Sep 24 22:07:05 2012,http://mail-archives.apache.org/mod_mbox/ctakes-commits/201209.mbox/<20120924220606.A39DE23889C5@eris.apache.org>,chenpei
Mon Sep 24 22:07:05 2012,http://mail-archives.apache.org/mod_mbox/ctakes-commits/201209.mbox/<20120924220606.A39DE23889C5@eris.apache.org>,chenpei
Mon Sep 24 22:07:05 2012,http://mail-archives.apache.org/mod_mbox/ctakes-commits/201209.mbox/<20120924220606.A39DE23889C5@eris.apache.org>,chenpei
Mon Sep 24 22:07:05 2012,http://mail-archives.apache.org/mod_mbox/ctakes-commits/201209.mbox/<20120924220606.A39DE23889C5@eris.apache.org>,chenpei
Mon Sep 24 22:07:05 2012,http://mail-archives.apache.org/mod_mbox/ctakes-commits/201209.mbox/<20120924220606.A39DE23889C5@eris.apache.org>,chenpei
Mon Sep 24 22:07:05 2012,http://mail-archives.apache.org/mod_mbox/ctakes-commits/201209.mbox/<20120924220606.A39DE23889C5@eris.apache.org>,chenpei
Mon Sep 24 22:07:05 2012,http://mail-archives.apache.org/mod_mbox/ctakes-commits/201209.mbox/<20120924220606.A39DE23889C5@eris.apache.org>,chenpei
Mon Sep 24 22:07:05 2012,http://mail-archives.apache.org/mod_mbox/ctakes-commits/201209.mbox/<20120924220606.A39DE23889C5@eris.apache.org>,chenpei
Mon Sep 24 22:07:05 2012,http://mail-archives.apache.org/mod_mbox/ctakes-commits/201209.mbox/<20120924220606.A39DE23889C5@eris.apache.org>,chenpei
Mon Sep 24 22:07:05 2012,http://mail-archives.apache.org/mod_mbox/ctakes-commits/201209.mbox/<20120924220606.A39DE23889C5@eris.apache.org>,chenpei
Mon Sep 24 22:07:05 2012,http://mail-archives.apache.org/mod_mbox/ctakes-commits/201209.mbox/<20120924220606.A39DE23889C5@eris.apache.org>,chenpei
Mon Sep 24 22:07:05 2012,http://mail-archives.apache.org/mod_mbox/ctakes-commits/201209.mbox/<20120924220606.A39DE23889C5@eris.apache.org>,chenpei
Mon Sep 24 22:07:05 2012,http://mail-archives.apache.org/mod_mbox/ctakes-commits/201209.mbox/<20120924220606.A39DE23889C5@eris.apache.org>,chenpei
Mon Sep 24 22:07:05 2012,http://mail-archives.apache.org/mod_mbox/ctakes-commits/201209.mbox/<20120924220606.A39DE23889C5@eris.apache.org>,chenpei
Mon Sep 24 22:07:05 2012,http://mail-archives.apache.org/mod_mbox/ctakes-commits/201209.mbox/<20120924220606.A39DE23889C5@eris.apache.org>,chenpei
Mon Sep 24 22:07:05 2012,http://mail-archives.apache.org/mod_mbox/ctakes-commits/201209.mbox/<20120924220606.A39DE23889C5@eris.apache.org>,chenpei
Mon Sep 24 22:07:05 2012,http://mail-archives.apache.org/mod_mbox/ctakes-commits/201209.mbox/<20120924220606.A39DE23889C5@eris.apache.org>,chenpei
Mon Sep 24 22:07:05 2012,http://mail-archives.apache.org/mod_mbox/ctakes-commits/201209.mbox/<20120924220606.A39DE23889C5@eris.apache.org>,chenpei
Mon Sep 24 22:07:05 2012,http://mail-archives.apache.org/mod_mbox/ctakes-commits/201209.mbox/<20120924220606.A39DE23889C5@eris.apache.org>,chenpei
Mon Sep 24 22:07:05 2012,http://mail-archives.apache.org/mod_mbox/ctakes-commits/201209.mbox/<20120924220606.A39DE23889C5@eris.apache.org>,chenpei
Mon Sep 24 22:07:05 2012,http://mail-archives.apache.org/mod_mbox/ctakes-commits/201209.mbox/<20120924220606.A39DE23889C5@eris.apache.org>,chenpei
Mon Sep 24 22:07:05 2012,http://mail-archives.apache.org/mod_mbox/ctakes-commits/201209.mbox/<20120924220606.A39DE23889C5@eris.apache.org>,chenpei
Mon Sep 24 22:07:05 2012,http://mail-archives.apache.org/mod_mbox/ctakes-commits/201209.mbox/<20120924220606.A39DE23889C5@eris.apache.org>,chenpei
Mon Sep 24 22:07:05 2012,http://mail-archives.apache.org/mod_mbox/ctakes-commits/201209.mbox/<20120924220606.A39DE23889C5@eris.apache.org>,chenpei
Mon Sep 24 22:07:05 2012,http://mail-archives.apache.org/mod_mbox/ctakes-commits/201209.mbox/<20120924220606.A39DE23889C5@eris.apache.org>,chenpei
Mon Sep 24 22:07:05 2012,http://mail-archives.apache.org/mod_mbox/ctakes-commits/201209.mbox/<20120924220606.A39DE23889C5@eris.apache.org>,chenpei
Mon Sep 24 22:07:05 2012,http://mail-archives.apache.org/mod_mbox/ctakes-commits/201209.mbox/<20120924220606.A39DE23889C5@eris.apache.org>,chenpei
Mon Sep 24 22:07:05 2012,http://mail-archives.apache.org/mod_mbox/ctakes-commits/201209.mbox/<20120924220606.A39DE23889C5@eris.apache.org>,chenpei
Mon Sep 24 22:07:05 2012,http://mail-archives.apache.org/mod_mbox/ctakes-commits/201209.mbox/<20120924220606.A39DE23889C5@eris.apache.org>,chenpei
Mon Sep 24 22:07:05 2012,http://mail-archives.apache.org/mod_mbox/ctakes-commits/201209.mbox/<20120924220606.A39DE23889C5@eris.apache.org>,chenpei
Mon Sep 24 22:07:05 2012,http://mail-archives.apache.org/mod_mbox/ctakes-commits/201209.mbox/<20120924220606.A39DE23889C5@eris.apache.org>,chenpei
Mon Sep 24 22:07:05 2012,http://mail-archives.apache.org/mod_mbox/ctakes-commits/201209.mbox/<20120924220606.A39DE23889C5@eris.apache.org>,chenpei
Mon Sep 24 22:07:05 2012,http://mail-archives.apache.org/mod_mbox/ctakes-commits/201209.mbox/<20120924220606.A39DE23889C5@eris.apache.org>,chenpei
Mon Sep 24 22:07:05 2012,http://mail-archives.apache.org/mod_mbox/ctakes-commits/201209.mbox/<20120924220606.A39DE23889C5@eris.apache.org>,chenpei
Mon Sep 24 22:07:05 2012,http://mail-archives.apache.org/mod_mbox/ctakes-commits/201209.mbox/<20120924220606.A39DE23889C5@eris.apache.org>,chenpei
Mon Sep 24 22:07:05 2012,http://mail-archives.apache.org/mod_mbox/ctakes-commits/201209.mbox/<20120924220606.A39DE23889C5@eris.apache.org>,chenpei
Mon Sep 24 22:07:05 2012,http://mail-archives.apache.org/mod_mbox/ctakes-commits/201209.mbox/<20120924220606.A39DE23889C5@eris.apache.org>,chenpei
Mon Sep 24 22:07:05 2012,http://mail-archives.apache.org/mod_mbox/ctakes-commits/201209.mbox/<20120924220606.A39DE23889C5@eris.apache.org>,chenpei
Mon Sep 24 22:07:05 2012,http://mail-archives.apache.org/mod_mbox/ctakes-commits/201209.mbox/<20120924220606.A39DE23889C5@eris.apache.org>,chenpei
Mon Sep 24 22:07:05 2012,http://mail-archives.apache.org/mod_mbox/ctakes-commits/201209.mbox/<20120924220606.A39DE23889C5@eris.apache.org>,chenpei
Mon Sep 24 22:07:05 2012,http://mail-archives.apache.org/mod_mbox/ctakes-commits/201209.mbox/<20120924220606.A39DE23889C5@eris.apache.org>,chenpei
Mon Sep 24 22:07:05 2012,http://mail-archives.apache.org/mod_mbox/ctakes-commits/201209.mbox/<20120924220606.A39DE23889C5@eris.apache.org>,chenpei
Mon Sep 24 22:07:05 2012,http://mail-archives.apache.org/mod_mbox/ctakes-commits/201209.mbox/<20120924220606.A39DE23889C5@eris.apache.org>,chenpei
Mon Sep 24 22:07:05 2012,http://mail-archives.apache.org/mod_mbox/ctakes-commits/201209.mbox/<20120924220606.A39DE23889C5@eris.apache.org>,chenpei
Mon Sep 24 22:07:05 2012,http://mail-archives.apache.org/mod_mbox/ctakes-commits/201209.mbox/<20120924220606.A39DE23889C5@eris.apache.org>,chenpei
Mon Sep 24 22:07:05 2012,http://mail-archives.apache.org/mod_mbox/ctakes-commits/201209.mbox/<20120924220606.A39DE23889C5@eris.apache.org>,chenpei
Mon Sep 24 22:07:05 2012,http://mail-archives.apache.org/mod_mbox/ctakes-commits/201209.mbox/<20120924220606.A39DE23889C5@eris.apache.org>,chenpei
Mon Sep 24 22:07:05 2012,http://mail-archives.apache.org/mod_mbox/ctakes-commits/201209.mbox/<20120924220606.A39DE23889C5@eris.apache.org>,chenpei
Mon Sep 24 22:07:05 2012,http://mail-archives.apache.org/mod_mbox/ctakes-commits/201209.mbox/<20120924220606.A39DE23889C5@eris.apache.org>,chenpei
Mon Sep 24 22:07:05 2012,http://mail-archives.apache.org/mod_mbox/ctakes-commits/201209.mbox/<20120924220606.A39DE23889C5@eris.apache.org>,chenpei
Mon Sep 24 22:07:05 2012,http://mail-archives.apache.org/mod_mbox/ctakes-commits/201209.mbox/<20120924220606.A39DE23889C5@eris.apache.org>,chenpei
Mon Sep 24 22:07:05 2012,http://mail-archives.apache.org/mod_mbox/ctakes-commits/201209.mbox/<20120924220606.A39DE23889C5@eris.apache.org>,chenpei
Mon Sep 24 22:07:05 2012,http://mail-archives.apache.org/mod_mbox/ctakes-commits/201209.mbox/<20120924220606.A39DE23889C5@eris.apache.org>,chenpei
Mon Sep 24 22:07:05 2012,http://mail-archives.apache.org/mod_mbox/ctakes-commits/201209.mbox/<20120924220606.A39DE23889C5@eris.apache.org>,chenpei
Mon Sep 24 22:07:05 2012,http://mail-archives.apache.org/mod_mbox/ctakes-commits/201209.mbox/<20120924220606.A39DE23889C5@eris.apache.org>,chenpei
Mon Sep 24 22:07:05 2012,http://mail-archives.apache.org/mod_mbox/ctakes-commits/201209.mbox/<20120924220606.A39DE23889C5@eris.apache.org>,chenpei
Mon Sep 24 22:07:05 2012,http://mail-archives.apache.org/mod_mbox/ctakes-commits/201209.mbox/<20120924220606.A39DE23889C5@eris.apache.org>,chenpei
Mon Sep 24 22:07:05 2012,http://mail-archives.apache.org/mod_mbox/ctakes-commits/201209.mbox/<20120924220606.A39DE23889C5@eris.apache.org>,chenpei
Mon Sep 24 22:07:05 2012,http://mail-archives.apache.org/mod_mbox/ctakes-commits/201209.mbox/<20120924220606.A39DE23889C5@eris.apache.org>,chenpei
Mon Sep 24 22:07:05 2012,http://mail-archives.apache.org/mod_mbox/ctakes-commits/201209.mbox/<20120924220606.A39DE23889C5@eris.apache.org>,chenpei
Mon Sep 24 22:07:05 2012,http://mail-archives.apache.org/mod_mbox/ctakes-commits/201209.mbox/<20120924220606.A39DE23889C5@eris.apache.org>,chenpei
Mon Sep 24 22:07:05 2012,http://mail-archives.apache.org/mod_mbox/ctakes-commits/201209.mbox/<20120924220606.A39DE23889C5@eris.apache.org>,chenpei
Mon Sep 24 22:07:05 2012,http://mail-archives.apache.org/mod_mbox/ctakes-commits/201209.mbox/<20120924220606.A39DE23889C5@eris.apache.org>,chenpei
Mon Sep 24 22:07:05 2012,http://mail-archives.apache.org/mod_mbox/ctakes-commits/201209.mbox/<20120924220606.A39DE23889C5@eris.apache.org>,chenpei
Mon Sep 24 22:07:05 2012,http://mail-archives.apache.org/mod_mbox/ctakes-commits/201209.mbox/<20120924220606.A39DE23889C5@eris.apache.org>,chenpei
Mon Sep 24 22:07:05 2012,http://mail-archives.apache.org/mod_mbox/ctakes-commits/201209.mbox/<20120924220606.A39DE23889C5@eris.apache.org>,chenpei
Mon Sep 24 22:07:05 2012,http://mail-archives.apache.org/mod_mbox/ctakes-commits/201209.mbox/<20120924220606.A39DE23889C5@eris.apache.org>,chenpei
Mon Sep 24 22:07:05 2012,http://mail-archives.apache.org/mod_mbox/ctakes-commits/201209.mbox/<20120924220606.A39DE23889C5@eris.apache.org>,chenpei
Mon Sep 24 22:07:05 2012,http://mail-archives.apache.org/mod_mbox/ctakes-commits/201209.mbox/<20120924220606.A39DE23889C5@eris.apache.org>,chenpei
Mon Sep 24 22:07:05 2012,http://mail-archives.apache.org/mod_mbox/ctakes-commits/201209.mbox/<20120924220606.A39DE23889C5@eris.apache.org>,chenpei
Mon Sep 24 22:07:05 2012,http://mail-archives.apache.org/mod_mbox/ctakes-commits/201209.mbox/<20120924220606.A39DE23889C5@eris.apache.org>,chenpei
Mon Sep 24 22:07:05 2012,http://mail-archives.apache.org/mod_mbox/ctakes-commits/201209.mbox/<20120924220606.A39DE23889C5@eris.apache.org>,chenpei
Mon Sep 24 22:07:05 2012,http://mail-archives.apache.org/mod_mbox/ctakes-commits/201209.mbox/<20120924220606.A39DE23889C5@eris.apache.org>,chenpei
Mon Sep 24 22:07:05 2012,http://mail-archives.apache.org/mod_mbox/ctakes-commits/201209.mbox/<20120924220606.A39DE23889C5@eris.apache.org>,chenpei
Mon Sep 24 22:07:05 2012,http://mail-archives.apache.org/mod_mbox/ctakes-commits/201209.mbox/<20120924220606.A39DE23889C5@eris.apache.org>,chenpei
Mon Sep 24 22:07:05 2012,http://mail-archives.apache.org/mod_mbox/ctakes-commits/201209.mbox/<20120924220606.A39DE23889C5@eris.apache.org>,chenpei
Mon Sep 24 22:07:05 2012,http://mail-archives.apache.org/mod_mbox/ctakes-commits/201209.mbox/<20120924220606.A39DE23889C5@eris.apache.org>,chenpei
Mon Sep 24 22:07:05 2012,http://mail-archives.apache.org/mod_mbox/ctakes-commits/201209.mbox/<20120924220606.A39DE23889C5@eris.apache.org>,chenpei
Mon Sep 24 22:07:05 2012,http://mail-archives.apache.org/mod_mbox/ctakes-commits/201209.mbox/<20120924220606.A39DE23889C5@eris.apache.org>,chenpei
Mon Sep 24 22:07:05 2012,http://mail-archives.apache.org/mod_mbox/ctakes-commits/201209.mbox/<20120924220606.A39DE23889C5@eris.apache.org>,chenpei
Mon Sep 24 22:07:05 2012,http://mail-archives.apache.org/mod_mbox/ctakes-commits/201209.mbox/<20120924220606.A39DE23889C5@eris.apache.org>,chenpei
Mon Sep 24 22:07:05 2012,http://mail-archives.apache.org/mod_mbox/ctakes-commits/201209.mbox/<20120924220606.A39DE23889C5@eris.apache.org>,chenpei
Mon Sep 24 22:07:05 2012,http://mail-archives.apache.org/mod_mbox/ctakes-commits/201209.mbox/<20120924220606.A39DE23889C5@eris.apache.org>,chenpei
Mon Sep 24 22:07:05 2012,http://mail-archives.apache.org/mod_mbox/ctakes-commits/201209.mbox/<20120924220606.A39DE23889C5@eris.apache.org>,chenpei
Mon Sep 24 22:07:05 2012,http://mail-archives.apache.org/mod_mbox/ctakes-commits/201209.mbox/<20120924220606.A39DE23889C5@eris.apache.org>,chenpei
Mon Sep 24 22:07:05 2012,http://mail-archives.apache.org/mod_mbox/ctakes-commits/201209.mbox/<20120924220606.A39DE23889C5@eris.apache.org>,chenpei
Mon Sep 24 22:07:05 2012,http://mail-archives.apache.org/mod_mbox/ctakes-commits/201209.mbox/<20120924220606.A39DE23889C5@eris.apache.org>,chenpei
Mon Sep 24 22:07:05 2012,http://mail-archives.apache.org/mod_mbox/ctakes-commits/201209.mbox/<20120924220606.A39DE23889C5@eris.apache.org>,chenpei
Mon Sep 24 22:07:05 2012,http://mail-archives.apache.org/mod_mbox/ctakes-commits/201209.mbox/<20120924220606.A39DE23889C5@eris.apache.org>,chenpei
Mon Sep 24 22:07:05 2012,http://mail-archives.apache.org/mod_mbox/ctakes-commits/201209.mbox/<20120924220606.A39DE23889C5@eris.apache.org>,chenpei
Mon Sep 24 22:07:05 2012,http://mail-archives.apache.org/mod_mbox/ctakes-commits/201209.mbox/<20120924220606.A39DE23889C5@eris.apache.org>,chenpei
Mon Sep 24 22:07:05 2012,http://mail-archives.apache.org/mod_mbox/ctakes-commits/201209.mbox/<20120924220606.A39DE23889C5@eris.apache.org>,chenpei
Mon Sep 24 22:07:05 2012,http://mail-archives.apache.org/mod_mbox/ctakes-commits/201209.mbox/<20120924220606.A39DE23889C5@eris.apache.org>,chenpei
Mon Sep 24 22:07:05 2012,http://mail-archives.apache.org/mod_mbox/ctakes-commits/201209.mbox/<20120924220606.A39DE23889C5@eris.apache.org>,chenpei
Mon Sep 24 22:07:05 2012,http://mail-archives.apache.org/mod_mbox/ctakes-commits/201209.mbox/<20120924220606.A39DE23889C5@eris.apache.org>,chenpei
Mon Sep 24 22:07:05 2012,http://mail-archives.apache.org/mod_mbox/ctakes-commits/201209.mbox/<20120924220606.A39DE23889C5@eris.apache.org>,chenpei
Mon Sep 24 22:07:05 2012,http://mail-archives.apache.org/mod_mbox/ctakes-commits/201209.mbox/<20120924220606.A39DE23889C5@eris.apache.org>,chenpei
Mon Sep 24 22:07:05 2012,http://mail-archives.apache.org/mod_mbox/ctakes-commits/201209.mbox/<20120924220606.A39DE23889C5@eris.apache.org>,chenpei
Mon Sep 24 22:07:05 2012,http://mail-archives.apache.org/mod_mbox/ctakes-commits/201209.mbox/<20120924220606.A39DE23889C5@eris.apache.org>,chenpei
Mon Sep 24 22:07:05 2012,http://mail-archives.apache.org/mod_mbox/ctakes-commits/201209.mbox/<20120924220606.A39DE23889C5@eris.apache.org>,chenpei
Mon Sep 24 22:07:05 2012,http://mail-archives.apache.org/mod_mbox/ctakes-commits/201209.mbox/<20120924220606.A39DE23889C5@eris.apache.org>,chenpei
Mon Sep 24 22:07:05 2012,http://mail-archives.apache.org/mod_mbox/ctakes-commits/201209.mbox/<20120924220606.A39DE23889C5@eris.apache.org>,chenpei
Mon Sep 24 22:07:05 2012,http://mail-archives.apache.org/mod_mbox/ctakes-commits/201209.mbox/<20120924220606.A39DE23889C5@eris.apache.org>,chenpei
Mon Sep 24 22:07:05 2012,http://mail-archives.apache.org/mod_mbox/ctakes-commits/201209.mbox/<20120924220606.A39DE23889C5@eris.apache.org>,chenpei
Mon Sep 24 22:07:05 2012,http://mail-archives.apache.org/mod_mbox/ctakes-commits/201209.mbox/<20120924220606.A39DE23889C5@eris.apache.org>,chenpei
Mon Sep 24 22:07:05 2012,http://mail-archives.apache.org/mod_mbox/ctakes-commits/201209.mbox/<20120924220606.A39DE23889C5@eris.apache.org>,chenpei
Mon Sep 24 22:07:05 2012,http://mail-archives.apache.org/mod_mbox/ctakes-commits/201209.mbox/<20120924220606.A39DE23889C5@eris.apache.org>,chenpei
Mon Sep 24 22:07:05 2012,http://mail-archives.apache.org/mod_mbox/ctakes-commits/201209.mbox/<20120924220606.A39DE23889C5@eris.apache.org>,chenpei
Mon Sep 24 22:07:05 2012,http://mail-archives.apache.org/mod_mbox/ctakes-commits/201209.mbox/<20120924220606.A39DE23889C5@eris.apache.org>,chenpei
Mon Sep 24 22:07:05 2012,http://mail-archives.apache.org/mod_mbox/ctakes-commits/201209.mbox/<20120924220606.A39DE23889C5@eris.apache.org>,chenpei
Mon Sep 24 22:07:05 2012,http://mail-archives.apache.org/mod_mbox/ctakes-commits/201209.mbox/<20120924220606.A39DE23889C5@eris.apache.org>,chenpei
Mon Sep 24 22:07:05 2012,http://mail-archives.apache.org/mod_mbox/ctakes-commits/201209.mbox/<20120924220606.A39DE23889C5@eris.apache.org>,chenpei
Mon Sep 24 22:07:05 2012,http://mail-archives.apache.org/mod_mbox/ctakes-commits/201209.mbox/<20120924220606.A39DE23889C5@eris.apache.org>,chenpei
Mon Sep 24 22:07:05 2012,http://mail-archives.apache.org/mod_mbox/ctakes-commits/201209.mbox/<20120924220606.A39DE23889C5@eris.apache.org>,chenpei
Mon Sep 24 22:07:05 2012,http://mail-archives.apache.org/mod_mbox/ctakes-commits/201209.mbox/<20120924220606.A39DE23889C5@eris.apache.org>,chenpei
Mon Sep 24 22:07:05 2012,http://mail-archives.apache.org/mod_mbox/ctakes-commits/201209.mbox/<20120924220606.A39DE23889C5@eris.apache.org>,chenpei
Mon Sep 24 22:07:05 2012,http://mail-archives.apache.org/mod_mbox/ctakes-commits/201209.mbox/<20120924220606.A39DE23889C5@eris.apache.org>,chenpei
Mon Sep 24 22:07:05 2012,http://mail-archives.apache.org/mod_mbox/ctakes-commits/201209.mbox/<20120924220606.A39DE23889C5@eris.apache.org>,chenpei
Mon Sep 24 22:07:05 2012,http://mail-archives.apache.org/mod_mbox/ctakes-commits/201209.mbox/<20120924220606.A39DE23889C5@eris.apache.org>,chenpei
Mon Sep 24 22:07:05 2012,http://mail-archives.apache.org/mod_mbox/ctakes-commits/201209.mbox/<20120924220606.A39DE23889C5@eris.apache.org>,chenpei
Mon Sep 24 22:07:05 2012,http://mail-archives.apache.org/mod_mbox/ctakes-commits/201209.mbox/<20120924220606.A39DE23889C5@eris.apache.org>,chenpei
Mon Sep 24 22:07:05 2012,http://mail-archives.apache.org/mod_mbox/ctakes-commits/201209.mbox/<20120924220606.A39DE23889C5@eris.apache.org>,chenpei
Mon Sep 24 22:07:05 2012,http://mail-archives.apache.org/mod_mbox/ctakes-commits/201209.mbox/<20120924220606.A39DE23889C5@eris.apache.org>,chenpei
Mon Sep 24 22:07:05 2012,http://mail-archives.apache.org/mod_mbox/ctakes-commits/201209.mbox/<20120924220606.A39DE23889C5@eris.apache.org>,chenpei
Mon Sep 24 22:07:05 2012,http://mail-archives.apache.org/mod_mbox/ctakes-commits/201209.mbox/<20120924220606.A39DE23889C5@eris.apache.org>,chenpei
Mon Sep 24 22:07:05 2012,http://mail-archives.apache.org/mod_mbox/ctakes-commits/201209.mbox/<20120924220606.A39DE23889C5@eris.apache.org>,chenpei
Mon Sep 24 22:07:05 2012,http://mail-archives.apache.org/mod_mbox/ctakes-commits/201209.mbox/<20120924220606.A39DE23889C5@eris.apache.org>,chenpei
Mon Sep 24 22:07:05 2012,http://mail-archives.apache.org/mod_mbox/ctakes-commits/201209.mbox/<20120924220606.A39DE23889C5@eris.apache.org>,chenpei
Mon Sep 24 22:07:05 2012,http://mail-archives.apache.org/mod_mbox/ctakes-commits/201209.mbox/<20120924220606.A39DE23889C5@eris.apache.org>,chenpei
Mon Sep 24 22:07:05 2012,http://mail-archives.apache.org/mod_mbox/ctakes-commits/201209.mbox/<20120924220606.A39DE23889C5@eris.apache.org>,chenpei
Mon Sep 24 22:07:05 2012,http://mail-archives.apache.org/mod_mbox/ctakes-commits/201209.mbox/<20120924220606.A39DE23889C5@eris.apache.org>,chenpei
Mon Sep 24 22:07:05 2012,http://mail-archives.apache.org/mod_mbox/ctakes-commits/201209.mbox/<20120924220606.A39DE23889C5@eris.apache.org>,chenpei
Mon Sep 24 22:07:05 2012,http://mail-archives.apache.org/mod_mbox/ctakes-commits/201209.mbox/<20120924220606.A39DE23889C5@eris.apache.org>,chenpei
Mon Sep 24 22:07:05 2012,http://mail-archives.apache.org/mod_mbox/ctakes-commits/201209.mbox/<20120924220606.A39DE23889C5@eris.apache.org>,chenpei
Mon Sep 24 22:07:05 2012,http://mail-archives.apache.org/mod_mbox/ctakes-commits/201209.mbox/<20120924220606.A39DE23889C5@eris.apache.org>,chenpei
Mon Sep 24 22:07:05 2012,http://mail-archives.apache.org/mod_mbox/ctakes-commits/201209.mbox/<20120924220606.A39DE23889C5@eris.apache.org>,chenpei
Mon Sep 24 22:07:05 2012,http://mail-archives.apache.org/mod_mbox/ctakes-commits/201209.mbox/<20120924220606.A39DE23889C5@eris.apache.org>,chenpei
Mon Sep 24 22:07:05 2012,http://mail-archives.apache.org/mod_mbox/ctakes-commits/201209.mbox/<20120924220606.A39DE23889C5@eris.apache.org>,chenpei
Mon Sep 24 22:07:05 2012,http://mail-archives.apache.org/mod_mbox/ctakes-commits/201209.mbox/<20120924220606.A39DE23889C5@eris.apache.org>,chenpei
Mon Sep 24 22:07:05 2012,http://mail-archives.apache.org/mod_mbox/ctakes-commits/201209.mbox/<20120924220606.A39DE23889C5@eris.apache.org>,chenpei
Mon Sep 24 22:07:05 2012,http://mail-archives.apache.org/mod_mbox/ctakes-commits/201209.mbox/<20120924220606.A39DE23889C5@eris.apache.org>,chenpei
Mon Sep 24 22:07:05 2012,http://mail-archives.apache.org/mod_mbox/ctakes-commits/201209.mbox/<20120924220606.A39DE23889C5@eris.apache.org>,chenpei
Mon Sep 24 22:07:05 2012,http://mail-archives.apache.org/mod_mbox/ctakes-commits/201209.mbox/<20120924220606.A39DE23889C5@eris.apache.org>,chenpei
Mon Sep 24 22:07:05 2012,http://mail-archives.apache.org/mod_mbox/ctakes-commits/201209.mbox/<20120924220606.A39DE23889C5@eris.apache.org>,chenpei
Mon Sep 24 22:07:05 2012,http://mail-archives.apache.org/mod_mbox/ctakes-commits/201209.mbox/<20120924220606.A39DE23889C5@eris.apache.org>,chenpei
Mon Sep 24 22:07:05 2012,http://mail-archives.apache.org/mod_mbox/ctakes-commits/201209.mbox/<20120924220606.A39DE23889C5@eris.apache.org>,chenpei
Mon Sep 24 22:07:05 2012,http://mail-archives.apache.org/mod_mbox/ctakes-commits/201209.mbox/<20120924220606.A39DE23889C5@eris.apache.org>,chenpei
Mon Sep 24 22:07:05 2012,http://mail-archives.apache.org/mod_mbox/ctakes-commits/201209.mbox/<20120924220606.A39DE23889C5@eris.apache.org>,chenpei
Mon Sep 24 22:07:05 2012,http://mail-archives.apache.org/mod_mbox/ctakes-commits/201209.mbox/<20120924220606.A39DE23889C5@eris.apache.org>,chenpei
Mon Sep 24 22:07:05 2012,http://mail-archives.apache.org/mod_mbox/ctakes-commits/201209.mbox/<20120924220606.A39DE23889C5@eris.apache.org>,chenpei
Mon Sep 24 22:07:05 2012,http://mail-archives.apache.org/mod_mbox/ctakes-commits/201209.mbox/<20120924220606.A39DE23889C5@eris.apache.org>,chenpei
Mon Sep 24 22:07:05 2012,http://mail-archives.apache.org/mod_mbox/ctakes-commits/201209.mbox/<20120924220606.A39DE23889C5@eris.apache.org>,chenpei
Mon Sep 24 22:07:05 2012,http://mail-archives.apache.org/mod_mbox/ctakes-commits/201209.mbox/<20120924220606.A39DE23889C5@eris.apache.org>,chenpei
Mon Sep 24 22:07:05 2012,http://mail-archives.apache.org/mod_mbox/ctakes-commits/201209.mbox/<20120924220606.A39DE23889C5@eris.apache.org>,chenpei
Mon Sep 24 22:07:05 2012,http://mail-archives.apache.org/mod_mbox/ctakes-commits/201209.mbox/<20120924220606.A39DE23889C5@eris.apache.org>,chenpei
Mon Sep 24 22:07:05 2012,http://mail-archives.apache.org/mod_mbox/ctakes-commits/201209.mbox/<20120924220606.A39DE23889C5@eris.apache.org>,chenpei
Mon Sep 24 22:07:05 2012,http://mail-archives.apache.org/mod_mbox/ctakes-commits/201209.mbox/<20120924220606.A39DE23889C5@eris.apache.org>,chenpei
Mon Sep 24 22:07:05 2012,http://mail-archives.apache.org/mod_mbox/ctakes-commits/201209.mbox/<20120924220606.A39DE23889C5@eris.apache.org>,chenpei
Mon Sep 24 22:07:05 2012,http://mail-archives.apache.org/mod_mbox/ctakes-commits/201209.mbox/<20120924220606.A39DE23889C5@eris.apache.org>,chenpei
Mon Sep 24 22:07:05 2012,http://mail-archives.apache.org/mod_mbox/ctakes-commits/201209.mbox/<20120924220606.A39DE23889C5@eris.apache.org>,chenpei
Mon Sep 24 22:07:05 2012,http://mail-archives.apache.org/mod_mbox/ctakes-commits/201209.mbox/<20120924220606.A39DE23889C5@eris.apache.org>,chenpei
Mon Sep 24 22:07:05 2012,http://mail-archives.apache.org/mod_mbox/ctakes-commits/201209.mbox/<20120924220606.A39DE23889C5@eris.apache.org>,chenpei
Mon Sep 24 22:07:05 2012,http://mail-archives.apache.org/mod_mbox/ctakes-commits/201209.mbox/<20120924220606.A39DE23889C5@eris.apache.org>,chenpei
Mon Sep 24 22:07:05 2012,http://mail-archives.apache.org/mod_mbox/ctakes-commits/201209.mbox/<20120924220606.A39DE23889C5@eris.apache.org>,chenpei
Mon Sep 24 22:07:05 2012,http://mail-archives.apache.org/mod_mbox/ctakes-commits/201209.mbox/<20120924220606.A39DE23889C5@eris.apache.org>,chenpei
Mon Sep 24 22:07:05 2012,http://mail-archives.apache.org/mod_mbox/ctakes-commits/201209.mbox/<20120924220606.A39DE23889C5@eris.apache.org>,chenpei
Mon Sep 24 22:07:05 2012,http://mail-archives.apache.org/mod_mbox/ctakes-commits/201209.mbox/<20120924220606.A39DE23889C5@eris.apache.org>,chenpei
Mon Sep 24 22:07:05 2012,http://mail-archives.apache.org/mod_mbox/ctakes-commits/201209.mbox/<20120924220606.A39DE23889C5@eris.apache.org>,chenpei
Mon Sep 24 22:07:05 2012,http://mail-archives.apache.org/mod_mbox/ctakes-commits/201209.mbox/<20120924220606.A39DE23889C5@eris.apache.org>,chenpei
Mon Sep 24 22:07:05 2012,http://mail-archives.apache.org/mod_mbox/ctakes-commits/201209.mbox/<20120924220606.A39DE23889C5@eris.apache.org>,chenpei
Mon Sep 24 22:07:05 2012,http://mail-archives.apache.org/mod_mbox/ctakes-commits/201209.mbox/<20120924220606.A39DE23889C5@eris.apache.org>,chenpei
Mon Sep 24 22:07:05 2012,http://mail-archives.apache.org/mod_mbox/ctakes-commits/201209.mbox/<20120924220606.A39DE23889C5@eris.apache.org>,chenpei
Mon Sep 24 22:07:05 2012,http://mail-archives.apache.org/mod_mbox/ctakes-commits/201209.mbox/<20120924220606.A39DE23889C5@eris.apache.org>,chenpei
Mon Sep 24 22:07:05 2012,http://mail-archives.apache.org/mod_mbox/ctakes-commits/201209.mbox/<20120924220606.A39DE23889C5@eris.apache.org>,chenpei
Mon Sep 24 22:07:05 2012,http://mail-archives.apache.org/mod_mbox/ctakes-commits/201209.mbox/<20120924220606.A39DE23889C5@eris.apache.org>,chenpei
Mon Sep 24 22:07:05 2012,http://mail-archives.apache.org/mod_mbox/ctakes-commits/201209.mbox/<20120924220606.A39DE23889C5@eris.apache.org>,chenpei
Mon Sep 24 22:07:05 2012,http://mail-archives.apache.org/mod_mbox/ctakes-commits/201209.mbox/<20120924220606.A39DE23889C5@eris.apache.org>,chenpei
Mon Sep 24 22:07:05 2012,http://mail-archives.apache.org/mod_mbox/ctakes-commits/201209.mbox/<20120924220606.A39DE23889C5@eris.apache.org>,chenpei
Mon Sep 24 22:07:05 2012,http://mail-archives.apache.org/mod_mbox/ctakes-commits/201209.mbox/<20120924220606.A39DE23889C5@eris.apache.org>,chenpei
Mon Sep 24 22:07:05 2012,http://mail-archives.apache.org/mod_mbox/ctakes-commits/201209.mbox/<20120924220606.A39DE23889C5@eris.apache.org>,chenpei
Mon Sep 24 22:07:05 2012,http://mail-archives.apache.org/mod_mbox/ctakes-commits/201209.mbox/<20120924220606.A39DE23889C5@eris.apache.org>,chenpei
Mon Sep 24 22:07:05 2012,http://mail-archives.apache.org/mod_mbox/ctakes-commits/201209.mbox/<20120924220606.A39DE23889C5@eris.apache.org>,chenpei
Mon Sep 24 22:07:05 2012,http://mail-archives.apache.org/mod_mbox/ctakes-commits/201209.mbox/<20120924220606.A39DE23889C5@eris.apache.org>,chenpei
Mon Sep 24 22:07:05 2012,http://mail-archives.apache.org/mod_mbox/ctakes-commits/201209.mbox/<20120924220606.A39DE23889C5@eris.apache.org>,chenpei
Mon Sep 24 22:07:05 2012,http://mail-archives.apache.org/mod_mbox/ctakes-commits/201209.mbox/<20120924220606.A39DE23889C5@eris.apache.org>,chenpei
Mon Sep 24 22:07:05 2012,http://mail-archives.apache.org/mod_mbox/ctakes-commits/201209.mbox/<20120924220606.A39DE23889C5@eris.apache.org>,chenpei
Mon Sep 24 22:07:05 2012,http://mail-archives.apache.org/mod_mbox/ctakes-commits/201209.mbox/<20120924220606.A39DE23889C5@eris.apache.org>,chenpei
Mon Sep 24 22:07:05 2012,http://mail-archives.apache.org/mod_mbox/ctakes-commits/201209.mbox/<20120924220606.A39DE23889C5@eris.apache.org>,chenpei
Mon Sep 24 22:07:05 2012,http://mail-archives.apache.org/mod_mbox/ctakes-commits/201209.mbox/<20120924220606.A39DE23889C5@eris.apache.org>,chenpei
Mon Sep 24 22:07:05 2012,http://mail-archives.apache.org/mod_mbox/ctakes-commits/201209.mbox/<20120924220606.A39DE23889C5@eris.apache.org>,chenpei
Mon Sep 24 22:07:05 2012,http://mail-archives.apache.org/mod_mbox/ctakes-commits/201209.mbox/<20120924220606.A39DE23889C5@eris.apache.org>,chenpei
Mon Sep 24 22:07:05 2012,http://mail-archives.apache.org/mod_mbox/ctakes-commits/201209.mbox/<20120924220606.A39DE23889C5@eris.apache.org>,chenpei
Mon Sep 24 22:07:05 2012,http://mail-archives.apache.org/mod_mbox/ctakes-commits/201209.mbox/<20120924220606.A39DE23889C5@eris.apache.org>,chenpei
Mon Sep 24 22:07:05 2012,http://mail-archives.apache.org/mod_mbox/ctakes-commits/201209.mbox/<20120924220606.A39DE23889C5@eris.apache.org>,chenpei
Mon Sep 24 22:07:05 2012,http://mail-archives.apache.org/mod_mbox/ctakes-commits/201209.mbox/<20120924220606.A39DE23889C5@eris.apache.org>,chenpei
Mon Sep 24 22:07:05 2012,http://mail-archives.apache.org/mod_mbox/ctakes-commits/201209.mbox/<20120924220606.A39DE23889C5@eris.apache.org>,chenpei
Mon Sep 24 22:07:05 2012,http://mail-archives.apache.org/mod_mbox/ctakes-commits/201209.mbox/<20120924220606.A39DE23889C5@eris.apache.org>,chenpei
Mon Sep 24 22:07:05 2012,http://mail-archives.apache.org/mod_mbox/ctakes-commits/201209.mbox/<20120924220606.A39DE23889C5@eris.apache.org>,chenpei
Mon Sep 24 22:07:05 2012,http://mail-archives.apache.org/mod_mbox/ctakes-commits/201209.mbox/<20120924220606.A39DE23889C5@eris.apache.org>,chenpei
Mon Sep 24 22:07:05 2012,http://mail-archives.apache.org/mod_mbox/ctakes-commits/201209.mbox/<20120924220606.A39DE23889C5@eris.apache.org>,chenpei
Mon Sep 24 22:07:05 2012,http://mail-archives.apache.org/mod_mbox/ctakes-commits/201209.mbox/<20120924220606.A39DE23889C5@eris.apache.org>,chenpei
Mon Sep 24 22:07:05 2012,http://mail-archives.apache.org/mod_mbox/ctakes-commits/201209.mbox/<20120924220606.A39DE23889C5@eris.apache.org>,chenpei
Mon Sep 24 22:07:05 2012,http://mail-archives.apache.org/mod_mbox/ctakes-commits/201209.mbox/<20120924220606.A39DE23889C5@eris.apache.org>,chenpei
Mon Sep 24 22:07:05 2012,http://mail-archives.apache.org/mod_mbox/ctakes-commits/201209.mbox/<20120924220606.A39DE23889C5@eris.apache.org>,chenpei
Mon Sep 24 22:07:05 2012,http://mail-archives.apache.org/mod_mbox/ctakes-commits/201209.mbox/<20120924220606.A39DE23889C5@eris.apache.org>,chenpei
Mon Sep 24 22:07:05 2012,http://mail-archives.apache.org/mod_mbox/ctakes-commits/201209.mbox/<20120924220606.A39DE23889C5@eris.apache.org>,chenpei
Mon Sep 24 22:07:05 2012,http://mail-archives.apache.org/mod_mbox/ctakes-commits/201209.mbox/<20120924220606.A39DE23889C5@eris.apache.org>,chenpei
Mon Sep 24 22:07:05 2012,http://mail-archives.apache.org/mod_mbox/ctakes-commits/201209.mbox/<20120924220606.A39DE23889C5@eris.apache.org>,chenpei
Mon Sep 24 22:07:05 2012,http://mail-archives.apache.org/mod_mbox/ctakes-commits/201209.mbox/<20120924220606.A39DE23889C5@eris.apache.org>,chenpei
Mon Sep 24 22:07:05 2012,http://mail-archives.apache.org/mod_mbox/ctakes-commits/201209.mbox/<20120924220606.A39DE23889C5@eris.apache.org>,chenpei
Mon Sep 24 22:07:05 2012,http://mail-archives.apache.org/mod_mbox/ctakes-commits/201209.mbox/<20120924220606.A39DE23889C5@eris.apache.org>,chenpei
Mon Sep 24 22:07:05 2012,http://mail-archives.apache.org/mod_mbox/ctakes-commits/201209.mbox/<20120924220606.A39DE23889C5@eris.apache.org>,chenpei
Mon Sep 24 22:07:05 2012,http://mail-archives.apache.org/mod_mbox/ctakes-commits/201209.mbox/<20120924220606.A39DE23889C5@eris.apache.org>,chenpei
Mon Sep 24 22:07:05 2012,http://mail-archives.apache.org/mod_mbox/ctakes-commits/201209.mbox/<20120924220606.A39DE23889C5@eris.apache.org>,chenpei
Mon Sep 24 22:07:05 2012,http://mail-archives.apache.org/mod_mbox/ctakes-commits/201209.mbox/<20120924220606.A39DE23889C5@eris.apache.org>,chenpei
Mon Sep 24 22:07:05 2012,http://mail-archives.apache.org/mod_mbox/ctakes-commits/201209.mbox/<20120924220606.A39DE23889C5@eris.apache.org>,chenpei
Mon Sep 24 22:07:05 2012,http://mail-archives.apache.org/mod_mbox/ctakes-commits/201209.mbox/<20120924220606.A39DE23889C5@eris.apache.org>,chenpei
Mon Sep 24 22:07:05 2012,http://mail-archives.apache.org/mod_mbox/ctakes-commits/201209.mbox/<20120924220606.A39DE23889C5@eris.apache.org>,chenpei
Mon Sep 24 22:07:05 2012,http://mail-archives.apache.org/mod_mbox/ctakes-commits/201209.mbox/<20120924220606.A39DE23889C5@eris.apache.org>,chenpei
Mon Sep 24 22:07:05 2012,http://mail-archives.apache.org/mod_mbox/ctakes-commits/201209.mbox/<20120924220606.A39DE23889C5@eris.apache.org>,chenpei
Mon Sep 24 22:07:05 2012,http://mail-archives.apache.org/mod_mbox/ctakes-commits/201209.mbox/<20120924220606.A39DE23889C5@eris.apache.org>,chenpei
Mon Sep 24 22:07:05 2012,http://mail-archives.apache.org/mod_mbox/ctakes-commits/201209.mbox/<20120924220606.A39DE23889C5@eris.apache.org>,chenpei
Mon Sep 24 22:07:05 2012,http://mail-archives.apache.org/mod_mbox/ctakes-commits/201209.mbox/<20120924220606.A39DE23889C5@eris.apache.org>,chenpei
Mon Sep 24 22:07:05 2012,http://mail-archives.apache.org/mod_mbox/ctakes-commits/201209.mbox/<20120924220606.A39DE23889C5@eris.apache.org>,chenpei
Mon Sep 24 22:07:05 2012,http://mail-archives.apache.org/mod_mbox/ctakes-commits/201209.mbox/<20120924220606.A39DE23889C5@eris.apache.org>,chenpei
Mon Sep 24 22:07:05 2012,http://mail-archives.apache.org/mod_mbox/ctakes-commits/201209.mbox/<20120924220606.A39DE23889C5@eris.apache.org>,chenpei
Mon Sep 24 22:07:05 2012,http://mail-archives.apache.org/mod_mbox/ctakes-commits/201209.mbox/<20120924220606.A39DE23889C5@eris.apache.org>,chenpei
Mon Sep 24 22:07:05 2012,http://mail-archives.apache.org/mod_mbox/ctakes-commits/201209.mbox/<20120924220606.A39DE23889C5@eris.apache.org>,chenpei
Mon Sep 24 22:07:05 2012,http://mail-archives.apache.org/mod_mbox/ctakes-commits/201209.mbox/<20120924220606.A39DE23889C5@eris.apache.org>,chenpei
Mon Sep 24 22:07:05 2012,http://mail-archives.apache.org/mod_mbox/ctakes-commits/201209.mbox/<20120924220606.A39DE23889C5@eris.apache.org>,chenpei
Mon Sep 24 22:07:05 2012,http://mail-archives.apache.org/mod_mbox/ctakes-commits/201209.mbox/<20120924220606.A39DE23889C5@eris.apache.org>,chenpei
Mon Sep 24 22:07:05 2012,http://mail-archives.apache.org/mod_mbox/ctakes-commits/201209.mbox/<20120924220606.A39DE23889C5@eris.apache.org>,chenpei
Mon Sep 24 22:07:05 2012,http://mail-archives.apache.org/mod_mbox/ctakes-commits/201209.mbox/<20120924220606.A39DE23889C5@eris.apache.org>,chenpei
Mon Sep 24 22:07:05 2012,http://mail-archives.apache.org/mod_mbox/ctakes-commits/201209.mbox/<20120924220606.A39DE23889C5@eris.apache.org>,chenpei
Mon Sep 24 22:07:05 2012,http://mail-archives.apache.org/mod_mbox/ctakes-commits/201209.mbox/<20120924220606.A39DE23889C5@eris.apache.org>,chenpei
Mon Sep 24 22:07:05 2012,http://mail-archives.apache.org/mod_mbox/ctakes-commits/201209.mbox/<20120924220606.A39DE23889C5@eris.apache.org>,chenpei
Mon Sep 24 22:07:05 2012,http://mail-archives.apache.org/mod_mbox/ctakes-commits/201209.mbox/<20120924220606.A39DE23889C5@eris.apache.org>,chenpei
Mon Sep 24 22:07:05 2012,http://mail-archives.apache.org/mod_mbox/ctakes-commits/201209.mbox/<20120924220606.A39DE23889C5@eris.apache.org>,chenpei
Mon Sep 24 22:07:05 2012,http://mail-archives.apache.org/mod_mbox/ctakes-commits/201209.mbox/<20120924220606.A39DE23889C5@eris.apache.org>,chenpei
Mon Sep 24 22:07:05 2012,http://mail-archives.apache.org/mod_mbox/ctakes-commits/201209.mbox/<20120924220606.A39DE23889C5@eris.apache.org>,chenpei
Mon Sep 24 22:07:05 2012,http://mail-archives.apache.org/mod_mbox/ctakes-commits/201209.mbox/<20120924220606.A39DE23889C5@eris.apache.org>,chenpei
Mon Sep 24 22:07:05 2012,http://mail-archives.apache.org/mod_mbox/ctakes-commits/201209.mbox/<20120924220606.A39DE23889C5@eris.apache.org>,chenpei
Mon Sep 24 22:07:05 2012,http://mail-archives.apache.org/mod_mbox/ctakes-commits/201209.mbox/<20120924220606.A39DE23889C5@eris.apache.org>,chenpei
Mon Sep 24 22:07:05 2012,http://mail-archives.apache.org/mod_mbox/ctakes-commits/201209.mbox/<20120924220606.A39DE23889C5@eris.apache.org>,chenpei
Mon Sep 24 22:07:05 2012,http://mail-archives.apache.org/mod_mbox/ctakes-commits/201209.mbox/<20120924220606.A39DE23889C5@eris.apache.org>,chenpei
Mon Sep 24 22:07:05 2012,http://mail-archives.apache.org/mod_mbox/ctakes-commits/201209.mbox/<20120924220606.A39DE23889C5@eris.apache.org>,chenpei
Mon Sep 24 22:07:05 2012,http://mail-archives.apache.org/mod_mbox/ctakes-commits/201209.mbox/<20120924220606.A39DE23889C5@eris.apache.org>,chenpei
Mon Sep 24 22:07:05 2012,http://mail-archives.apache.org/mod_mbox/ctakes-commits/201209.mbox/<20120924220606.A39DE23889C5@eris.apache.org>,chenpei
Mon Sep 24 22:07:05 2012,http://mail-archives.apache.org/mod_mbox/ctakes-commits/201209.mbox/<20120924220606.A39DE23889C5@eris.apache.org>,chenpei
Mon Sep 24 22:07:05 2012,http://mail-archives.apache.org/mod_mbox/ctakes-commits/201209.mbox/<20120924220606.A39DE23889C5@eris.apache.org>,chenpei
Mon Sep 24 22:07:05 2012,http://mail-archives.apache.org/mod_mbox/ctakes-commits/201209.mbox/<20120924220606.A39DE23889C5@eris.apache.org>,chenpei
Mon Sep 24 22:07:05 2012,http://mail-archives.apache.org/mod_mbox/ctakes-commits/201209.mbox/<20120924220606.A39DE23889C5@eris.apache.org>,chenpei
Mon Sep 24 22:07:05 2012,http://mail-archives.apache.org/mod_mbox/ctakes-commits/201209.mbox/<20120924220606.A39DE23889C5@eris.apache.org>,chenpei
Mon Sep 24 22:07:05 2012,http://mail-archives.apache.org/mod_mbox/ctakes-commits/201209.mbox/<20120924220606.A39DE23889C5@eris.apache.org>,chenpei
Mon Sep 24 22:07:05 2012,http://mail-archives.apache.org/mod_mbox/ctakes-commits/201209.mbox/<20120924220606.A39DE23889C5@eris.apache.org>,chenpei
Mon Sep 24 22:07:05 2012,http://mail-archives.apache.org/mod_mbox/ctakes-commits/201209.mbox/<20120924220606.A39DE23889C5@eris.apache.org>,chenpei
Mon Sep 24 22:07:05 2012,http://mail-archives.apache.org/mod_mbox/ctakes-commits/201209.mbox/<20120924220606.A39DE23889C5@eris.apache.org>,chenpei
Mon Sep 24 22:07:05 2012,http://mail-archives.apache.org/mod_mbox/ctakes-commits/201209.mbox/<20120924220606.A39DE23889C5@eris.apache.org>,chenpei
Mon Sep 24 22:07:05 2012,http://mail-archives.apache.org/mod_mbox/ctakes-commits/201209.mbox/<20120924220606.A39DE23889C5@eris.apache.org>,chenpei
Mon Sep 24 22:07:05 2012,http://mail-archives.apache.org/mod_mbox/ctakes-commits/201209.mbox/<20120924220606.A39DE23889C5@eris.apache.org>,chenpei
Mon Sep 24 22:07:05 2012,http://mail-archives.apache.org/mod_mbox/ctakes-commits/201209.mbox/<20120924220606.A39DE23889C5@eris.apache.org>,chenpei
Mon Sep 24 22:07:05 2012,http://mail-archives.apache.org/mod_mbox/ctakes-commits/201209.mbox/<20120924220606.A39DE23889C5@eris.apache.org>,chenpei
Mon Sep 24 22:07:05 2012,http://mail-archives.apache.org/mod_mbox/ctakes-commits/201209.mbox/<20120924220606.A39DE23889C5@eris.apache.org>,chenpei
Mon Sep 24 22:07:05 2012,http://mail-archives.apache.org/mod_mbox/ctakes-commits/201209.mbox/<20120924220606.A39DE23889C5@eris.apache.org>,chenpei
Mon Sep 24 22:07:05 2012,http://mail-archives.apache.org/mod_mbox/ctakes-commits/201209.mbox/<20120924220606.A39DE23889C5@eris.apache.org>,chenpei
Mon Sep 24 22:07:05 2012,http://mail-archives.apache.org/mod_mbox/ctakes-commits/201209.mbox/<20120924220606.A39DE23889C5@eris.apache.org>,chenpei
Mon Sep 24 22:07:05 2012,http://mail-archives.apache.org/mod_mbox/ctakes-commits/201209.mbox/<20120924220606.A39DE23889C5@eris.apache.org>,chenpei
Mon Sep 24 22:07:05 2012,http://mail-archives.apache.org/mod_mbox/ctakes-commits/201209.mbox/<20120924220606.A39DE23889C5@eris.apache.org>,chenpei
Mon Sep 24 22:07:05 2012,http://mail-archives.apache.org/mod_mbox/ctakes-commits/201209.mbox/<20120924220606.A39DE23889C5@eris.apache.org>,chenpei
Mon Sep 24 22:07:05 2012,http://mail-archives.apache.org/mod_mbox/ctakes-commits/201209.mbox/<20120924220606.A39DE23889C5@eris.apache.org>,chenpei
Mon Sep 24 22:07:05 2012,http://mail-archives.apache.org/mod_mbox/ctakes-commits/201209.mbox/<20120924220606.A39DE23889C5@eris.apache.org>,chenpei
Mon Sep 24 22:07:05 2012,http://mail-archives.apache.org/mod_mbox/ctakes-commits/201209.mbox/<20120924220606.A39DE23889C5@eris.apache.org>,chenpei
Mon Sep 24 22:07:05 2012,http://mail-archives.apache.org/mod_mbox/ctakes-commits/201209.mbox/<20120924220606.A39DE23889C5@eris.apache.org>,chenpei
Mon Sep 24 22:07:05 2012,http://mail-archives.apache.org/mod_mbox/ctakes-commits/201209.mbox/<20120924220606.A39DE23889C5@eris.apache.org>,chenpei
Mon Sep 24 22:07:05 2012,http://mail-archives.apache.org/mod_mbox/ctakes-commits/201209.mbox/<20120924220606.A39DE23889C5@eris.apache.org>,chenpei
Mon Sep 24 22:07:05 2012,http://mail-archives.apache.org/mod_mbox/ctakes-commits/201209.mbox/<20120924220606.A39DE23889C5@eris.apache.org>,chenpei
Mon Sep 24 22:07:05 2012,http://mail-archives.apache.org/mod_mbox/ctakes-commits/201209.mbox/<20120924220606.A39DE23889C5@eris.apache.org>,chenpei
Mon Sep 24 22:07:05 2012,http://mail-archives.apache.org/mod_mbox/ctakes-commits/201209.mbox/<20120924220606.A39DE23889C5@eris.apache.org>,chenpei
Mon Sep 24 22:07:05 2012,http://mail-archives.apache.org/mod_mbox/ctakes-commits/201209.mbox/<20120924220606.A39DE23889C5@eris.apache.org>,chenpei
Mon Sep 24 22:07:05 2012,http://mail-archives.apache.org/mod_mbox/ctakes-commits/201209.mbox/<20120924220606.A39DE23889C5@eris.apache.org>,chenpei
Mon Sep 24 22:07:05 2012,http://mail-archives.apache.org/mod_mbox/ctakes-commits/201209.mbox/<20120924220606.A39DE23889C5@eris.apache.org>,chenpei
Mon Sep 24 22:07:05 2012,http://mail-archives.apache.org/mod_mbox/ctakes-commits/201209.mbox/<20120924220606.A39DE23889C5@eris.apache.org>,chenpei
Mon Sep 24 22:07:05 2012,http://mail-archives.apache.org/mod_mbox/ctakes-commits/201209.mbox/<20120924220606.A39DE23889C5@eris.apache.org>,chenpei
Mon Sep 24 22:07:05 2012,http://mail-archives.apache.org/mod_mbox/ctakes-commits/201209.mbox/<20120924220606.A39DE23889C5@eris.apache.org>,chenpei
Mon Sep 24 22:07:05 2012,http://mail-archives.apache.org/mod_mbox/ctakes-commits/201209.mbox/<20120924220606.A39DE23889C5@eris.apache.org>,chenpei
Mon Sep 24 22:07:05 2012,http://mail-archives.apache.org/mod_mbox/ctakes-commits/201209.mbox/<20120924220606.A39DE23889C5@eris.apache.org>,chenpei
Mon Sep 24 22:07:05 2012,http://mail-archives.apache.org/mod_mbox/ctakes-commits/201209.mbox/<20120924220606.A39DE23889C5@eris.apache.org>,chenpei
Mon Sep 24 22:07:05 2012,http://mail-archives.apache.org/mod_mbox/ctakes-commits/201209.mbox/<20120924220606.A39DE23889C5@eris.apache.org>,chenpei
Mon Sep 24 22:07:05 2012,http://mail-archives.apache.org/mod_mbox/ctakes-commits/201209.mbox/<20120924220606.A39DE23889C5@eris.apache.org>,chenpei
Mon Sep 24 22:07:05 2012,http://mail-archives.apache.org/mod_mbox/ctakes-commits/201209.mbox/<20120924220606.A39DE23889C5@eris.apache.org>,chenpei
Mon Sep 24 22:07:05 2012,http://mail-archives.apache.org/mod_mbox/ctakes-commits/201209.mbox/<20120924220606.A39DE23889C5@eris.apache.org>,chenpei
Mon Sep 24 22:07:05 2012,http://mail-archives.apache.org/mod_mbox/ctakes-commits/201209.mbox/<20120924220606.A39DE23889C5@eris.apache.org>,chenpei
Mon Sep 24 22:07:05 2012,http://mail-archives.apache.org/mod_mbox/ctakes-commits/201209.mbox/<20120924220606.A39DE23889C5@eris.apache.org>,chenpei
Mon Sep 24 22:07:05 2012,http://mail-archives.apache.org/mod_mbox/ctakes-commits/201209.mbox/<20120924220606.A39DE23889C5@eris.apache.org>,chenpei
Mon Sep 24 22:07:05 2012,http://mail-archives.apache.org/mod_mbox/ctakes-commits/201209.mbox/<20120924220606.A39DE23889C5@eris.apache.org>,chenpei
Mon Sep 24 22:07:05 2012,http://mail-archives.apache.org/mod_mbox/ctakes-commits/201209.mbox/<20120924220606.A39DE23889C5@eris.apache.org>,chenpei
Mon Sep 24 22:07:05 2012,http://mail-archives.apache.org/mod_mbox/ctakes-commits/201209.mbox/<20120924220606.A39DE23889C5@eris.apache.org>,chenpei
Mon Sep 24 22:07:05 2012,http://mail-archives.apache.org/mod_mbox/ctakes-commits/201209.mbox/<20120924220606.A39DE23889C5@eris.apache.org>,chenpei
Mon Sep 24 22:07:05 2012,http://mail-archives.apache.org/mod_mbox/ctakes-commits/201209.mbox/<20120924220606.A39DE23889C5@eris.apache.org>,chenpei
Mon Sep 24 22:07:05 2012,http://mail-archives.apache.org/mod_mbox/ctakes-commits/201209.mbox/<20120924220606.A39DE23889C5@eris.apache.org>,chenpei
Mon Sep 24 22:07:05 2012,http://mail-archives.apache.org/mod_mbox/ctakes-commits/201209.mbox/<20120924220606.A39DE23889C5@eris.apache.org>,chenpei
Mon Sep 24 22:07:05 2012,http://mail-archives.apache.org/mod_mbox/ctakes-commits/201209.mbox/<20120924220606.A39DE23889C5@eris.apache.org>,chenpei
Mon Sep 24 22:07:05 2012,http://mail-archives.apache.org/mod_mbox/ctakes-commits/201209.mbox/<20120924220606.A39DE23889C5@eris.apache.org>,chenpei
Mon Sep 24 22:07:05 2012,http://mail-archives.apache.org/mod_mbox/ctakes-commits/201209.mbox/<20120924220606.A39DE23889C5@eris.apache.org>,chenpei
Mon Sep 24 22:07:05 2012,http://mail-archives.apache.org/mod_mbox/ctakes-commits/201209.mbox/<20120924220606.A39DE23889C5@eris.apache.org>,chenpei
Mon Sep 24 22:07:05 2012,http://mail-archives.apache.org/mod_mbox/ctakes-commits/201209.mbox/<20120924220606.A39DE23889C5@eris.apache.org>,chenpei
Mon Sep 24 22:07:05 2012,http://mail-archives.apache.org/mod_mbox/ctakes-commits/201209.mbox/<20120924220606.A39DE23889C5@eris.apache.org>,chenpei
Mon Sep 24 22:07:05 2012,http://mail-archives.apache.org/mod_mbox/ctakes-commits/201209.mbox/<20120924220606.A39DE23889C5@eris.apache.org>,chenpei
Mon Sep 24 22:07:05 2012,http://mail-archives.apache.org/mod_mbox/ctakes-commits/201209.mbox/<20120924220606.A39DE23889C5@eris.apache.org>,chenpei
Mon Sep 24 22:07:05 2012,http://mail-archives.apache.org/mod_mbox/ctakes-commits/201209.mbox/<20120924220606.A39DE23889C5@eris.apache.org>,chenpei
Mon Sep 24 22:07:05 2012,http://mail-archives.apache.org/mod_mbox/ctakes-commits/201209.mbox/<20120924220606.A39DE23889C5@eris.apache.org>,chenpei
Mon Sep 24 22:07:05 2012,http://mail-archives.apache.org/mod_mbox/ctakes-commits/201209.mbox/<20120924220606.A39DE23889C5@eris.apache.org>,chenpei
Mon Sep 24 22:07:05 2012,http://mail-archives.apache.org/mod_mbox/ctakes-commits/201209.mbox/<20120924220606.A39DE23889C5@eris.apache.org>,chenpei
Mon Sep 24 22:07:05 2012,http://mail-archives.apache.org/mod_mbox/ctakes-commits/201209.mbox/<20120924220606.A39DE23889C5@eris.apache.org>,chenpei
Mon Sep 24 22:07:05 2012,http://mail-archives.apache.org/mod_mbox/ctakes-commits/201209.mbox/<20120924220606.A39DE23889C5@eris.apache.org>,chenpei
Mon Sep 24 22:07:05 2012,http://mail-archives.apache.org/mod_mbox/ctakes-commits/201209.mbox/<20120924220606.A39DE23889C5@eris.apache.org>,chenpei
Mon Sep 24 22:07:05 2012,http://mail-archives.apache.org/mod_mbox/ctakes-commits/201209.mbox/<20120924220606.A39DE23889C5@eris.apache.org>,chenpei
Mon Sep 24 22:07:05 2012,http://mail-archives.apache.org/mod_mbox/ctakes-commits/201209.mbox/<20120924220606.A39DE23889C5@eris.apache.org>,chenpei
Mon Sep 24 22:07:05 2012,http://mail-archives.apache.org/mod_mbox/ctakes-commits/201209.mbox/<20120924220606.A39DE23889C5@eris.apache.org>,chenpei
Mon Sep 24 22:07:05 2012,http://mail-archives.apache.org/mod_mbox/ctakes-commits/201209.mbox/<20120924220606.A39DE23889C5@eris.apache.org>,chenpei
Mon Sep 24 22:07:05 2012,http://mail-archives.apache.org/mod_mbox/ctakes-commits/201209.mbox/<20120924220606.A39DE23889C5@eris.apache.org>,chenpei
Mon Sep 24 22:07:05 2012,http://mail-archives.apache.org/mod_mbox/ctakes-commits/201209.mbox/<20120924220606.A39DE23889C5@eris.apache.org>,chenpei
Mon Sep 24 22:07:05 2012,http://mail-archives.apache.org/mod_mbox/ctakes-commits/201209.mbox/<20120924220606.A39DE23889C5@eris.apache.org>,chenpei
Mon Sep 24 22:07:05 2012,http://mail-archives.apache.org/mod_mbox/ctakes-commits/201209.mbox/<20120924220606.A39DE23889C5@eris.apache.org>,chenpei
Mon Sep 24 22:07:05 2012,http://mail-archives.apache.org/mod_mbox/ctakes-commits/201209.mbox/<20120924220606.A39DE23889C5@eris.apache.org>,chenpei
Mon Sep 24 22:07:05 2012,http://mail-archives.apache.org/mod_mbox/ctakes-commits/201209.mbox/<20120924220606.A39DE23889C5@eris.apache.org>,chenpei
Mon Sep 24 22:07:05 2012,http://mail-archives.apache.org/mod_mbox/ctakes-commits/201209.mbox/<20120924220606.A39DE23889C5@eris.apache.org>,chenpei
Mon Sep 24 22:07:05 2012,http://mail-archives.apache.org/mod_mbox/ctakes-commits/201209.mbox/<20120924220606.A39DE23889C5@eris.apache.org>,chenpei
Mon Sep 24 22:07:05 2012,http://mail-archives.apache.org/mod_mbox/ctakes-commits/201209.mbox/<20120924220606.A39DE23889C5@eris.apache.org>,chenpei
Mon Sep 24 22:07:05 2012,http://mail-archives.apache.org/mod_mbox/ctakes-commits/201209.mbox/<20120924220606.A39DE23889C5@eris.apache.org>,chenpei
Mon Sep 24 22:07:05 2012,http://mail-archives.apache.org/mod_mbox/ctakes-commits/201209.mbox/<20120924220606.A39DE23889C5@eris.apache.org>,chenpei
Mon Sep 24 22:07:05 2012,http://mail-archives.apache.org/mod_mbox/ctakes-commits/201209.mbox/<20120924220606.A39DE23889C5@eris.apache.org>,chenpei
Mon Sep 24 22:07:05 2012,http://mail-archives.apache.org/mod_mbox/ctakes-commits/201209.mbox/<20120924220606.A39DE23889C5@eris.apache.org>,chenpei
Mon Sep 24 22:07:05 2012,http://mail-archives.apache.org/mod_mbox/ctakes-commits/201209.mbox/<20120924220606.A39DE23889C5@eris.apache.org>,chenpei
Mon Sep 24 22:07:05 2012,http://mail-archives.apache.org/mod_mbox/ctakes-commits/201209.mbox/<20120924220606.A39DE23889C5@eris.apache.org>,chenpei
Mon Sep 24 22:07:05 2012,http://mail-archives.apache.org/mod_mbox/ctakes-commits/201209.mbox/<20120924220606.A39DE23889C5@eris.apache.org>,chenpei
Mon Sep 24 22:07:05 2012,http://mail-archives.apache.org/mod_mbox/ctakes-commits/201209.mbox/<20120924220606.A39DE23889C5@eris.apache.org>,chenpei
Mon Sep 24 22:07:05 2012,http://mail-archives.apache.org/mod_mbox/ctakes-commits/201209.mbox/<20120924220606.A39DE23889C5@eris.apache.org>,chenpei
Mon Sep 24 22:07:05 2012,http://mail-archives.apache.org/mod_mbox/ctakes-commits/201209.mbox/<20120924220606.A39DE23889C5@eris.apache.org>,chenpei
Mon Sep 24 22:07:05 2012,http://mail-archives.apache.org/mod_mbox/ctakes-commits/201209.mbox/<20120924220606.A39DE23889C5@eris.apache.org>,chenpei
Mon Sep 24 22:07:05 2012,http://mail-archives.apache.org/mod_mbox/ctakes-commits/201209.mbox/<20120924220606.A39DE23889C5@eris.apache.org>,chenpei
Mon Sep 24 22:07:05 2012,http://mail-archives.apache.org/mod_mbox/ctakes-commits/201209.mbox/<20120924220606.A39DE23889C5@eris.apache.org>,chenpei
Mon Sep 24 22:07:05 2012,http://mail-archives.apache.org/mod_mbox/ctakes-commits/201209.mbox/<20120924220606.A39DE23889C5@eris.apache.org>,chenpei
Mon Sep 24 22:07:05 2012,http://mail-archives.apache.org/mod_mbox/ctakes-commits/201209.mbox/<20120924220606.A39DE23889C5@eris.apache.org>,chenpei
Mon Sep 24 22:07:05 2012,http://mail-archives.apache.org/mod_mbox/ctakes-commits/201209.mbox/<20120924220606.A39DE23889C5@eris.apache.org>,chenpei
Mon Sep 24 22:07:05 2012,http://mail-archives.apache.org/mod_mbox/ctakes-commits/201209.mbox/<20120924220606.A39DE23889C5@eris.apache.org>,chenpei
Mon Sep 24 22:07:05 2012,http://mail-archives.apache.org/mod_mbox/ctakes-commits/201209.mbox/<20120924220606.A39DE23889C5@eris.apache.org>,chenpei
Mon Sep 24 22:07:05 2012,http://mail-archives.apache.org/mod_mbox/ctakes-commits/201209.mbox/<20120924220606.A39DE23889C5@eris.apache.org>,chenpei
Mon Sep 24 22:07:05 2012,http://mail-archives.apache.org/mod_mbox/ctakes-commits/201209.mbox/<20120924220606.A39DE23889C5@eris.apache.org>,chenpei
Mon Sep 24 22:07:05 2012,http://mail-archives.apache.org/mod_mbox/ctakes-commits/201209.mbox/<20120924220606.A39DE23889C5@eris.apache.org>,chenpei
Mon Sep 24 22:07:05 2012,http://mail-archives.apache.org/mod_mbox/ctakes-commits/201209.mbox/<20120924220606.A39DE23889C5@eris.apache.org>,chenpei
Mon Sep 24 22:07:05 2012,http://mail-archives.apache.org/mod_mbox/ctakes-commits/201209.mbox/<20120924220606.A39DE23889C5@eris.apache.org>,chenpei
Mon Sep 24 22:07:05 2012,http://mail-archives.apache.org/mod_mbox/ctakes-commits/201209.mbox/<20120924220606.A39DE23889C5@eris.apache.org>,chenpei
Mon Sep 24 22:07:05 2012,http://mail-archives.apache.org/mod_mbox/ctakes-commits/201209.mbox/<20120924220606.A39DE23889C5@eris.apache.org>,chenpei
Mon Sep 24 22:07:05 2012,http://mail-archives.apache.org/mod_mbox/ctakes-commits/201209.mbox/<20120924220606.A39DE23889C5@eris.apache.org>,chenpei
Mon Sep 24 22:07:05 2012,http://mail-archives.apache.org/mod_mbox/ctakes-commits/201209.mbox/<20120924220606.A39DE23889C5@eris.apache.org>,chenpei
Mon Sep 24 22:07:05 2012,http://mail-archives.apache.org/mod_mbox/ctakes-commits/201209.mbox/<20120924220606.A39DE23889C5@eris.apache.org>,chenpei
Mon Sep 24 22:07:05 2012,http://mail-archives.apache.org/mod_mbox/ctakes-commits/201209.mbox/<20120924220606.A39DE23889C5@eris.apache.org>,chenpei
Mon Sep 24 22:07:05 2012,http://mail-archives.apache.org/mod_mbox/ctakes-commits/201209.mbox/<20120924220606.A39DE23889C5@eris.apache.org>,chenpei
Mon Sep 24 22:07:05 2012,http://mail-archives.apache.org/mod_mbox/ctakes-commits/201209.mbox/<20120924220606.A39DE23889C5@eris.apache.org>,chenpei
Mon Sep 24 22:07:05 2012,http://mail-archives.apache.org/mod_mbox/ctakes-commits/201209.mbox/<20120924220606.A39DE23889C5@eris.apache.org>,chenpei
Mon Sep 24 22:07:05 2012,http://mail-archives.apache.org/mod_mbox/ctakes-commits/201209.mbox/<20120924220606.A39DE23889C5@eris.apache.org>,chenpei
Mon Sep 24 22:07:05 2012,http://mail-archives.apache.org/mod_mbox/ctakes-commits/201209.mbox/<20120924220606.A39DE23889C5@eris.apache.org>,chenpei
Mon Sep 24 22:07:05 2012,http://mail-archives.apache.org/mod_mbox/ctakes-commits/201209.mbox/<20120924220606.A39DE23889C5@eris.apache.org>,chenpei
Mon Sep 24 22:07:05 2012,http://mail-archives.apache.org/mod_mbox/ctakes-commits/201209.mbox/<20120924220606.A39DE23889C5@eris.apache.org>,chenpei
Mon Sep 24 22:07:05 2012,http://mail-archives.apache.org/mod_mbox/ctakes-commits/201209.mbox/<20120924220606.A39DE23889C5@eris.apache.org>,chenpei
Mon Sep 24 22:07:05 2012,http://mail-archives.apache.org/mod_mbox/ctakes-commits/201209.mbox/<20120924220606.A39DE23889C5@eris.apache.org>,chenpei
Mon Sep 24 22:07:05 2012,http://mail-archives.apache.org/mod_mbox/ctakes-commits/201209.mbox/<20120924220606.A39DE23889C5@eris.apache.org>,chenpei
Mon Sep 24 22:07:05 2012,http://mail-archives.apache.org/mod_mbox/ctakes-commits/201209.mbox/<20120924220606.A39DE23889C5@eris.apache.org>,chenpei
Mon Sep 24 22:07:05 2012,http://mail-archives.apache.org/mod_mbox/ctakes-commits/201209.mbox/<20120924220606.A39DE23889C5@eris.apache.org>,chenpei
Mon Sep 24 22:07:05 2012,http://mail-archives.apache.org/mod_mbox/ctakes-commits/201209.mbox/<20120924220606.A39DE23889C5@eris.apache.org>,chenpei
Mon Sep 24 22:07:05 2012,http://mail-archives.apache.org/mod_mbox/ctakes-commits/201209.mbox/<20120924220606.A39DE23889C5@eris.apache.org>,chenpei
Mon Sep 24 22:07:05 2012,http://mail-archives.apache.org/mod_mbox/ctakes-commits/201209.mbox/<20120924220606.A39DE23889C5@eris.apache.org>,chenpei
Mon Sep 24 22:07:05 2012,http://mail-archives.apache.org/mod_mbox/ctakes-commits/201209.mbox/<20120924220606.A39DE23889C5@eris.apache.org>,chenpei
Mon Sep 24 22:07:05 2012,http://mail-archives.apache.org/mod_mbox/ctakes-commits/201209.mbox/<20120924220606.A39DE23889C5@eris.apache.org>,chenpei
Mon Sep 24 22:07:05 2012,http://mail-archives.apache.org/mod_mbox/ctakes-commits/201209.mbox/<20120924220606.A39DE23889C5@eris.apache.org>,chenpei
Mon Sep 24 22:07:05 2012,http://mail-archives.apache.org/mod_mbox/ctakes-commits/201209.mbox/<20120924220606.A39DE23889C5@eris.apache.org>,chenpei
Mon Sep 24 22:07:05 2012,http://mail-archives.apache.org/mod_mbox/ctakes-commits/201209.mbox/<20120924220606.A39DE23889C5@eris.apache.org>,chenpei
Mon Sep 24 22:07:05 2012,http://mail-archives.apache.org/mod_mbox/ctakes-commits/201209.mbox/<20120924220606.A39DE23889C5@eris.apache.org>,chenpei
Mon Sep 24 22:07:05 2012,http://mail-archives.apache.org/mod_mbox/ctakes-commits/201209.mbox/<20120924220606.A39DE23889C5@eris.apache.org>,chenpei
Mon Sep 24 22:07:05 2012,http://mail-archives.apache.org/mod_mbox/ctakes-commits/201209.mbox/<20120924220606.A39DE23889C5@eris.apache.org>,chenpei
Mon Sep 24 22:07:05 2012,http://mail-archives.apache.org/mod_mbox/ctakes-commits/201209.mbox/<20120924220606.A39DE23889C5@eris.apache.org>,chenpei
Mon Sep 24 22:07:05 2012,http://mail-archives.apache.org/mod_mbox/ctakes-commits/201209.mbox/<20120924220606.A39DE23889C5@eris.apache.org>,chenpei
Mon Sep 24 22:07:05 2012,http://mail-archives.apache.org/mod_mbox/ctakes-commits/201209.mbox/<20120924220606.A39DE23889C5@eris.apache.org>,chenpei
Mon Sep 24 22:07:05 2012,http://mail-archives.apache.org/mod_mbox/ctakes-commits/201209.mbox/<20120924220606.A39DE23889C5@eris.apache.org>,chenpei
Mon Sep 24 22:07:05 2012,http://mail-archives.apache.org/mod_mbox/ctakes-commits/201209.mbox/<20120924220606.A39DE23889C5@eris.apache.org>,chenpei
Mon Sep 24 22:07:05 2012,http://mail-archives.apache.org/mod_mbox/ctakes-commits/201209.mbox/<20120924220606.A39DE23889C5@eris.apache.org>,chenpei
Mon Sep 24 22:07:05 2012,http://mail-archives.apache.org/mod_mbox/ctakes-commits/201209.mbox/<20120924220606.A39DE23889C5@eris.apache.org>,chenpei
Mon Sep 24 22:07:05 2012,http://mail-archives.apache.org/mod_mbox/ctakes-commits/201209.mbox/<20120924220606.A39DE23889C5@eris.apache.org>,chenpei
Mon Sep 24 22:07:05 2012,http://mail-archives.apache.org/mod_mbox/ctakes-commits/201209.mbox/<20120924220606.A39DE23889C5@eris.apache.org>,chenpei
Mon Sep 24 22:07:05 2012,http://mail-archives.apache.org/mod_mbox/ctakes-commits/201209.mbox/<20120924220606.A39DE23889C5@eris.apache.org>,chenpei
Mon Sep 24 22:07:06 2012,http://mail-archives.apache.org/mod_mbox/ctakes-commits/201209.mbox/<20120924220606.D49A12388ACC@eris.apache.org>,chenpei
Mon Sep 24 22:07:06 2012,http://mail-archives.apache.org/mod_mbox/ctakes-commits/201209.mbox/<20120924220606.D49A12388ACC@eris.apache.org>,chenpei
Mon Sep 24 22:07:06 2012,http://mail-archives.apache.org/mod_mbox/ctakes-commits/201209.mbox/<20120924220606.D49A12388ACC@eris.apache.org>,chenpei
Mon Sep 24 22:07:06 2012,http://mail-archives.apache.org/mod_mbox/ctakes-commits/201209.mbox/<20120924220606.D49A12388ACC@eris.apache.org>,chenpei
Mon Sep 24 22:07:06 2012,http://mail-archives.apache.org/mod_mbox/ctakes-commits/201209.mbox/<20120924220606.D49A12388ACC@eris.apache.org>,chenpei
Mon Sep 24 22:07:06 2012,http://mail-archives.apache.org/mod_mbox/ctakes-commits/201209.mbox/<20120924220606.D49A12388ACC@eris.apache.org>,chenpei
Mon Sep 24 22:07:06 2012,http://mail-archives.apache.org/mod_mbox/ctakes-commits/201209.mbox/<20120924220606.D49A12388ACC@eris.apache.org>,chenpei
Mon Sep 24 22:07:06 2012,http://mail-archives.apache.org/mod_mbox/ctakes-commits/201209.mbox/<20120924220606.D49A12388ACC@eris.apache.org>,chenpei
Mon Sep 24 22:07:06 2012,http://mail-archives.apache.org/mod_mbox/ctakes-commits/201209.mbox/<20120924220606.D49A12388ACC@eris.apache.org>,chenpei
Mon Sep 24 22:07:06 2012,http://mail-archives.apache.org/mod_mbox/ctakes-commits/201209.mbox/<20120924220606.D49A12388ACC@eris.apache.org>,chenpei
Mon Sep 24 22:07:06 2012,http://mail-archives.apache.org/mod_mbox/ctakes-commits/201209.mbox/<20120924220606.D49A12388ACC@eris.apache.org>,chenpei
Mon Sep 24 22:07:06 2012,http://mail-archives.apache.org/mod_mbox/ctakes-commits/201209.mbox/<20120924220606.D49A12388ACC@eris.apache.org>,chenpei
Mon Sep 24 22:07:06 2012,http://mail-archives.apache.org/mod_mbox/ctakes-commits/201209.mbox/<20120924220606.D49A12388ACC@eris.apache.org>,chenpei
Mon Sep 24 22:07:06 2012,http://mail-archives.apache.org/mod_mbox/ctakes-commits/201209.mbox/<20120924220606.D49A12388ACC@eris.apache.org>,chenpei
Mon Sep 24 22:07:06 2012,http://mail-archives.apache.org/mod_mbox/ctakes-commits/201209.mbox/<20120924220606.D49A12388ACC@eris.apache.org>,chenpei
Mon Sep 24 22:07:06 2012,http://mail-archives.apache.org/mod_mbox/ctakes-commits/201209.mbox/<20120924220606.D49A12388ACC@eris.apache.org>,chenpei
Mon Sep 24 22:07:06 2012,http://mail-archives.apache.org/mod_mbox/ctakes-commits/201209.mbox/<20120924220606.D49A12388ACC@eris.apache.org>,chenpei
Mon Sep 24 22:07:06 2012,http://mail-archives.apache.org/mod_mbox/ctakes-commits/201209.mbox/<20120924220606.D49A12388ACC@eris.apache.org>,chenpei
Mon Sep 24 22:07:06 2012,http://mail-archives.apache.org/mod_mbox/ctakes-commits/201209.mbox/<20120924220606.D49A12388ACC@eris.apache.org>,chenpei
Mon Sep 24 22:07:06 2012,http://mail-archives.apache.org/mod_mbox/ctakes-commits/201209.mbox/<20120924220606.D49A12388ACC@eris.apache.org>,chenpei
Mon Sep 24 22:07:06 2012,http://mail-archives.apache.org/mod_mbox/ctakes-commits/201209.mbox/<20120924220606.D49A12388ACC@eris.apache.org>,chenpei
Mon Sep 24 22:07:06 2012,http://mail-archives.apache.org/mod_mbox/ctakes-commits/201209.mbox/<20120924220606.D49A12388ACC@eris.apache.org>,chenpei
Mon Sep 24 22:07:06 2012,http://mail-archives.apache.org/mod_mbox/ctakes-commits/201209.mbox/<20120924220606.D49A12388ACC@eris.apache.org>,chenpei
Mon Sep 24 22:07:06 2012,http://mail-archives.apache.org/mod_mbox/ctakes-commits/201209.mbox/<20120924220606.D49A12388ACC@eris.apache.org>,chenpei
Mon Sep 24 22:07:06 2012,http://mail-archives.apache.org/mod_mbox/ctakes-commits/201209.mbox/<20120924220606.D49A12388ACC@eris.apache.org>,chenpei
Mon Sep 24 22:07:06 2012,http://mail-archives.apache.org/mod_mbox/ctakes-commits/201209.mbox/<20120924220606.D49A12388ACC@eris.apache.org>,chenpei
Mon Sep 24 22:07:06 2012,http://mail-archives.apache.org/mod_mbox/ctakes-commits/201209.mbox/<20120924220606.D49A12388ACC@eris.apache.org>,chenpei
Mon Sep 24 22:07:06 2012,http://mail-archives.apache.org/mod_mbox/ctakes-commits/201209.mbox/<20120924220606.D49A12388ACC@eris.apache.org>,chenpei
Mon Sep 24 22:07:06 2012,http://mail-archives.apache.org/mod_mbox/ctakes-commits/201209.mbox/<20120924220606.D49A12388ACC@eris.apache.org>,chenpei
Mon Sep 24 22:07:06 2012,http://mail-archives.apache.org/mod_mbox/ctakes-commits/201209.mbox/<20120924220606.D49A12388ACC@eris.apache.org>,chenpei
Mon Sep 24 22:07:06 2012,http://mail-archives.apache.org/mod_mbox/ctakes-commits/201209.mbox/<20120924220606.D49A12388ACC@eris.apache.org>,chenpei
Mon Sep 24 22:07:06 2012,http://mail-archives.apache.org/mod_mbox/ctakes-commits/201209.mbox/<20120924220606.D49A12388ACC@eris.apache.org>,chenpei
Mon Sep 24 22:07:06 2012,http://mail-archives.apache.org/mod_mbox/ctakes-commits/201209.mbox/<20120924220606.D49A12388ACC@eris.apache.org>,chenpei
Mon Sep 24 22:07:06 2012,http://mail-archives.apache.org/mod_mbox/ctakes-commits/201209.mbox/<20120924220606.D49A12388ACC@eris.apache.org>,chenpei
Mon Sep 24 22:07:06 2012,http://mail-archives.apache.org/mod_mbox/ctakes-commits/201209.mbox/<20120924220606.D49A12388ACC@eris.apache.org>,chenpei
Mon Sep 24 22:07:06 2012,http://mail-archives.apache.org/mod_mbox/ctakes-commits/201209.mbox/<20120924220606.D49A12388ACC@eris.apache.org>,chenpei
Mon Sep 24 22:07:06 2012,http://mail-archives.apache.org/mod_mbox/ctakes-commits/201209.mbox/<20120924220606.D49A12388ACC@eris.apache.org>,chenpei
Mon Sep 24 22:07:06 2012,http://mail-archives.apache.org/mod_mbox/ctakes-commits/201209.mbox/<20120924220606.D49A12388ACC@eris.apache.org>,chenpei
Mon Sep 24 22:07:06 2012,http://mail-archives.apache.org/mod_mbox/ctakes-commits/201209.mbox/<20120924220606.D49A12388ACC@eris.apache.org>,chenpei
Mon Sep 24 22:07:06 2012,http://mail-archives.apache.org/mod_mbox/ctakes-commits/201209.mbox/<20120924220606.D49A12388ACC@eris.apache.org>,chenpei
Mon Sep 24 22:07:06 2012,http://mail-archives.apache.org/mod_mbox/ctakes-commits/201209.mbox/<20120924220606.D49A12388ACC@eris.apache.org>,chenpei
Mon Sep 24 22:07:06 2012,http://mail-archives.apache.org/mod_mbox/ctakes-commits/201209.mbox/<20120924220606.D49A12388ACC@eris.apache.org>,chenpei
Mon Sep 24 22:07:06 2012,http://mail-archives.apache.org/mod_mbox/ctakes-commits/201209.mbox/<20120924220606.D49A12388ACC@eris.apache.org>,chenpei
Mon Sep 24 22:07:06 2012,http://mail-archives.apache.org/mod_mbox/ctakes-commits/201209.mbox/<20120924220606.D49A12388ACC@eris.apache.org>,chenpei
Mon Sep 24 22:07:06 2012,http://mail-archives.apache.org/mod_mbox/ctakes-commits/201209.mbox/<20120924220606.D49A12388ACC@eris.apache.org>,chenpei
Mon Sep 24 22:07:06 2012,http://mail-archives.apache.org/mod_mbox/ctakes-commits/201209.mbox/<20120924220606.D49A12388ACC@eris.apache.org>,chenpei
Mon Sep 24 22:07:06 2012,http://mail-archives.apache.org/mod_mbox/ctakes-commits/201209.mbox/<20120924220606.D49A12388ACC@eris.apache.org>,chenpei
Mon Sep 24 22:07:06 2012,http://mail-archives.apache.org/mod_mbox/ctakes-commits/201209.mbox/<20120924220606.D49A12388ACC@eris.apache.org>,chenpei
Mon Sep 24 22:07:06 2012,http://mail-archives.apache.org/mod_mbox/ctakes-commits/201209.mbox/<20120924220606.D49A12388ACC@eris.apache.org>,chenpei
Mon Sep 24 22:07:06 2012,http://mail-archives.apache.org/mod_mbox/ctakes-commits/201209.mbox/<20120924220606.D49A12388ACC@eris.apache.org>,chenpei
Mon Sep 24 22:07:06 2012,http://mail-archives.apache.org/mod_mbox/ctakes-commits/201209.mbox/<20120924220606.D49A12388ACC@eris.apache.org>,chenpei
Mon Sep 24 22:07:06 2012,http://mail-archives.apache.org/mod_mbox/ctakes-commits/201209.mbox/<20120924220606.D49A12388ACC@eris.apache.org>,chenpei
Mon Sep 24 22:07:06 2012,http://mail-archives.apache.org/mod_mbox/ctakes-commits/201209.mbox/<20120924220606.D49A12388ACC@eris.apache.org>,chenpei
Mon Sep 24 22:07:06 2012,http://mail-archives.apache.org/mod_mbox/ctakes-commits/201209.mbox/<20120924220606.D49A12388ACC@eris.apache.org>,chenpei
Mon Sep 24 22:07:06 2012,http://mail-archives.apache.org/mod_mbox/ctakes-commits/201209.mbox/<20120924220606.D49A12388ACC@eris.apache.org>,chenpei
Mon Sep 24 22:07:06 2012,http://mail-archives.apache.org/mod_mbox/ctakes-commits/201209.mbox/<20120924220606.D49A12388ACC@eris.apache.org>,chenpei
Mon Sep 24 22:07:06 2012,http://mail-archives.apache.org/mod_mbox/ctakes-commits/201209.mbox/<20120924220606.D49A12388ACC@eris.apache.org>,chenpei
Mon Sep 24 22:07:06 2012,http://mail-archives.apache.org/mod_mbox/ctakes-commits/201209.mbox/<20120924220606.D49A12388ACC@eris.apache.org>,chenpei
Mon Sep 24 22:07:06 2012,http://mail-archives.apache.org/mod_mbox/ctakes-commits/201209.mbox/<20120924220606.D49A12388ACC@eris.apache.org>,chenpei
Mon Sep 24 22:07:06 2012,http://mail-archives.apache.org/mod_mbox/ctakes-commits/201209.mbox/<20120924220606.D49A12388ACC@eris.apache.org>,chenpei
Mon Sep 24 22:07:06 2012,http://mail-archives.apache.org/mod_mbox/ctakes-commits/201209.mbox/<20120924220606.D49A12388ACC@eris.apache.org>,chenpei
Mon Sep 24 22:07:06 2012,http://mail-archives.apache.org/mod_mbox/ctakes-commits/201209.mbox/<20120924220606.D49A12388ACC@eris.apache.org>,chenpei
Mon Sep 24 22:07:06 2012,http://mail-archives.apache.org/mod_mbox/ctakes-commits/201209.mbox/<20120924220606.D49A12388ACC@eris.apache.org>,chenpei
Mon Sep 24 22:07:06 2012,http://mail-archives.apache.org/mod_mbox/ctakes-commits/201209.mbox/<20120924220606.D49A12388ACC@eris.apache.org>,chenpei
Mon Sep 24 22:07:06 2012,http://mail-archives.apache.org/mod_mbox/ctakes-commits/201209.mbox/<20120924220606.D49A12388ACC@eris.apache.org>,chenpei
Mon Sep 24 22:07:06 2012,http://mail-archives.apache.org/mod_mbox/ctakes-commits/201209.mbox/<20120924220606.D49A12388ACC@eris.apache.org>,chenpei
Mon Sep 24 22:07:06 2012,http://mail-archives.apache.org/mod_mbox/ctakes-commits/201209.mbox/<20120924220606.D49A12388ACC@eris.apache.org>,chenpei
Mon Sep 24 22:07:06 2012,http://mail-archives.apache.org/mod_mbox/ctakes-commits/201209.mbox/<20120924220606.D49A12388ACC@eris.apache.org>,chenpei
Mon Sep 24 22:07:06 2012,http://mail-archives.apache.org/mod_mbox/ctakes-commits/201209.mbox/<20120924220606.D49A12388ACC@eris.apache.org>,chenpei
Mon Sep 24 22:07:06 2012,http://mail-archives.apache.org/mod_mbox/ctakes-commits/201209.mbox/<20120924220606.D49A12388ACC@eris.apache.org>,chenpei
Mon Sep 24 22:07:06 2012,http://mail-archives.apache.org/mod_mbox/ctakes-commits/201209.mbox/<20120924220606.D49A12388ACC@eris.apache.org>,chenpei
Mon Sep 24 22:07:06 2012,http://mail-archives.apache.org/mod_mbox/ctakes-commits/201209.mbox/<20120924220606.D49A12388ACC@eris.apache.org>,chenpei
Mon Sep 24 22:07:06 2012,http://mail-archives.apache.org/mod_mbox/ctakes-commits/201209.mbox/<20120924220606.D49A12388ACC@eris.apache.org>,chenpei
Mon Sep 24 22:07:06 2012,http://mail-archives.apache.org/mod_mbox/ctakes-commits/201209.mbox/<20120924220606.D49A12388ACC@eris.apache.org>,chenpei
Mon Sep 24 22:07:06 2012,http://mail-archives.apache.org/mod_mbox/ctakes-commits/201209.mbox/<20120924220606.D49A12388ACC@eris.apache.org>,chenpei
Mon Sep 24 22:07:06 2012,http://mail-archives.apache.org/mod_mbox/ctakes-commits/201209.mbox/<20120924220606.D49A12388ACC@eris.apache.org>,chenpei
Mon Sep 24 22:07:06 2012,http://mail-archives.apache.org/mod_mbox/ctakes-commits/201209.mbox/<20120924220606.D49A12388ACC@eris.apache.org>,chenpei
Mon Sep 24 22:07:06 2012,http://mail-archives.apache.org/mod_mbox/ctakes-commits/201209.mbox/<20120924220606.D49A12388ACC@eris.apache.org>,chenpei
Mon Sep 24 22:07:06 2012,http://mail-archives.apache.org/mod_mbox/ctakes-commits/201209.mbox/<20120924220606.D49A12388ACC@eris.apache.org>,chenpei
Mon Sep 24 22:07:06 2012,http://mail-archives.apache.org/mod_mbox/ctakes-commits/201209.mbox/<20120924220606.D49A12388ACC@eris.apache.org>,chenpei
Mon Sep 24 22:07:06 2012,http://mail-archives.apache.org/mod_mbox/ctakes-commits/201209.mbox/<20120924220606.D49A12388ACC@eris.apache.org>,chenpei
Mon Sep 24 22:07:06 2012,http://mail-archives.apache.org/mod_mbox/ctakes-commits/201209.mbox/<20120924220606.D49A12388ACC@eris.apache.org>,chenpei
Mon Sep 24 22:07:06 2012,http://mail-archives.apache.org/mod_mbox/ctakes-commits/201209.mbox/<20120924220606.D49A12388ACC@eris.apache.org>,chenpei
Mon Sep 24 22:07:06 2012,http://mail-archives.apache.org/mod_mbox/ctakes-commits/201209.mbox/<20120924220606.D49A12388ACC@eris.apache.org>,chenpei
Mon Sep 24 22:07:06 2012,http://mail-archives.apache.org/mod_mbox/ctakes-commits/201209.mbox/<20120924220606.D49A12388ACC@eris.apache.org>,chenpei
Mon Sep 24 22:07:06 2012,http://mail-archives.apache.org/mod_mbox/ctakes-commits/201209.mbox/<20120924220606.D49A12388ACC@eris.apache.org>,chenpei
Mon Sep 24 22:07:06 2012,http://mail-archives.apache.org/mod_mbox/ctakes-commits/201209.mbox/<20120924220606.D49A12388ACC@eris.apache.org>,chenpei
Mon Sep 24 22:07:06 2012,http://mail-archives.apache.org/mod_mbox/ctakes-commits/201209.mbox/<20120924220606.D49A12388ACC@eris.apache.org>,chenpei
Mon Sep 24 22:07:06 2012,http://mail-archives.apache.org/mod_mbox/ctakes-commits/201209.mbox/<20120924220606.D49A12388ACC@eris.apache.org>,chenpei
Mon Sep 24 22:07:06 2012,http://mail-archives.apache.org/mod_mbox/ctakes-commits/201209.mbox/<20120924220606.D49A12388ACC@eris.apache.org>,chenpei
Mon Sep 24 22:07:06 2012,http://mail-archives.apache.org/mod_mbox/ctakes-commits/201209.mbox/<20120924220606.D49A12388ACC@eris.apache.org>,chenpei
Mon Sep 24 22:07:06 2012,http://mail-archives.apache.org/mod_mbox/ctakes-commits/201209.mbox/<20120924220606.D49A12388ACC@eris.apache.org>,chenpei
Mon Sep 24 22:07:06 2012,http://mail-archives.apache.org/mod_mbox/ctakes-commits/201209.mbox/<20120924220606.D49A12388ACC@eris.apache.org>,chenpei
Mon Sep 24 22:07:06 2012,http://mail-archives.apache.org/mod_mbox/ctakes-commits/201209.mbox/<20120924220606.D49A12388ACC@eris.apache.org>,chenpei
Mon Sep 24 22:07:06 2012,http://mail-archives.apache.org/mod_mbox/ctakes-commits/201209.mbox/<20120924220606.D49A12388ACC@eris.apache.org>,chenpei
Mon Sep 24 22:07:06 2012,http://mail-archives.apache.org/mod_mbox/ctakes-commits/201209.mbox/<20120924220606.D49A12388ACC@eris.apache.org>,chenpei
Mon Sep 24 22:07:06 2012,http://mail-archives.apache.org/mod_mbox/ctakes-commits/201209.mbox/<20120924220606.D49A12388ACC@eris.apache.org>,chenpei
Mon Sep 24 22:07:06 2012,http://mail-archives.apache.org/mod_mbox/ctakes-commits/201209.mbox/<20120924220606.D49A12388ACC@eris.apache.org>,chenpei
Mon Sep 24 22:07:06 2012,http://mail-archives.apache.org/mod_mbox/ctakes-commits/201209.mbox/<20120924220606.D49A12388ACC@eris.apache.org>,chenpei
Mon Sep 24 22:07:06 2012,http://mail-archives.apache.org/mod_mbox/ctakes-commits/201209.mbox/<20120924220606.D49A12388ACC@eris.apache.org>,chenpei
Mon Sep 24 22:07:06 2012,http://mail-archives.apache.org/mod_mbox/ctakes-commits/201209.mbox/<20120924220606.D49A12388ACC@eris.apache.org>,chenpei
Mon Sep 24 22:07:06 2012,http://mail-archives.apache.org/mod_mbox/ctakes-commits/201209.mbox/<20120924220606.D49A12388ACC@eris.apache.org>,chenpei
Mon Sep 24 22:07:06 2012,http://mail-archives.apache.org/mod_mbox/ctakes-commits/201209.mbox/<20120924220606.D49A12388ACC@eris.apache.org>,chenpei
Mon Sep 24 22:07:06 2012,http://mail-archives.apache.org/mod_mbox/ctakes-commits/201209.mbox/<20120924220606.D49A12388ACC@eris.apache.org>,chenpei
Mon Sep 24 22:07:06 2012,http://mail-archives.apache.org/mod_mbox/ctakes-commits/201209.mbox/<20120924220606.D49A12388ACC@eris.apache.org>,chenpei
Mon Sep 24 22:07:06 2012,http://mail-archives.apache.org/mod_mbox/ctakes-commits/201209.mbox/<20120924220606.D49A12388ACC@eris.apache.org>,chenpei
Mon Sep 24 22:07:06 2012,http://mail-archives.apache.org/mod_mbox/ctakes-commits/201209.mbox/<20120924220606.D49A12388ACC@eris.apache.org>,chenpei
Mon Sep 24 22:07:06 2012,http://mail-archives.apache.org/mod_mbox/ctakes-commits/201209.mbox/<20120924220606.D49A12388ACC@eris.apache.org>,chenpei
Mon Sep 24 22:07:06 2012,http://mail-archives.apache.org/mod_mbox/ctakes-commits/201209.mbox/<20120924220606.D49A12388ACC@eris.apache.org>,chenpei
Mon Sep 24 22:07:06 2012,http://mail-archives.apache.org/mod_mbox/ctakes-commits/201209.mbox/<20120924220606.D49A12388ACC@eris.apache.org>,chenpei
Mon Sep 24 22:07:06 2012,http://mail-archives.apache.org/mod_mbox/ctakes-commits/201209.mbox/<20120924220606.D49A12388ACC@eris.apache.org>,chenpei
Mon Sep 24 22:07:06 2012,http://mail-archives.apache.org/mod_mbox/ctakes-commits/201209.mbox/<20120924220606.D49A12388ACC@eris.apache.org>,chenpei
Mon Sep 24 22:07:06 2012,http://mail-archives.apache.org/mod_mbox/ctakes-commits/201209.mbox/<20120924220606.D49A12388ACC@eris.apache.org>,chenpei
Mon Sep 24 22:07:06 2012,http://mail-archives.apache.org/mod_mbox/ctakes-commits/201209.mbox/<20120924220606.D49A12388ACC@eris.apache.org>,chenpei
Mon Sep 24 22:07:06 2012,http://mail-archives.apache.org/mod_mbox/ctakes-commits/201209.mbox/<20120924220606.D49A12388ACC@eris.apache.org>,chenpei
Mon Sep 24 22:07:06 2012,http://mail-archives.apache.org/mod_mbox/ctakes-commits/201209.mbox/<20120924220606.D49A12388ACC@eris.apache.org>,chenpei
Mon Sep 24 22:07:06 2012,http://mail-archives.apache.org/mod_mbox/ctakes-commits/201209.mbox/<20120924220606.D49A12388ACC@eris.apache.org>,chenpei
Mon Sep 24 22:07:06 2012,http://mail-archives.apache.org/mod_mbox/ctakes-commits/201209.mbox/<20120924220606.D49A12388ACC@eris.apache.org>,chenpei
Mon Sep 24 22:07:06 2012,http://mail-archives.apache.org/mod_mbox/ctakes-commits/201209.mbox/<20120924220606.D49A12388ACC@eris.apache.org>,chenpei
Mon Sep 24 22:07:06 2012,http://mail-archives.apache.org/mod_mbox/ctakes-commits/201209.mbox/<20120924220606.D49A12388ACC@eris.apache.org>,chenpei
Mon Sep 24 22:07:06 2012,http://mail-archives.apache.org/mod_mbox/ctakes-commits/201209.mbox/<20120924220606.D49A12388ACC@eris.apache.org>,chenpei
Mon Sep 24 22:07:06 2012,http://mail-archives.apache.org/mod_mbox/ctakes-commits/201209.mbox/<20120924220606.D49A12388ACC@eris.apache.org>,chenpei
Mon Sep 24 22:07:06 2012,http://mail-archives.apache.org/mod_mbox/ctakes-commits/201209.mbox/<20120924220606.D49A12388ACC@eris.apache.org>,chenpei
Mon Sep 24 22:07:06 2012,http://mail-archives.apache.org/mod_mbox/ctakes-commits/201209.mbox/<20120924220606.D49A12388ACC@eris.apache.org>,chenpei
Mon Sep 24 22:07:06 2012,http://mail-archives.apache.org/mod_mbox/ctakes-commits/201209.mbox/<20120924220606.D49A12388ACC@eris.apache.org>,chenpei
Mon Sep 24 22:07:06 2012,http://mail-archives.apache.org/mod_mbox/ctakes-commits/201209.mbox/<20120924220606.D49A12388ACC@eris.apache.org>,chenpei
Mon Sep 24 22:07:06 2012,http://mail-archives.apache.org/mod_mbox/ctakes-commits/201209.mbox/<20120924220606.D49A12388ACC@eris.apache.org>,chenpei
Mon Sep 24 22:07:06 2012,http://mail-archives.apache.org/mod_mbox/ctakes-commits/201209.mbox/<20120924220606.D49A12388ACC@eris.apache.org>,chenpei
Mon Sep 24 22:07:06 2012,http://mail-archives.apache.org/mod_mbox/ctakes-commits/201209.mbox/<20120924220606.D49A12388ACC@eris.apache.org>,chenpei
Mon Sep 24 22:07:06 2012,http://mail-archives.apache.org/mod_mbox/ctakes-commits/201209.mbox/<20120924220606.D49A12388ACC@eris.apache.org>,chenpei
Mon Sep 24 22:07:06 2012,http://mail-archives.apache.org/mod_mbox/ctakes-commits/201209.mbox/<20120924220606.D49A12388ACC@eris.apache.org>,chenpei
Mon Sep 24 22:07:06 2012,http://mail-archives.apache.org/mod_mbox/ctakes-commits/201209.mbox/<20120924220606.D49A12388ACC@eris.apache.org>,chenpei
Mon Sep 24 22:07:06 2012,http://mail-archives.apache.org/mod_mbox/ctakes-commits/201209.mbox/<20120924220606.D49A12388ACC@eris.apache.org>,chenpei
Mon Sep 24 22:07:06 2012,http://mail-archives.apache.org/mod_mbox/ctakes-commits/201209.mbox/<20120924220606.D49A12388ACC@eris.apache.org>,chenpei
Mon Sep 24 22:07:06 2012,http://mail-archives.apache.org/mod_mbox/ctakes-commits/201209.mbox/<20120924220606.D49A12388ACC@eris.apache.org>,chenpei
Mon Sep 24 22:07:06 2012,http://mail-archives.apache.org/mod_mbox/ctakes-commits/201209.mbox/<20120924220606.D49A12388ACC@eris.apache.org>,chenpei
Mon Sep 24 22:07:06 2012,http://mail-archives.apache.org/mod_mbox/ctakes-commits/201209.mbox/<20120924220606.D49A12388ACC@eris.apache.org>,chenpei
Mon Sep 24 22:07:06 2012,http://mail-archives.apache.org/mod_mbox/ctakes-commits/201209.mbox/<20120924220606.D49A12388ACC@eris.apache.org>,chenpei
Mon Sep 24 22:07:06 2012,http://mail-archives.apache.org/mod_mbox/ctakes-commits/201209.mbox/<20120924220606.D49A12388ACC@eris.apache.org>,chenpei
Mon Sep 24 22:07:06 2012,http://mail-archives.apache.org/mod_mbox/ctakes-commits/201209.mbox/<20120924220606.D49A12388ACC@eris.apache.org>,chenpei
Mon Sep 24 22:07:06 2012,http://mail-archives.apache.org/mod_mbox/ctakes-commits/201209.mbox/<20120924220606.D49A12388ACC@eris.apache.org>,chenpei
Mon Sep 24 22:07:06 2012,http://mail-archives.apache.org/mod_mbox/ctakes-commits/201209.mbox/<20120924220606.D49A12388ACC@eris.apache.org>,chenpei
Mon Sep 24 22:07:06 2012,http://mail-archives.apache.org/mod_mbox/ctakes-commits/201209.mbox/<20120924220606.D49A12388ACC@eris.apache.org>,chenpei
Mon Sep 24 22:07:06 2012,http://mail-archives.apache.org/mod_mbox/ctakes-commits/201209.mbox/<20120924220606.D49A12388ACC@eris.apache.org>,chenpei
Mon Sep 24 22:07:06 2012,http://mail-archives.apache.org/mod_mbox/ctakes-commits/201209.mbox/<20120924220606.D49A12388ACC@eris.apache.org>,chenpei
Mon Sep 24 22:07:06 2012,http://mail-archives.apache.org/mod_mbox/ctakes-commits/201209.mbox/<20120924220606.D49A12388ACC@eris.apache.org>,chenpei
Mon Sep 24 22:07:06 2012,http://mail-archives.apache.org/mod_mbox/ctakes-commits/201209.mbox/<20120924220606.D49A12388ACC@eris.apache.org>,chenpei
Mon Sep 24 22:07:06 2012,http://mail-archives.apache.org/mod_mbox/ctakes-commits/201209.mbox/<20120924220606.D49A12388ACC@eris.apache.org>,chenpei
Mon Sep 24 22:07:06 2012,http://mail-archives.apache.org/mod_mbox/ctakes-commits/201209.mbox/<20120924220606.D49A12388ACC@eris.apache.org>,chenpei
Mon Sep 24 22:07:06 2012,http://mail-archives.apache.org/mod_mbox/ctakes-commits/201209.mbox/<20120924220606.D49A12388ACC@eris.apache.org>,chenpei
Mon Sep 24 22:07:06 2012,http://mail-archives.apache.org/mod_mbox/ctakes-commits/201209.mbox/<20120924220606.D49A12388ACC@eris.apache.org>,chenpei
Mon Sep 24 22:07:06 2012,http://mail-archives.apache.org/mod_mbox/ctakes-commits/201209.mbox/<20120924220606.D49A12388ACC@eris.apache.org>,chenpei
Mon Sep 24 22:07:06 2012,http://mail-archives.apache.org/mod_mbox/ctakes-commits/201209.mbox/<20120924220606.D49A12388ACC@eris.apache.org>,chenpei
Mon Sep 24 22:07:06 2012,http://mail-archives.apache.org/mod_mbox/ctakes-commits/201209.mbox/<20120924220606.D49A12388ACC@eris.apache.org>,chenpei
Mon Sep 24 22:07:06 2012,http://mail-archives.apache.org/mod_mbox/ctakes-commits/201209.mbox/<20120924220606.D49A12388ACC@eris.apache.org>,chenpei
Mon Sep 24 22:07:06 2012,http://mail-archives.apache.org/mod_mbox/ctakes-commits/201209.mbox/<20120924220606.D49A12388ACC@eris.apache.org>,chenpei
Mon Sep 24 22:07:06 2012,http://mail-archives.apache.org/mod_mbox/ctakes-commits/201209.mbox/<20120924220606.D49A12388ACC@eris.apache.org>,chenpei
Mon Sep 24 22:07:06 2012,http://mail-archives.apache.org/mod_mbox/ctakes-commits/201209.mbox/<20120924220606.D49A12388ACC@eris.apache.org>,chenpei
Mon Sep 24 22:07:06 2012,http://mail-archives.apache.org/mod_mbox/ctakes-commits/201209.mbox/<20120924220606.D49A12388ACC@eris.apache.org>,chenpei
Mon Sep 24 22:07:06 2012,http://mail-archives.apache.org/mod_mbox/ctakes-commits/201209.mbox/<20120924220606.D49A12388ACC@eris.apache.org>,chenpei
Mon Sep 24 22:07:06 2012,http://mail-archives.apache.org/mod_mbox/ctakes-commits/201209.mbox/<20120924220606.D49A12388ACC@eris.apache.org>,chenpei
Mon Sep 24 22:07:06 2012,http://mail-archives.apache.org/mod_mbox/ctakes-commits/201209.mbox/<20120924220606.D49A12388ACC@eris.apache.org>,chenpei
Mon Sep 24 22:07:06 2012,http://mail-archives.apache.org/mod_mbox/ctakes-commits/201209.mbox/<20120924220606.D49A12388ACC@eris.apache.org>,chenpei
Mon Sep 24 22:07:06 2012,http://mail-archives.apache.org/mod_mbox/ctakes-commits/201209.mbox/<20120924220606.D49A12388ACC@eris.apache.org>,chenpei
Mon Sep 24 22:07:06 2012,http://mail-archives.apache.org/mod_mbox/ctakes-commits/201209.mbox/<20120924220606.D49A12388ACC@eris.apache.org>,chenpei
Mon Sep 24 22:07:06 2012,http://mail-archives.apache.org/mod_mbox/ctakes-commits/201209.mbox/<20120924220606.D49A12388ACC@eris.apache.org>,chenpei
Mon Sep 24 22:07:06 2012,http://mail-archives.apache.org/mod_mbox/ctakes-commits/201209.mbox/<20120924220606.D49A12388ACC@eris.apache.org>,chenpei
Mon Sep 24 22:07:06 2012,http://mail-archives.apache.org/mod_mbox/ctakes-commits/201209.mbox/<20120924220606.D49A12388ACC@eris.apache.org>,chenpei
Mon Sep 24 22:07:06 2012,http://mail-archives.apache.org/mod_mbox/ctakes-commits/201209.mbox/<20120924220606.D49A12388ACC@eris.apache.org>,chenpei
Mon Sep 24 22:07:06 2012,http://mail-archives.apache.org/mod_mbox/ctakes-commits/201209.mbox/<20120924220606.D49A12388ACC@eris.apache.org>,chenpei
Mon Sep 24 22:07:06 2012,http://mail-archives.apache.org/mod_mbox/ctakes-commits/201209.mbox/<20120924220606.D49A12388ACC@eris.apache.org>,chenpei
Mon Sep 24 22:07:06 2012,http://mail-archives.apache.org/mod_mbox/ctakes-commits/201209.mbox/<20120924220606.D49A12388ACC@eris.apache.org>,chenpei
Mon Sep 24 22:07:06 2012,http://mail-archives.apache.org/mod_mbox/ctakes-commits/201209.mbox/<20120924220606.D49A12388ACC@eris.apache.org>,chenpei
Mon Sep 24 22:07:06 2012,http://mail-archives.apache.org/mod_mbox/ctakes-commits/201209.mbox/<20120924220606.D49A12388ACC@eris.apache.org>,chenpei
Mon Sep 24 22:07:06 2012,http://mail-archives.apache.org/mod_mbox/ctakes-commits/201209.mbox/<20120924220606.D49A12388ACC@eris.apache.org>,chenpei
Mon Sep 24 22:07:06 2012,http://mail-archives.apache.org/mod_mbox/ctakes-commits/201209.mbox/<20120924220606.D49A12388ACC@eris.apache.org>,chenpei
Mon Sep 24 22:07:06 2012,http://mail-archives.apache.org/mod_mbox/ctakes-commits/201209.mbox/<20120924220606.D49A12388ACC@eris.apache.org>,chenpei
Mon Sep 24 22:07:06 2012,http://mail-archives.apache.org/mod_mbox/ctakes-commits/201209.mbox/<20120924220606.D49A12388ACC@eris.apache.org>,chenpei
Mon Sep 24 22:07:06 2012,http://mail-archives.apache.org/mod_mbox/ctakes-commits/201209.mbox/<20120924220606.D49A12388ACC@eris.apache.org>,chenpei
Mon Sep 24 22:07:06 2012,http://mail-archives.apache.org/mod_mbox/ctakes-commits/201209.mbox/<20120924220606.D49A12388ACC@eris.apache.org>,chenpei
Mon Sep 24 22:07:06 2012,http://mail-archives.apache.org/mod_mbox/ctakes-commits/201209.mbox/<20120924220606.D49A12388ACC@eris.apache.org>,chenpei
Mon Sep 24 22:07:06 2012,http://mail-archives.apache.org/mod_mbox/ctakes-commits/201209.mbox/<20120924220606.D49A12388ACC@eris.apache.org>,chenpei
Mon Sep 24 22:07:06 2012,http://mail-archives.apache.org/mod_mbox/ctakes-commits/201209.mbox/<20120924220606.D49A12388ACC@eris.apache.org>,chenpei
Mon Sep 24 22:07:06 2012,http://mail-archives.apache.org/mod_mbox/ctakes-commits/201209.mbox/<20120924220606.D49A12388ACC@eris.apache.org>,chenpei
Mon Sep 24 22:07:06 2012,http://mail-archives.apache.org/mod_mbox/ctakes-commits/201209.mbox/<20120924220606.D49A12388ACC@eris.apache.org>,chenpei
Mon Sep 24 22:07:06 2012,http://mail-archives.apache.org/mod_mbox/ctakes-commits/201209.mbox/<20120924220606.D49A12388ACC@eris.apache.org>,chenpei
Mon Sep 24 22:07:06 2012,http://mail-archives.apache.org/mod_mbox/ctakes-commits/201209.mbox/<20120924220606.D49A12388ACC@eris.apache.org>,chenpei
Mon Sep 24 22:07:06 2012,http://mail-archives.apache.org/mod_mbox/ctakes-commits/201209.mbox/<20120924220606.D49A12388ACC@eris.apache.org>,chenpei
Mon Sep 24 22:07:06 2012,http://mail-archives.apache.org/mod_mbox/ctakes-commits/201209.mbox/<20120924220606.D49A12388ACC@eris.apache.org>,chenpei
Mon Sep 24 22:07:06 2012,http://mail-archives.apache.org/mod_mbox/ctakes-commits/201209.mbox/<20120924220606.D49A12388ACC@eris.apache.org>,chenpei
Mon Sep 24 22:07:06 2012,http://mail-archives.apache.org/mod_mbox/ctakes-commits/201209.mbox/<20120924220606.D49A12388ACC@eris.apache.org>,chenpei
Mon Sep 24 22:07:06 2012,http://mail-archives.apache.org/mod_mbox/ctakes-commits/201209.mbox/<20120924220606.D49A12388ACC@eris.apache.org>,chenpei
Mon Sep 24 22:07:06 2012,http://mail-archives.apache.org/mod_mbox/ctakes-commits/201209.mbox/<20120924220606.D49A12388ACC@eris.apache.org>,chenpei
Mon Sep 24 22:07:06 2012,http://mail-archives.apache.org/mod_mbox/ctakes-commits/201209.mbox/<20120924220606.D49A12388ACC@eris.apache.org>,chenpei
Mon Sep 24 22:07:06 2012,http://mail-archives.apache.org/mod_mbox/ctakes-commits/201209.mbox/<20120924220606.D49A12388ACC@eris.apache.org>,chenpei
Mon Sep 24 22:07:06 2012,http://mail-archives.apache.org/mod_mbox/ctakes-commits/201209.mbox/<20120924220606.D49A12388ACC@eris.apache.org>,chenpei
Mon Sep 24 22:07:06 2012,http://mail-archives.apache.org/mod_mbox/ctakes-commits/201209.mbox/<20120924220606.D49A12388ACC@eris.apache.org>,chenpei
Mon Sep 24 22:07:06 2012,http://mail-archives.apache.org/mod_mbox/ctakes-commits/201209.mbox/<20120924220606.D49A12388ACC@eris.apache.org>,chenpei
Mon Sep 24 22:07:06 2012,http://mail-archives.apache.org/mod_mbox/ctakes-commits/201209.mbox/<20120924220606.D49A12388ACC@eris.apache.org>,chenpei
Mon Sep 24 22:07:06 2012,http://mail-archives.apache.org/mod_mbox/ctakes-commits/201209.mbox/<20120924220606.D49A12388ACC@eris.apache.org>,chenpei
Mon Sep 24 22:07:06 2012,http://mail-archives.apache.org/mod_mbox/ctakes-commits/201209.mbox/<20120924220606.D49A12388ACC@eris.apache.org>,chenpei
Mon Sep 24 22:07:06 2012,http://mail-archives.apache.org/mod_mbox/ctakes-commits/201209.mbox/<20120924220606.D49A12388ACC@eris.apache.org>,chenpei
Mon Sep 24 22:07:06 2012,http://mail-archives.apache.org/mod_mbox/ctakes-commits/201209.mbox/<20120924220606.D49A12388ACC@eris.apache.org>,chenpei
Mon Sep 24 22:07:06 2012,http://mail-archives.apache.org/mod_mbox/ctakes-commits/201209.mbox/<20120924220606.D49A12388ACC@eris.apache.org>,chenpei
Mon Sep 24 22:07:06 2012,http://mail-archives.apache.org/mod_mbox/ctakes-commits/201209.mbox/<20120924220606.D49A12388ACC@eris.apache.org>,chenpei
Mon Sep 24 22:07:06 2012,http://mail-archives.apache.org/mod_mbox/ctakes-commits/201209.mbox/<20120924220606.D49A12388ACC@eris.apache.org>,chenpei
Mon Sep 24 22:07:06 2012,http://mail-archives.apache.org/mod_mbox/ctakes-commits/201209.mbox/<20120924220606.D49A12388ACC@eris.apache.org>,chenpei
Mon Sep 24 22:07:06 2012,http://mail-archives.apache.org/mod_mbox/ctakes-commits/201209.mbox/<20120924220606.D49A12388ACC@eris.apache.org>,chenpei
Mon Sep 24 22:07:06 2012,http://mail-archives.apache.org/mod_mbox/ctakes-commits/201209.mbox/<20120924220606.D49A12388ACC@eris.apache.org>,chenpei
Mon Sep 24 22:07:06 2012,http://mail-archives.apache.org/mod_mbox/ctakes-commits/201209.mbox/<20120924220606.D49A12388ACC@eris.apache.org>,chenpei
Mon Sep 24 22:07:06 2012,http://mail-archives.apache.org/mod_mbox/ctakes-commits/201209.mbox/<20120924220606.D49A12388ACC@eris.apache.org>,chenpei
Mon Sep 24 22:07:06 2012,http://mail-archives.apache.org/mod_mbox/ctakes-commits/201209.mbox/<20120924220606.D49A12388ACC@eris.apache.org>,chenpei
Mon Sep 24 22:07:06 2012,http://mail-archives.apache.org/mod_mbox/ctakes-commits/201209.mbox/<20120924220606.D49A12388ACC@eris.apache.org>,chenpei
Mon Sep 24 22:07:06 2012,http://mail-archives.apache.org/mod_mbox/ctakes-commits/201209.mbox/<20120924220606.D49A12388ACC@eris.apache.org>,chenpei
Mon Sep 24 22:07:06 2012,http://mail-archives.apache.org/mod_mbox/ctakes-commits/201209.mbox/<20120924220606.D49A12388ACC@eris.apache.org>,chenpei
Mon Sep 24 22:07:06 2012,http://mail-archives.apache.org/mod_mbox/ctakes-commits/201209.mbox/<20120924220606.D49A12388ACC@eris.apache.org>,chenpei
Mon Sep 24 22:07:06 2012,http://mail-archives.apache.org/mod_mbox/ctakes-commits/201209.mbox/<20120924220606.D49A12388ACC@eris.apache.org>,chenpei
Mon Sep 24 22:07:06 2012,http://mail-archives.apache.org/mod_mbox/ctakes-commits/201209.mbox/<20120924220606.D49A12388ACC@eris.apache.org>,chenpei
Mon Sep 24 22:07:06 2012,http://mail-archives.apache.org/mod_mbox/ctakes-commits/201209.mbox/<20120924220606.D49A12388ACC@eris.apache.org>,chenpei
Mon Sep 24 22:07:06 2012,http://mail-archives.apache.org/mod_mbox/ctakes-commits/201209.mbox/<20120924220606.D49A12388ACC@eris.apache.org>,chenpei
Mon Sep 24 22:07:06 2012,http://mail-archives.apache.org/mod_mbox/ctakes-commits/201209.mbox/<20120924220606.D49A12388ACC@eris.apache.org>,chenpei
Mon Sep 24 22:07:06 2012,http://mail-archives.apache.org/mod_mbox/ctakes-commits/201209.mbox/<20120924220606.D49A12388ACC@eris.apache.org>,chenpei
Mon Sep 24 22:07:06 2012,http://mail-archives.apache.org/mod_mbox/ctakes-commits/201209.mbox/<20120924220606.D49A12388ACC@eris.apache.org>,chenpei
Mon Sep 24 22:07:06 2012,http://mail-archives.apache.org/mod_mbox/ctakes-commits/201209.mbox/<20120924220606.D49A12388ACC@eris.apache.org>,chenpei
Mon Sep 24 22:07:06 2012,http://mail-archives.apache.org/mod_mbox/ctakes-commits/201209.mbox/<20120924220606.D49A12388ACC@eris.apache.org>,chenpei
Mon Sep 24 22:07:06 2012,http://mail-archives.apache.org/mod_mbox/ctakes-commits/201209.mbox/<20120924220606.D49A12388ACC@eris.apache.org>,chenpei
Mon Sep 24 22:07:06 2012,http://mail-archives.apache.org/mod_mbox/ctakes-commits/201209.mbox/<20120924220606.D49A12388ACC@eris.apache.org>,chenpei
Mon Sep 24 22:07:06 2012,http://mail-archives.apache.org/mod_mbox/ctakes-commits/201209.mbox/<20120924220606.D49A12388ACC@eris.apache.org>,chenpei
Mon Sep 24 22:07:06 2012,http://mail-archives.apache.org/mod_mbox/ctakes-commits/201209.mbox/<20120924220606.D49A12388ACC@eris.apache.org>,chenpei
Mon Sep 24 22:07:06 2012,http://mail-archives.apache.org/mod_mbox/ctakes-commits/201209.mbox/<20120924220606.D49A12388ACC@eris.apache.org>,chenpei
Mon Sep 24 22:07:06 2012,http://mail-archives.apache.org/mod_mbox/ctakes-commits/201209.mbox/<20120924220606.D49A12388ACC@eris.apache.org>,chenpei
Mon Sep 24 22:07:06 2012,http://mail-archives.apache.org/mod_mbox/ctakes-commits/201209.mbox/<20120924220606.D49A12388ACC@eris.apache.org>,chenpei
Mon Sep 24 22:07:06 2012,http://mail-archives.apache.org/mod_mbox/ctakes-commits/201209.mbox/<20120924220606.D49A12388ACC@eris.apache.org>,chenpei
Mon Sep 24 22:07:06 2012,http://mail-archives.apache.org/mod_mbox/ctakes-commits/201209.mbox/<20120924220606.D49A12388ACC@eris.apache.org>,chenpei
Mon Sep 24 22:07:06 2012,http://mail-archives.apache.org/mod_mbox/ctakes-commits/201209.mbox/<20120924220606.D49A12388ACC@eris.apache.org>,chenpei
Mon Sep 24 22:07:06 2012,http://mail-archives.apache.org/mod_mbox/ctakes-commits/201209.mbox/<20120924220606.D49A12388ACC@eris.apache.org>,chenpei
Mon Sep 24 22:07:06 2012,http://mail-archives.apache.org/mod_mbox/ctakes-commits/201209.mbox/<20120924220606.D49A12388ACC@eris.apache.org>,chenpei
Mon Sep 24 22:07:06 2012,http://mail-archives.apache.org/mod_mbox/ctakes-commits/201209.mbox/<20120924220606.D49A12388ACC@eris.apache.org>,chenpei
Mon Sep 24 22:07:06 2012,http://mail-archives.apache.org/mod_mbox/ctakes-commits/201209.mbox/<20120924220606.D49A12388ACC@eris.apache.org>,chenpei
Mon Sep 24 22:07:06 2012,http://mail-archives.apache.org/mod_mbox/ctakes-commits/201209.mbox/<20120924220606.D49A12388ACC@eris.apache.org>,chenpei
Mon Sep 24 22:07:06 2012,http://mail-archives.apache.org/mod_mbox/ctakes-commits/201209.mbox/<20120924220606.D49A12388ACC@eris.apache.org>,chenpei
Mon Sep 24 22:07:06 2012,http://mail-archives.apache.org/mod_mbox/ctakes-commits/201209.mbox/<20120924220606.D49A12388ACC@eris.apache.org>,chenpei
Mon Sep 24 22:07:06 2012,http://mail-archives.apache.org/mod_mbox/ctakes-commits/201209.mbox/<20120924220606.D49A12388ACC@eris.apache.org>,chenpei
Mon Sep 24 22:07:06 2012,http://mail-archives.apache.org/mod_mbox/ctakes-commits/201209.mbox/<20120924220606.D49A12388ACC@eris.apache.org>,chenpei
Mon Sep 24 22:07:06 2012,http://mail-archives.apache.org/mod_mbox/ctakes-commits/201209.mbox/<20120924220606.D49A12388ACC@eris.apache.org>,chenpei
Mon Sep 24 22:07:06 2012,http://mail-archives.apache.org/mod_mbox/ctakes-commits/201209.mbox/<20120924220606.D49A12388ACC@eris.apache.org>,chenpei
Mon Sep 24 22:07:06 2012,http://mail-archives.apache.org/mod_mbox/ctakes-commits/201209.mbox/<20120924220606.D49A12388ACC@eris.apache.org>,chenpei
Mon Sep 24 22:07:06 2012,http://mail-archives.apache.org/mod_mbox/ctakes-commits/201209.mbox/<20120924220606.D49A12388ACC@eris.apache.org>,chenpei
Mon Sep 24 22:07:06 2012,http://mail-archives.apache.org/mod_mbox/ctakes-commits/201209.mbox/<20120924220606.D49A12388ACC@eris.apache.org>,chenpei
Mon Sep 24 22:07:06 2012,http://mail-archives.apache.org/mod_mbox/ctakes-commits/201209.mbox/<20120924220606.D49A12388ACC@eris.apache.org>,chenpei
Mon Sep 24 22:07:06 2012,http://mail-archives.apache.org/mod_mbox/ctakes-commits/201209.mbox/<20120924220606.D49A12388ACC@eris.apache.org>,chenpei
Mon Sep 24 22:07:06 2012,http://mail-archives.apache.org/mod_mbox/ctakes-commits/201209.mbox/<20120924220606.D49A12388ACC@eris.apache.org>,chenpei
Mon Sep 24 22:07:06 2012,http://mail-archives.apache.org/mod_mbox/ctakes-commits/201209.mbox/<20120924220606.D49A12388ACC@eris.apache.org>,chenpei
Mon Sep 24 22:07:06 2012,http://mail-archives.apache.org/mod_mbox/ctakes-commits/201209.mbox/<20120924220606.D49A12388ACC@eris.apache.org>,chenpei
Mon Sep 24 22:07:06 2012,http://mail-archives.apache.org/mod_mbox/ctakes-commits/201209.mbox/<20120924220606.D49A12388ACC@eris.apache.org>,chenpei
Mon Sep 24 22:07:06 2012,http://mail-archives.apache.org/mod_mbox/ctakes-commits/201209.mbox/<20120924220606.D49A12388ACC@eris.apache.org>,chenpei
Mon Sep 24 22:07:06 2012,http://mail-archives.apache.org/mod_mbox/ctakes-commits/201209.mbox/<20120924220606.D49A12388ACC@eris.apache.org>,chenpei
Mon Sep 24 22:07:06 2012,http://mail-archives.apache.org/mod_mbox/ctakes-commits/201209.mbox/<20120924220606.D49A12388ACC@eris.apache.org>,chenpei
Mon Sep 24 22:07:06 2012,http://mail-archives.apache.org/mod_mbox/ctakes-commits/201209.mbox/<20120924220606.D49A12388ACC@eris.apache.org>,chenpei
Mon Sep 24 22:07:06 2012,http://mail-archives.apache.org/mod_mbox/ctakes-commits/201209.mbox/<20120924220606.D49A12388ACC@eris.apache.org>,chenpei
Mon Sep 24 22:07:06 2012,http://mail-archives.apache.org/mod_mbox/ctakes-commits/201209.mbox/<20120924220606.D49A12388ACC@eris.apache.org>,chenpei
Mon Sep 24 22:07:06 2012,http://mail-archives.apache.org/mod_mbox/ctakes-commits/201209.mbox/<20120924220606.D49A12388ACC@eris.apache.org>,chenpei
Mon Sep 24 22:07:06 2012,http://mail-archives.apache.org/mod_mbox/ctakes-commits/201209.mbox/<20120924220606.D49A12388ACC@eris.apache.org>,chenpei
Mon Sep 24 22:07:06 2012,http://mail-archives.apache.org/mod_mbox/ctakes-commits/201209.mbox/<20120924220606.D49A12388ACC@eris.apache.org>,chenpei
Mon Sep 24 22:07:06 2012,http://mail-archives.apache.org/mod_mbox/ctakes-commits/201209.mbox/<20120924220606.D49A12388ACC@eris.apache.org>,chenpei
Mon Sep 24 22:07:06 2012,http://mail-archives.apache.org/mod_mbox/ctakes-commits/201209.mbox/<20120924220606.D49A12388ACC@eris.apache.org>,chenpei
Mon Sep 24 22:07:06 2012,http://mail-archives.apache.org/mod_mbox/ctakes-commits/201209.mbox/<20120924220606.D49A12388ACC@eris.apache.org>,chenpei
Mon Sep 24 22:07:06 2012,http://mail-archives.apache.org/mod_mbox/ctakes-commits/201209.mbox/<20120924220606.D49A12388ACC@eris.apache.org>,chenpei
Mon Sep 24 22:07:06 2012,http://mail-archives.apache.org/mod_mbox/ctakes-commits/201209.mbox/<20120924220606.D49A12388ACC@eris.apache.org>,chenpei
Mon Sep 24 22:07:06 2012,http://mail-archives.apache.org/mod_mbox/ctakes-commits/201209.mbox/<20120924220606.D49A12388ACC@eris.apache.org>,chenpei
Mon Sep 24 22:07:06 2012,http://mail-archives.apache.org/mod_mbox/ctakes-commits/201209.mbox/<20120924220606.D49A12388ACC@eris.apache.org>,chenpei
Mon Sep 24 22:07:06 2012,http://mail-archives.apache.org/mod_mbox/ctakes-commits/201209.mbox/<20120924220606.D49A12388ACC@eris.apache.org>,chenpei
Mon Sep 24 22:07:06 2012,http://mail-archives.apache.org/mod_mbox/ctakes-commits/201209.mbox/<20120924220606.D49A12388ACC@eris.apache.org>,chenpei
Mon Sep 24 22:07:06 2012,http://mail-archives.apache.org/mod_mbox/ctakes-commits/201209.mbox/<20120924220606.D49A12388ACC@eris.apache.org>,chenpei
Mon Sep 24 22:07:06 2012,http://mail-archives.apache.org/mod_mbox/ctakes-commits/201209.mbox/<20120924220606.D49A12388ACC@eris.apache.org>,chenpei
Mon Sep 24 22:07:06 2012,http://mail-archives.apache.org/mod_mbox/ctakes-commits/201209.mbox/<20120924220606.D49A12388ACC@eris.apache.org>,chenpei
Mon Sep 24 22:07:06 2012,http://mail-archives.apache.org/mod_mbox/ctakes-commits/201209.mbox/<20120924220606.D49A12388ACC@eris.apache.org>,chenpei
Mon Sep 24 22:07:06 2012,http://mail-archives.apache.org/mod_mbox/ctakes-commits/201209.mbox/<20120924220606.D49A12388ACC@eris.apache.org>,chenpei
Mon Sep 24 22:07:06 2012,http://mail-archives.apache.org/mod_mbox/ctakes-commits/201209.mbox/<20120924220606.D49A12388ACC@eris.apache.org>,chenpei
Mon Sep 24 22:07:06 2012,http://mail-archives.apache.org/mod_mbox/ctakes-commits/201209.mbox/<20120924220606.D49A12388ACC@eris.apache.org>,chenpei
Mon Sep 24 22:07:06 2012,http://mail-archives.apache.org/mod_mbox/ctakes-commits/201209.mbox/<20120924220606.D49A12388ACC@eris.apache.org>,chenpei
Mon Sep 24 22:07:06 2012,http://mail-archives.apache.org/mod_mbox/ctakes-commits/201209.mbox/<20120924220606.D49A12388ACC@eris.apache.org>,chenpei
Mon Sep 24 22:07:06 2012,http://mail-archives.apache.org/mod_mbox/ctakes-commits/201209.mbox/<20120924220606.D49A12388ACC@eris.apache.org>,chenpei
Mon Sep 24 22:07:06 2012,http://mail-archives.apache.org/mod_mbox/ctakes-commits/201209.mbox/<20120924220606.D49A12388ACC@eris.apache.org>,chenpei
Mon Sep 24 22:07:06 2012,http://mail-archives.apache.org/mod_mbox/ctakes-commits/201209.mbox/<20120924220606.D49A12388ACC@eris.apache.org>,chenpei
Mon Sep 24 22:07:06 2012,http://mail-archives.apache.org/mod_mbox/ctakes-commits/201209.mbox/<20120924220606.D49A12388ACC@eris.apache.org>,chenpei
Mon Sep 24 22:07:06 2012,http://mail-archives.apache.org/mod_mbox/ctakes-commits/201209.mbox/<20120924220606.D49A12388ACC@eris.apache.org>,chenpei
Mon Sep 24 22:07:06 2012,http://mail-archives.apache.org/mod_mbox/ctakes-commits/201209.mbox/<20120924220606.D49A12388ACC@eris.apache.org>,chenpei
Mon Sep 24 22:07:06 2012,http://mail-archives.apache.org/mod_mbox/ctakes-commits/201209.mbox/<20120924220606.D49A12388ACC@eris.apache.org>,chenpei
Mon Sep 24 22:07:06 2012,http://mail-archives.apache.org/mod_mbox/ctakes-commits/201209.mbox/<20120924220606.D49A12388ACC@eris.apache.org>,chenpei
Mon Sep 24 22:07:06 2012,http://mail-archives.apache.org/mod_mbox/ctakes-commits/201209.mbox/<20120924220606.D49A12388ACC@eris.apache.org>,chenpei
Mon Sep 24 22:07:06 2012,http://mail-archives.apache.org/mod_mbox/ctakes-commits/201209.mbox/<20120924220606.D49A12388ACC@eris.apache.org>,chenpei
Mon Sep 24 22:07:06 2012,http://mail-archives.apache.org/mod_mbox/ctakes-commits/201209.mbox/<20120924220606.D49A12388ACC@eris.apache.org>,chenpei
Mon Sep 24 22:07:06 2012,http://mail-archives.apache.org/mod_mbox/ctakes-commits/201209.mbox/<20120924220606.D49A12388ACC@eris.apache.org>,chenpei
Mon Sep 24 22:07:06 2012,http://mail-archives.apache.org/mod_mbox/ctakes-commits/201209.mbox/<20120924220606.D49A12388ACC@eris.apache.org>,chenpei
Mon Sep 24 22:07:06 2012,http://mail-archives.apache.org/mod_mbox/ctakes-commits/201209.mbox/<20120924220606.D49A12388ACC@eris.apache.org>,chenpei
Mon Sep 24 22:07:06 2012,http://mail-archives.apache.org/mod_mbox/ctakes-commits/201209.mbox/<20120924220606.D49A12388ACC@eris.apache.org>,chenpei
Mon Sep 24 22:07:06 2012,http://mail-archives.apache.org/mod_mbox/ctakes-commits/201209.mbox/<20120924220606.D49A12388ACC@eris.apache.org>,chenpei
Mon Sep 24 22:07:06 2012,http://mail-archives.apache.org/mod_mbox/ctakes-commits/201209.mbox/<20120924220606.D49A12388ACC@eris.apache.org>,chenpei
Mon Sep 24 22:07:06 2012,http://mail-archives.apache.org/mod_mbox/ctakes-commits/201209.mbox/<20120924220606.D49A12388ACC@eris.apache.org>,chenpei
Mon Sep 24 22:07:06 2012,http://mail-archives.apache.org/mod_mbox/ctakes-commits/201209.mbox/<20120924220606.D49A12388ACC@eris.apache.org>,chenpei
Mon Sep 24 22:07:06 2012,http://mail-archives.apache.org/mod_mbox/ctakes-commits/201209.mbox/<20120924220606.D49A12388ACC@eris.apache.org>,chenpei
Mon Sep 24 22:07:06 2012,http://mail-archives.apache.org/mod_mbox/ctakes-commits/201209.mbox/<20120924220606.D49A12388ACC@eris.apache.org>,chenpei
Mon Sep 24 22:07:06 2012,http://mail-archives.apache.org/mod_mbox/ctakes-commits/201209.mbox/<20120924220606.D49A12388ACC@eris.apache.org>,chenpei
Mon Sep 24 22:07:06 2012,http://mail-archives.apache.org/mod_mbox/ctakes-commits/201209.mbox/<20120924220606.D49A12388ACC@eris.apache.org>,chenpei
Mon Sep 24 22:07:06 2012,http://mail-archives.apache.org/mod_mbox/ctakes-commits/201209.mbox/<20120924220606.D49A12388ACC@eris.apache.org>,chenpei
Mon Sep 24 22:07:06 2012,http://mail-archives.apache.org/mod_mbox/ctakes-commits/201209.mbox/<20120924220606.D49A12388ACC@eris.apache.org>,chenpei
Mon Sep 24 22:07:06 2012,http://mail-archives.apache.org/mod_mbox/ctakes-commits/201209.mbox/<20120924220606.D49A12388ACC@eris.apache.org>,chenpei
Mon Sep 24 22:07:06 2012,http://mail-archives.apache.org/mod_mbox/ctakes-commits/201209.mbox/<20120924220606.D49A12388ACC@eris.apache.org>,chenpei
Mon Sep 24 22:07:06 2012,http://mail-archives.apache.org/mod_mbox/ctakes-commits/201209.mbox/<20120924220606.D49A12388ACC@eris.apache.org>,chenpei
Mon Sep 24 22:07:06 2012,http://mail-archives.apache.org/mod_mbox/ctakes-commits/201209.mbox/<20120924220606.D49A12388ACC@eris.apache.org>,chenpei
Mon Sep 24 22:07:06 2012,http://mail-archives.apache.org/mod_mbox/ctakes-commits/201209.mbox/<20120924220606.D49A12388ACC@eris.apache.org>,chenpei
Mon Sep 24 22:07:06 2012,http://mail-archives.apache.org/mod_mbox/ctakes-commits/201209.mbox/<20120924220606.D49A12388ACC@eris.apache.org>,chenpei
Mon Sep 24 22:07:06 2012,http://mail-archives.apache.org/mod_mbox/ctakes-commits/201209.mbox/<20120924220606.D49A12388ACC@eris.apache.org>,chenpei
Mon Sep 24 22:07:06 2012,http://mail-archives.apache.org/mod_mbox/ctakes-commits/201209.mbox/<20120924220606.D49A12388ACC@eris.apache.org>,chenpei
Mon Sep 24 22:07:06 2012,http://mail-archives.apache.org/mod_mbox/ctakes-commits/201209.mbox/<20120924220606.D49A12388ACC@eris.apache.org>,chenpei
Mon Sep 24 22:07:06 2012,http://mail-archives.apache.org/mod_mbox/ctakes-commits/201209.mbox/<20120924220606.D49A12388ACC@eris.apache.org>,chenpei
Mon Sep 24 22:07:06 2012,http://mail-archives.apache.org/mod_mbox/ctakes-commits/201209.mbox/<20120924220606.D49A12388ACC@eris.apache.org>,chenpei
Mon Sep 24 22:07:06 2012,http://mail-archives.apache.org/mod_mbox/ctakes-commits/201209.mbox/<20120924220606.D49A12388ACC@eris.apache.org>,chenpei
Mon Sep 24 22:07:06 2012,http://mail-archives.apache.org/mod_mbox/ctakes-commits/201209.mbox/<20120924220606.D49A12388ACC@eris.apache.org>,chenpei
Mon Sep 24 22:07:06 2012,http://mail-archives.apache.org/mod_mbox/ctakes-commits/201209.mbox/<20120924220606.D49A12388ACC@eris.apache.org>,chenpei
Mon Sep 24 22:07:06 2012,http://mail-archives.apache.org/mod_mbox/ctakes-commits/201209.mbox/<20120924220606.D49A12388ACC@eris.apache.org>,chenpei
Mon Sep 24 22:07:06 2012,http://mail-archives.apache.org/mod_mbox/ctakes-commits/201209.mbox/<20120924220606.D49A12388ACC@eris.apache.org>,chenpei
Mon Sep 24 22:07:06 2012,http://mail-archives.apache.org/mod_mbox/ctakes-commits/201209.mbox/<20120924220606.D49A12388ACC@eris.apache.org>,chenpei
Mon Sep 24 22:07:06 2012,http://mail-archives.apache.org/mod_mbox/ctakes-commits/201209.mbox/<20120924220606.D49A12388ACC@eris.apache.org>,chenpei
Mon Sep 24 22:07:06 2012,http://mail-archives.apache.org/mod_mbox/ctakes-commits/201209.mbox/<20120924220606.D49A12388ACC@eris.apache.org>,chenpei
Mon Sep 24 22:07:06 2012,http://mail-archives.apache.org/mod_mbox/ctakes-commits/201209.mbox/<20120924220606.D49A12388ACC@eris.apache.org>,chenpei
Mon Sep 24 22:07:06 2012,http://mail-archives.apache.org/mod_mbox/ctakes-commits/201209.mbox/<20120924220606.D49A12388ACC@eris.apache.org>,chenpei
Mon Sep 24 22:07:06 2012,http://mail-archives.apache.org/mod_mbox/ctakes-commits/201209.mbox/<20120924220606.D49A12388ACC@eris.apache.org>,chenpei
Mon Sep 24 22:07:06 2012,http://mail-archives.apache.org/mod_mbox/ctakes-commits/201209.mbox/<20120924220606.D49A12388ACC@eris.apache.org>,chenpei
Mon Sep 24 22:07:06 2012,http://mail-archives.apache.org/mod_mbox/ctakes-commits/201209.mbox/<20120924220606.D49A12388ACC@eris.apache.org>,chenpei
Mon Sep 24 22:07:06 2012,http://mail-archives.apache.org/mod_mbox/ctakes-commits/201209.mbox/<20120924220606.D49A12388ACC@eris.apache.org>,chenpei
Mon Sep 24 22:07:06 2012,http://mail-archives.apache.org/mod_mbox/ctakes-commits/201209.mbox/<20120924220606.D49A12388ACC@eris.apache.org>,chenpei
Mon Sep 24 22:07:06 2012,http://mail-archives.apache.org/mod_mbox/ctakes-commits/201209.mbox/<20120924220606.D49A12388ACC@eris.apache.org>,chenpei
Mon Sep 24 22:07:06 2012,http://mail-archives.apache.org/mod_mbox/ctakes-commits/201209.mbox/<20120924220606.D49A12388ACC@eris.apache.org>,chenpei
Mon Sep 24 22:07:06 2012,http://mail-archives.apache.org/mod_mbox/ctakes-commits/201209.mbox/<20120924220606.D49A12388ACC@eris.apache.org>,chenpei
Mon Sep 24 22:07:06 2012,http://mail-archives.apache.org/mod_mbox/ctakes-commits/201209.mbox/<20120924220606.D49A12388ACC@eris.apache.org>,chenpei
Mon Sep 24 22:07:06 2012,http://mail-archives.apache.org/mod_mbox/ctakes-commits/201209.mbox/<20120924220606.D49A12388ACC@eris.apache.org>,chenpei
Mon Sep 24 22:07:06 2012,http://mail-archives.apache.org/mod_mbox/ctakes-commits/201209.mbox/<20120924220606.D49A12388ACC@eris.apache.org>,chenpei
Mon Sep 24 22:07:06 2012,http://mail-archives.apache.org/mod_mbox/ctakes-commits/201209.mbox/<20120924220606.D49A12388ACC@eris.apache.org>,chenpei
Mon Sep 24 22:07:06 2012,http://mail-archives.apache.org/mod_mbox/ctakes-commits/201209.mbox/<20120924220606.D49A12388ACC@eris.apache.org>,chenpei
Mon Sep 24 22:07:06 2012,http://mail-archives.apache.org/mod_mbox/ctakes-commits/201209.mbox/<20120924220606.D49A12388ACC@eris.apache.org>,chenpei
Mon Sep 24 22:07:06 2012,http://mail-archives.apache.org/mod_mbox/ctakes-commits/201209.mbox/<20120924220606.D49A12388ACC@eris.apache.org>,chenpei
Mon Sep 24 22:07:06 2012,http://mail-archives.apache.org/mod_mbox/ctakes-commits/201209.mbox/<20120924220606.D49A12388ACC@eris.apache.org>,chenpei
Mon Sep 24 22:07:06 2012,http://mail-archives.apache.org/mod_mbox/ctakes-commits/201209.mbox/<20120924220606.D49A12388ACC@eris.apache.org>,chenpei
Mon Sep 24 22:07:06 2012,http://mail-archives.apache.org/mod_mbox/ctakes-commits/201209.mbox/<20120924220606.D49A12388ACC@eris.apache.org>,chenpei
Mon Sep 24 22:07:06 2012,http://mail-archives.apache.org/mod_mbox/ctakes-commits/201209.mbox/<20120924220606.D49A12388ACC@eris.apache.org>,chenpei
Mon Sep 24 22:07:06 2012,http://mail-archives.apache.org/mod_mbox/ctakes-commits/201209.mbox/<20120924220606.D49A12388ACC@eris.apache.org>,chenpei
Mon Sep 24 22:07:06 2012,http://mail-archives.apache.org/mod_mbox/ctakes-commits/201209.mbox/<20120924220606.D49A12388ACC@eris.apache.org>,chenpei
Mon Sep 24 22:07:06 2012,http://mail-archives.apache.org/mod_mbox/ctakes-commits/201209.mbox/<20120924220606.D49A12388ACC@eris.apache.org>,chenpei
Mon Sep 24 22:07:06 2012,http://mail-archives.apache.org/mod_mbox/ctakes-commits/201209.mbox/<20120924220606.D49A12388ACC@eris.apache.org>,chenpei
Mon Sep 24 22:07:06 2012,http://mail-archives.apache.org/mod_mbox/ctakes-commits/201209.mbox/<20120924220606.D49A12388ACC@eris.apache.org>,chenpei
Mon Sep 24 22:07:06 2012,http://mail-archives.apache.org/mod_mbox/ctakes-commits/201209.mbox/<20120924220606.D49A12388ACC@eris.apache.org>,chenpei
Mon Sep 24 22:07:06 2012,http://mail-archives.apache.org/mod_mbox/ctakes-commits/201209.mbox/<20120924220606.D49A12388ACC@eris.apache.org>,chenpei
Mon Sep 24 22:07:06 2012,http://mail-archives.apache.org/mod_mbox/ctakes-commits/201209.mbox/<20120924220606.D49A12388ACC@eris.apache.org>,chenpei
Mon Sep 24 22:07:06 2012,http://mail-archives.apache.org/mod_mbox/ctakes-commits/201209.mbox/<20120924220606.D49A12388ACC@eris.apache.org>,chenpei
Mon Sep 24 22:07:06 2012,http://mail-archives.apache.org/mod_mbox/ctakes-commits/201209.mbox/<20120924220606.D49A12388ACC@eris.apache.org>,chenpei
Mon Sep 24 22:07:06 2012,http://mail-archives.apache.org/mod_mbox/ctakes-commits/201209.mbox/<20120924220606.D49A12388ACC@eris.apache.org>,chenpei
Mon Sep 24 22:07:06 2012,http://mail-archives.apache.org/mod_mbox/ctakes-commits/201209.mbox/<20120924220606.D49A12388ACC@eris.apache.org>,chenpei
Mon Sep 24 22:07:06 2012,http://mail-archives.apache.org/mod_mbox/ctakes-commits/201209.mbox/<20120924220606.D49A12388ACC@eris.apache.org>,chenpei
Mon Sep 24 22:07:06 2012,http://mail-archives.apache.org/mod_mbox/ctakes-commits/201209.mbox/<20120924220606.D49A12388ACC@eris.apache.org>,chenpei
Mon Sep 24 22:07:06 2012,http://mail-archives.apache.org/mod_mbox/ctakes-commits/201209.mbox/<20120924220606.D49A12388ACC@eris.apache.org>,chenpei
Mon Sep 24 22:07:06 2012,http://mail-archives.apache.org/mod_mbox/ctakes-commits/201209.mbox/<20120924220606.D49A12388ACC@eris.apache.org>,chenpei
Mon Sep 24 22:07:06 2012,http://mail-archives.apache.org/mod_mbox/ctakes-commits/201209.mbox/<20120924220606.D49A12388ACC@eris.apache.org>,chenpei
Mon Sep 24 22:07:06 2012,http://mail-archives.apache.org/mod_mbox/ctakes-commits/201209.mbox/<20120924220606.D49A12388ACC@eris.apache.org>,chenpei
Mon Sep 24 22:07:06 2012,http://mail-archives.apache.org/mod_mbox/ctakes-commits/201209.mbox/<20120924220606.D49A12388ACC@eris.apache.org>,chenpei
Mon Sep 24 22:07:06 2012,http://mail-archives.apache.org/mod_mbox/ctakes-commits/201209.mbox/<20120924220606.D49A12388ACC@eris.apache.org>,chenpei
Mon Sep 24 22:07:06 2012,http://mail-archives.apache.org/mod_mbox/ctakes-commits/201209.mbox/<20120924220606.D49A12388ACC@eris.apache.org>,chenpei
Mon Sep 24 22:07:06 2012,http://mail-archives.apache.org/mod_mbox/ctakes-commits/201209.mbox/<20120924220606.D49A12388ACC@eris.apache.org>,chenpei
Mon Sep 24 22:07:06 2012,http://mail-archives.apache.org/mod_mbox/ctakes-commits/201209.mbox/<20120924220606.D49A12388ACC@eris.apache.org>,chenpei
Mon Sep 24 22:07:06 2012,http://mail-archives.apache.org/mod_mbox/ctakes-commits/201209.mbox/<20120924220606.D49A12388ACC@eris.apache.org>,chenpei
Mon Sep 24 22:07:06 2012,http://mail-archives.apache.org/mod_mbox/ctakes-commits/201209.mbox/<20120924220606.D49A12388ACC@eris.apache.org>,chenpei
Mon Sep 24 22:07:06 2012,http://mail-archives.apache.org/mod_mbox/ctakes-commits/201209.mbox/<20120924220606.D49A12388ACC@eris.apache.org>,chenpei
Mon Sep 24 22:07:06 2012,http://mail-archives.apache.org/mod_mbox/ctakes-commits/201209.mbox/<20120924220606.D49A12388ACC@eris.apache.org>,chenpei
Mon Sep 24 22:07:06 2012,http://mail-archives.apache.org/mod_mbox/ctakes-commits/201209.mbox/<20120924220606.D49A12388ACC@eris.apache.org>,chenpei
Mon Sep 24 22:07:07 2012,http://mail-archives.apache.org/mod_mbox/ctakes-commits/201209.mbox/<20120924220606.CF3AF2388AB9@eris.apache.org>,chenpei
Mon Sep 24 22:07:15 2012,http://mail-archives.apache.org/mod_mbox/ctakes-commits/201209.mbox/<20120924220606.E78152388BA2@eris.apache.org>,chenpei
Mon Sep 24 22:07:15 2012,http://mail-archives.apache.org/mod_mbox/ctakes-commits/201209.mbox/<20120924220606.E78152388BA2@eris.apache.org>,chenpei
Mon Sep 24 22:07:15 2012,http://mail-archives.apache.org/mod_mbox/ctakes-commits/201209.mbox/<20120924220606.E78152388BA2@eris.apache.org>,chenpei
Mon Sep 24 22:07:15 2012,http://mail-archives.apache.org/mod_mbox/ctakes-commits/201209.mbox/<20120924220606.E78152388BA2@eris.apache.org>,chenpei
Mon Sep 24 22:07:15 2012,http://mail-archives.apache.org/mod_mbox/ctakes-commits/201209.mbox/<20120924220606.E78152388BA2@eris.apache.org>,chenpei
Mon Sep 24 22:07:15 2012,http://mail-archives.apache.org/mod_mbox/ctakes-commits/201209.mbox/<20120924220606.E78152388BA2@eris.apache.org>,chenpei
Mon Sep 24 22:07:15 2012,http://mail-archives.apache.org/mod_mbox/ctakes-commits/201209.mbox/<20120924220606.E78152388BA2@eris.apache.org>,chenpei
Mon Sep 24 22:07:15 2012,http://mail-archives.apache.org/mod_mbox/ctakes-commits/201209.mbox/<20120924220606.E78152388BA2@eris.apache.org>,chenpei
Mon Sep 24 22:07:15 2012,http://mail-archives.apache.org/mod_mbox/ctakes-commits/201209.mbox/<20120924220606.E78152388BA2@eris.apache.org>,chenpei
Mon Sep 24 22:07:15 2012,http://mail-archives.apache.org/mod_mbox/ctakes-commits/201209.mbox/<20120924220606.E78152388BA2@eris.apache.org>,chenpei
Mon Sep 24 22:07:15 2012,http://mail-archives.apache.org/mod_mbox/ctakes-commits/201209.mbox/<20120924220606.E78152388BA2@eris.apache.org>,chenpei
Mon Sep 24 22:07:15 2012,http://mail-archives.apache.org/mod_mbox/ctakes-commits/201209.mbox/<20120924220606.E78152388BA2@eris.apache.org>,chenpei
Mon Sep 24 22:07:15 2012,http://mail-archives.apache.org/mod_mbox/ctakes-commits/201209.mbox/<20120924220606.E78152388BA2@eris.apache.org>,chenpei
Mon Sep 24 22:07:15 2012,http://mail-archives.apache.org/mod_mbox/ctakes-commits/201209.mbox/<20120924220606.E78152388BA2@eris.apache.org>,chenpei
Mon Sep 24 22:07:15 2012,http://mail-archives.apache.org/mod_mbox/ctakes-commits/201209.mbox/<20120924220606.E78152388BA2@eris.apache.org>,chenpei
Mon Sep 24 22:07:15 2012,http://mail-archives.apache.org/mod_mbox/ctakes-commits/201209.mbox/<20120924220606.E78152388BA2@eris.apache.org>,chenpei
Mon Sep 24 22:07:15 2012,http://mail-archives.apache.org/mod_mbox/ctakes-commits/201209.mbox/<20120924220606.E78152388BA2@eris.apache.org>,chenpei
Mon Sep 24 22:07:15 2012,http://mail-archives.apache.org/mod_mbox/ctakes-commits/201209.mbox/<20120924220606.E78152388BA2@eris.apache.org>,chenpei
Mon Sep 24 22:07:15 2012,http://mail-archives.apache.org/mod_mbox/ctakes-commits/201209.mbox/<20120924220606.E78152388BA2@eris.apache.org>,chenpei
Mon Sep 24 22:07:15 2012,http://mail-archives.apache.org/mod_mbox/ctakes-commits/201209.mbox/<20120924220606.E78152388BA2@eris.apache.org>,chenpei
Mon Sep 24 22:07:15 2012,http://mail-archives.apache.org/mod_mbox/ctakes-commits/201209.mbox/<20120924220606.E78152388BA2@eris.apache.org>,chenpei
Mon Sep 24 22:07:15 2012,http://mail-archives.apache.org/mod_mbox/ctakes-commits/201209.mbox/<20120924220606.E78152388BA2@eris.apache.org>,chenpei
Mon Sep 24 22:07:15 2012,http://mail-archives.apache.org/mod_mbox/ctakes-commits/201209.mbox/<20120924220606.E78152388BA2@eris.apache.org>,chenpei
Mon Sep 24 22:07:15 2012,http://mail-archives.apache.org/mod_mbox/ctakes-commits/201209.mbox/<20120924220606.E78152388BA2@eris.apache.org>,chenpei
Mon Sep 24 22:07:15 2012,http://mail-archives.apache.org/mod_mbox/ctakes-commits/201209.mbox/<20120924220606.E78152388BA2@eris.apache.org>,chenpei
Mon Sep 24 22:07:15 2012,http://mail-archives.apache.org/mod_mbox/ctakes-commits/201209.mbox/<20120924220606.E78152388BA2@eris.apache.org>,chenpei
Mon Sep 24 22:07:15 2012,http://mail-archives.apache.org/mod_mbox/ctakes-commits/201209.mbox/<20120924220606.E78152388BA2@eris.apache.org>,chenpei
Mon Sep 24 22:07:15 2012,http://mail-archives.apache.org/mod_mbox/ctakes-commits/201209.mbox/<20120924220606.E78152388BA2@eris.apache.org>,chenpei
Mon Sep 24 22:07:15 2012,http://mail-archives.apache.org/mod_mbox/ctakes-commits/201209.mbox/<20120924220606.E78152388BA2@eris.apache.org>,chenpei
Mon Sep 24 22:07:15 2012,http://mail-archives.apache.org/mod_mbox/ctakes-commits/201209.mbox/<20120924220606.E78152388BA2@eris.apache.org>,chenpei
Mon Sep 24 22:07:15 2012,http://mail-archives.apache.org/mod_mbox/ctakes-commits/201209.mbox/<20120924220606.E78152388BA2@eris.apache.org>,chenpei
Mon Sep 24 22:07:15 2012,http://mail-archives.apache.org/mod_mbox/ctakes-commits/201209.mbox/<20120924220606.E78152388BA2@eris.apache.org>,chenpei
Mon Sep 24 22:07:15 2012,http://mail-archives.apache.org/mod_mbox/ctakes-commits/201209.mbox/<20120924220606.E78152388BA2@eris.apache.org>,chenpei
Mon Sep 24 22:07:15 2012,http://mail-archives.apache.org/mod_mbox/ctakes-commits/201209.mbox/<20120924220606.E78152388BA2@eris.apache.org>,chenpei
Mon Sep 24 22:07:15 2012,http://mail-archives.apache.org/mod_mbox/ctakes-commits/201209.mbox/<20120924220606.E78152388BA2@eris.apache.org>,chenpei
Mon Sep 24 22:07:15 2012,http://mail-archives.apache.org/mod_mbox/ctakes-commits/201209.mbox/<20120924220606.E78152388BA2@eris.apache.org>,chenpei
Mon Sep 24 22:07:15 2012,http://mail-archives.apache.org/mod_mbox/ctakes-commits/201209.mbox/<20120924220606.E78152388BA2@eris.apache.org>,chenpei
Mon Sep 24 22:07:15 2012,http://mail-archives.apache.org/mod_mbox/ctakes-commits/201209.mbox/<20120924220606.E78152388BA2@eris.apache.org>,chenpei
Mon Sep 24 22:07:15 2012,http://mail-archives.apache.org/mod_mbox/ctakes-commits/201209.mbox/<20120924220606.E78152388BA2@eris.apache.org>,chenpei
Mon Sep 24 22:07:15 2012,http://mail-archives.apache.org/mod_mbox/ctakes-commits/201209.mbox/<20120924220606.E78152388BA2@eris.apache.org>,chenpei
Mon Sep 24 22:07:15 2012,http://mail-archives.apache.org/mod_mbox/ctakes-commits/201209.mbox/<20120924220606.E78152388BA2@eris.apache.org>,chenpei
Mon Sep 24 22:07:15 2012,http://mail-archives.apache.org/mod_mbox/ctakes-commits/201209.mbox/<20120924220606.E78152388BA2@eris.apache.org>,chenpei
Mon Sep 24 22:07:15 2012,http://mail-archives.apache.org/mod_mbox/ctakes-commits/201209.mbox/<20120924220606.E78152388BA2@eris.apache.org>,chenpei
Mon Sep 24 22:07:15 2012,http://mail-archives.apache.org/mod_mbox/ctakes-commits/201209.mbox/<20120924220606.E78152388BA2@eris.apache.org>,chenpei
Mon Sep 24 22:07:15 2012,http://mail-archives.apache.org/mod_mbox/ctakes-commits/201209.mbox/<20120924220606.E78152388BA2@eris.apache.org>,chenpei
Mon Sep 24 22:07:15 2012,http://mail-archives.apache.org/mod_mbox/ctakes-commits/201209.mbox/<20120924220606.E78152388BA2@eris.apache.org>,chenpei
Mon Sep 24 22:07:15 2012,http://mail-archives.apache.org/mod_mbox/ctakes-commits/201209.mbox/<20120924220606.E78152388BA2@eris.apache.org>,chenpei
Mon Sep 24 22:07:15 2012,http://mail-archives.apache.org/mod_mbox/ctakes-commits/201209.mbox/<20120924220606.E78152388BA2@eris.apache.org>,chenpei
Mon Sep 24 22:07:15 2012,http://mail-archives.apache.org/mod_mbox/ctakes-commits/201209.mbox/<20120924220606.E78152388BA2@eris.apache.org>,chenpei
Mon Sep 24 22:07:15 2012,http://mail-archives.apache.org/mod_mbox/ctakes-commits/201209.mbox/<20120924220606.E78152388BA2@eris.apache.org>,chenpei
Mon Sep 24 22:07:15 2012,http://mail-archives.apache.org/mod_mbox/ctakes-commits/201209.mbox/<20120924220606.E78152388BA2@eris.apache.org>,chenpei
Mon Sep 24 22:07:15 2012,http://mail-archives.apache.org/mod_mbox/ctakes-commits/201209.mbox/<20120924220606.E78152388BA2@eris.apache.org>,chenpei
Mon Sep 24 22:07:15 2012,http://mail-archives.apache.org/mod_mbox/ctakes-commits/201209.mbox/<20120924220606.E78152388BA2@eris.apache.org>,chenpei
Mon Sep 24 22:07:15 2012,http://mail-archives.apache.org/mod_mbox/ctakes-commits/201209.mbox/<20120924220606.E78152388BA2@eris.apache.org>,chenpei
Mon Sep 24 22:07:15 2012,http://mail-archives.apache.org/mod_mbox/ctakes-commits/201209.mbox/<20120924220606.E78152388BA2@eris.apache.org>,chenpei
Mon Sep 24 22:07:15 2012,http://mail-archives.apache.org/mod_mbox/ctakes-commits/201209.mbox/<20120924220606.E78152388BA2@eris.apache.org>,chenpei
Mon Sep 24 22:07:15 2012,http://mail-archives.apache.org/mod_mbox/ctakes-commits/201209.mbox/<20120924220606.E78152388BA2@eris.apache.org>,chenpei
Mon Sep 24 22:07:15 2012,http://mail-archives.apache.org/mod_mbox/ctakes-commits/201209.mbox/<20120924220606.E78152388BA2@eris.apache.org>,chenpei
Mon Sep 24 22:07:15 2012,http://mail-archives.apache.org/mod_mbox/ctakes-commits/201209.mbox/<20120924220606.E78152388BA2@eris.apache.org>,chenpei
Mon Sep 24 22:07:15 2012,http://mail-archives.apache.org/mod_mbox/ctakes-commits/201209.mbox/<20120924220606.E78152388BA2@eris.apache.org>,chenpei
Mon Sep 24 22:07:15 2012,http://mail-archives.apache.org/mod_mbox/ctakes-commits/201209.mbox/<20120924220606.E78152388BA2@eris.apache.org>,chenpei
Mon Sep 24 22:07:15 2012,http://mail-archives.apache.org/mod_mbox/ctakes-commits/201209.mbox/<20120924220606.E78152388BA2@eris.apache.org>,chenpei
Mon Sep 24 22:07:15 2012,http://mail-archives.apache.org/mod_mbox/ctakes-commits/201209.mbox/<20120924220606.E78152388BA2@eris.apache.org>,chenpei
Mon Sep 24 22:07:15 2012,http://mail-archives.apache.org/mod_mbox/ctakes-commits/201209.mbox/<20120924220606.E78152388BA2@eris.apache.org>,chenpei
Mon Sep 24 22:07:15 2012,http://mail-archives.apache.org/mod_mbox/ctakes-commits/201209.mbox/<20120924220606.E78152388BA2@eris.apache.org>,chenpei
Mon Sep 24 22:07:15 2012,http://mail-archives.apache.org/mod_mbox/ctakes-commits/201209.mbox/<20120924220606.E78152388BA2@eris.apache.org>,chenpei
Mon Sep 24 22:07:15 2012,http://mail-archives.apache.org/mod_mbox/ctakes-commits/201209.mbox/<20120924220606.E78152388BA2@eris.apache.org>,chenpei
Mon Sep 24 22:07:15 2012,http://mail-archives.apache.org/mod_mbox/ctakes-commits/201209.mbox/<20120924220606.E78152388BA2@eris.apache.org>,chenpei
Mon Sep 24 22:07:15 2012,http://mail-archives.apache.org/mod_mbox/ctakes-commits/201209.mbox/<20120924220606.E78152388BA2@eris.apache.org>,chenpei
Mon Sep 24 22:07:15 2012,http://mail-archives.apache.org/mod_mbox/ctakes-commits/201209.mbox/<20120924220606.E78152388BA2@eris.apache.org>,chenpei
Mon Sep 24 22:07:15 2012,http://mail-archives.apache.org/mod_mbox/ctakes-commits/201209.mbox/<20120924220606.E78152388BA2@eris.apache.org>,chenpei
Mon Sep 24 22:07:15 2012,http://mail-archives.apache.org/mod_mbox/ctakes-commits/201209.mbox/<20120924220606.E78152388BA2@eris.apache.org>,chenpei
Mon Sep 24 22:07:15 2012,http://mail-archives.apache.org/mod_mbox/ctakes-commits/201209.mbox/<20120924220606.E78152388BA2@eris.apache.org>,chenpei
Mon Sep 24 22:07:15 2012,http://mail-archives.apache.org/mod_mbox/ctakes-commits/201209.mbox/<20120924220606.E78152388BA2@eris.apache.org>,chenpei
Mon Sep 24 22:07:15 2012,http://mail-archives.apache.org/mod_mbox/ctakes-commits/201209.mbox/<20120924220606.E78152388BA2@eris.apache.org>,chenpei
Mon Sep 24 22:07:15 2012,http://mail-archives.apache.org/mod_mbox/ctakes-commits/201209.mbox/<20120924220606.E78152388BA2@eris.apache.org>,chenpei
Mon Sep 24 22:07:15 2012,http://mail-archives.apache.org/mod_mbox/ctakes-commits/201209.mbox/<20120924220606.E78152388BA2@eris.apache.org>,chenpei
Mon Sep 24 22:07:15 2012,http://mail-archives.apache.org/mod_mbox/ctakes-commits/201209.mbox/<20120924220606.E78152388BA2@eris.apache.org>,chenpei
Mon Sep 24 22:07:15 2012,http://mail-archives.apache.org/mod_mbox/ctakes-commits/201209.mbox/<20120924220606.E78152388BA2@eris.apache.org>,chenpei
Mon Sep 24 22:07:15 2012,http://mail-archives.apache.org/mod_mbox/ctakes-commits/201209.mbox/<20120924220606.E78152388BA2@eris.apache.org>,chenpei
Mon Sep 24 22:07:15 2012,http://mail-archives.apache.org/mod_mbox/ctakes-commits/201209.mbox/<20120924220606.E78152388BA2@eris.apache.org>,chenpei
Mon Sep 24 22:07:15 2012,http://mail-archives.apache.org/mod_mbox/ctakes-commits/201209.mbox/<20120924220606.E78152388BA2@eris.apache.org>,chenpei
Mon Sep 24 22:07:15 2012,http://mail-archives.apache.org/mod_mbox/ctakes-commits/201209.mbox/<20120924220606.E78152388BA2@eris.apache.org>,chenpei
Mon Sep 24 22:07:15 2012,http://mail-archives.apache.org/mod_mbox/ctakes-commits/201209.mbox/<20120924220606.E78152388BA2@eris.apache.org>,chenpei
Mon Sep 24 22:07:15 2012,http://mail-archives.apache.org/mod_mbox/ctakes-commits/201209.mbox/<20120924220606.E78152388BA2@eris.apache.org>,chenpei
Mon Sep 24 22:07:15 2012,http://mail-archives.apache.org/mod_mbox/ctakes-commits/201209.mbox/<20120924220606.E78152388BA2@eris.apache.org>,chenpei
Mon Sep 24 22:07:15 2012,http://mail-archives.apache.org/mod_mbox/ctakes-commits/201209.mbox/<20120924220606.E78152388BA2@eris.apache.org>,chenpei
Mon Sep 24 22:07:15 2012,http://mail-archives.apache.org/mod_mbox/ctakes-commits/201209.mbox/<20120924220606.E78152388BA2@eris.apache.org>,chenpei
Mon Sep 24 22:07:15 2012,http://mail-archives.apache.org/mod_mbox/ctakes-commits/201209.mbox/<20120924220606.E78152388BA2@eris.apache.org>,chenpei
Mon Sep 24 22:07:15 2012,http://mail-archives.apache.org/mod_mbox/ctakes-commits/201209.mbox/<20120924220606.E78152388BA2@eris.apache.org>,chenpei
Mon Sep 24 22:07:15 2012,http://mail-archives.apache.org/mod_mbox/ctakes-commits/201209.mbox/<20120924220606.E78152388BA2@eris.apache.org>,chenpei
Mon Sep 24 22:07:15 2012,http://mail-archives.apache.org/mod_mbox/ctakes-commits/201209.mbox/<20120924220606.E78152388BA2@eris.apache.org>,chenpei
Mon Sep 24 22:07:15 2012,http://mail-archives.apache.org/mod_mbox/ctakes-commits/201209.mbox/<20120924220606.E78152388BA2@eris.apache.org>,chenpei
Mon Sep 24 22:07:15 2012,http://mail-archives.apache.org/mod_mbox/ctakes-commits/201209.mbox/<20120924220606.E78152388BA2@eris.apache.org>,chenpei
Mon Sep 24 22:07:15 2012,http://mail-archives.apache.org/mod_mbox/ctakes-commits/201209.mbox/<20120924220606.E78152388BA2@eris.apache.org>,chenpei
Mon Sep 24 22:07:15 2012,http://mail-archives.apache.org/mod_mbox/ctakes-commits/201209.mbox/<20120924220606.E78152388BA2@eris.apache.org>,chenpei
Mon Sep 24 22:07:15 2012,http://mail-archives.apache.org/mod_mbox/ctakes-commits/201209.mbox/<20120924220606.E78152388BA2@eris.apache.org>,chenpei
Mon Sep 24 22:07:15 2012,http://mail-archives.apache.org/mod_mbox/ctakes-commits/201209.mbox/<20120924220606.E78152388BA2@eris.apache.org>,chenpei
Mon Sep 24 22:07:15 2012,http://mail-archives.apache.org/mod_mbox/ctakes-commits/201209.mbox/<20120924220606.E78152388BA2@eris.apache.org>,chenpei
Mon Sep 24 22:07:15 2012,http://mail-archives.apache.org/mod_mbox/ctakes-commits/201209.mbox/<20120924220606.E78152388BA2@eris.apache.org>,chenpei
Mon Sep 24 22:07:15 2012,http://mail-archives.apache.org/mod_mbox/ctakes-commits/201209.mbox/<20120924220606.E78152388BA2@eris.apache.org>,chenpei
Mon Sep 24 22:07:15 2012,http://mail-archives.apache.org/mod_mbox/ctakes-commits/201209.mbox/<20120924220606.E78152388BA2@eris.apache.org>,chenpei
Mon Sep 24 22:07:15 2012,http://mail-archives.apache.org/mod_mbox/ctakes-commits/201209.mbox/<20120924220606.E78152388BA2@eris.apache.org>,chenpei
Mon Sep 24 22:07:15 2012,http://mail-archives.apache.org/mod_mbox/ctakes-commits/201209.mbox/<20120924220606.E78152388BA2@eris.apache.org>,chenpei
Mon Sep 24 22:07:15 2012,http://mail-archives.apache.org/mod_mbox/ctakes-commits/201209.mbox/<20120924220606.E78152388BA2@eris.apache.org>,chenpei
Mon Sep 24 22:07:15 2012,http://mail-archives.apache.org/mod_mbox/ctakes-commits/201209.mbox/<20120924220606.E78152388BA2@eris.apache.org>,chenpei
Mon Sep 24 22:07:15 2012,http://mail-archives.apache.org/mod_mbox/ctakes-commits/201209.mbox/<20120924220606.E78152388BA2@eris.apache.org>,chenpei
Mon Sep 24 22:07:15 2012,http://mail-archives.apache.org/mod_mbox/ctakes-commits/201209.mbox/<20120924220606.E78152388BA2@eris.apache.org>,chenpei
Mon Sep 24 22:07:15 2012,http://mail-archives.apache.org/mod_mbox/ctakes-commits/201209.mbox/<20120924220606.E78152388BA2@eris.apache.org>,chenpei
Mon Sep 24 22:07:15 2012,http://mail-archives.apache.org/mod_mbox/ctakes-commits/201209.mbox/<20120924220606.E78152388BA2@eris.apache.org>,chenpei
Mon Sep 24 22:07:15 2012,http://mail-archives.apache.org/mod_mbox/ctakes-commits/201209.mbox/<20120924220606.E78152388BA2@eris.apache.org>,chenpei
Mon Sep 24 22:07:15 2012,http://mail-archives.apache.org/mod_mbox/ctakes-commits/201209.mbox/<20120924220606.E78152388BA2@eris.apache.org>,chenpei
Mon Sep 24 22:07:15 2012,http://mail-archives.apache.org/mod_mbox/ctakes-commits/201209.mbox/<20120924220606.E78152388BA2@eris.apache.org>,chenpei
Mon Sep 24 22:07:15 2012,http://mail-archives.apache.org/mod_mbox/ctakes-commits/201209.mbox/<20120924220606.E78152388BA2@eris.apache.org>,chenpei
Mon Sep 24 22:07:15 2012,http://mail-archives.apache.org/mod_mbox/ctakes-commits/201209.mbox/<20120924220606.E78152388BA2@eris.apache.org>,chenpei
Mon Sep 24 22:07:15 2012,http://mail-archives.apache.org/mod_mbox/ctakes-commits/201209.mbox/<20120924220606.E78152388BA2@eris.apache.org>,chenpei
Mon Sep 24 22:07:15 2012,http://mail-archives.apache.org/mod_mbox/ctakes-commits/201209.mbox/<20120924220606.E78152388BA2@eris.apache.org>,chenpei
Mon Sep 24 22:07:15 2012,http://mail-archives.apache.org/mod_mbox/ctakes-commits/201209.mbox/<20120924220606.E78152388BA2@eris.apache.org>,chenpei
Mon Sep 24 22:07:15 2012,http://mail-archives.apache.org/mod_mbox/ctakes-commits/201209.mbox/<20120924220606.E78152388BA2@eris.apache.org>,chenpei
Mon Sep 24 22:07:15 2012,http://mail-archives.apache.org/mod_mbox/ctakes-commits/201209.mbox/<20120924220606.E78152388BA2@eris.apache.org>,chenpei
Mon Sep 24 22:07:15 2012,http://mail-archives.apache.org/mod_mbox/ctakes-commits/201209.mbox/<20120924220606.E78152388BA2@eris.apache.org>,chenpei
Mon Sep 24 22:07:15 2012,http://mail-archives.apache.org/mod_mbox/ctakes-commits/201209.mbox/<20120924220606.E78152388BA2@eris.apache.org>,chenpei
Mon Sep 24 22:07:15 2012,http://mail-archives.apache.org/mod_mbox/ctakes-commits/201209.mbox/<20120924220606.E78152388BA2@eris.apache.org>,chenpei
Mon Sep 24 22:07:15 2012,http://mail-archives.apache.org/mod_mbox/ctakes-commits/201209.mbox/<20120924220606.E78152388BA2@eris.apache.org>,chenpei
Mon Sep 24 22:07:15 2012,http://mail-archives.apache.org/mod_mbox/ctakes-commits/201209.mbox/<20120924220606.E78152388BA2@eris.apache.org>,chenpei
Mon Sep 24 22:07:15 2012,http://mail-archives.apache.org/mod_mbox/ctakes-commits/201209.mbox/<20120924220606.E78152388BA2@eris.apache.org>,chenpei
Mon Sep 24 22:07:15 2012,http://mail-archives.apache.org/mod_mbox/ctakes-commits/201209.mbox/<20120924220606.E78152388BA2@eris.apache.org>,chenpei
Mon Sep 24 22:07:15 2012,http://mail-archives.apache.org/mod_mbox/ctakes-commits/201209.mbox/<20120924220606.E78152388BA2@eris.apache.org>,chenpei
Mon Sep 24 22:07:15 2012,http://mail-archives.apache.org/mod_mbox/ctakes-commits/201209.mbox/<20120924220606.E78152388BA2@eris.apache.org>,chenpei
Mon Sep 24 22:07:15 2012,http://mail-archives.apache.org/mod_mbox/ctakes-commits/201209.mbox/<20120924220606.E78152388BA2@eris.apache.org>,chenpei
Mon Sep 24 22:07:15 2012,http://mail-archives.apache.org/mod_mbox/ctakes-commits/201209.mbox/<20120924220606.E78152388BA2@eris.apache.org>,chenpei
Mon Sep 24 22:07:15 2012,http://mail-archives.apache.org/mod_mbox/ctakes-commits/201209.mbox/<20120924220606.E78152388BA2@eris.apache.org>,chenpei
Mon Sep 24 22:07:15 2012,http://mail-archives.apache.org/mod_mbox/ctakes-commits/201209.mbox/<20120924220606.E78152388BA2@eris.apache.org>,chenpei
Mon Sep 24 22:07:15 2012,http://mail-archives.apache.org/mod_mbox/ctakes-commits/201209.mbox/<20120924220606.E78152388BA2@eris.apache.org>,chenpei
Mon Sep 24 22:07:15 2012,http://mail-archives.apache.org/mod_mbox/ctakes-commits/201209.mbox/<20120924220606.E78152388BA2@eris.apache.org>,chenpei
Mon Sep 24 22:07:15 2012,http://mail-archives.apache.org/mod_mbox/ctakes-commits/201209.mbox/<20120924220606.E78152388BA2@eris.apache.org>,chenpei
Mon Sep 24 22:07:15 2012,http://mail-archives.apache.org/mod_mbox/ctakes-commits/201209.mbox/<20120924220606.E78152388BA2@eris.apache.org>,chenpei
Mon Sep 24 22:07:15 2012,http://mail-archives.apache.org/mod_mbox/ctakes-commits/201209.mbox/<20120924220606.E78152388BA2@eris.apache.org>,chenpei
Mon Sep 24 22:07:15 2012,http://mail-archives.apache.org/mod_mbox/ctakes-commits/201209.mbox/<20120924220606.E78152388BA2@eris.apache.org>,chenpei
Mon Sep 24 22:07:15 2012,http://mail-archives.apache.org/mod_mbox/ctakes-commits/201209.mbox/<20120924220606.E78152388BA2@eris.apache.org>,chenpei
Mon Sep 24 22:07:15 2012,http://mail-archives.apache.org/mod_mbox/ctakes-commits/201209.mbox/<20120924220606.E78152388BA2@eris.apache.org>,chenpei
Mon Sep 24 22:07:15 2012,http://mail-archives.apache.org/mod_mbox/ctakes-commits/201209.mbox/<20120924220606.E78152388BA2@eris.apache.org>,chenpei
Mon Sep 24 22:07:15 2012,http://mail-archives.apache.org/mod_mbox/ctakes-commits/201209.mbox/<20120924220606.E78152388BA2@eris.apache.org>,chenpei
Mon Sep 24 22:07:15 2012,http://mail-archives.apache.org/mod_mbox/ctakes-commits/201209.mbox/<20120924220606.E78152388BA2@eris.apache.org>,chenpei
Mon Sep 24 22:07:15 2012,http://mail-archives.apache.org/mod_mbox/ctakes-commits/201209.mbox/<20120924220606.E78152388BA2@eris.apache.org>,chenpei
Mon Sep 24 22:07:15 2012,http://mail-archives.apache.org/mod_mbox/ctakes-commits/201209.mbox/<20120924220606.E78152388BA2@eris.apache.org>,chenpei
Mon Sep 24 22:07:15 2012,http://mail-archives.apache.org/mod_mbox/ctakes-commits/201209.mbox/<20120924220606.E78152388BA2@eris.apache.org>,chenpei
Mon Sep 24 22:07:15 2012,http://mail-archives.apache.org/mod_mbox/ctakes-commits/201209.mbox/<20120924220606.E78152388BA2@eris.apache.org>,chenpei
Mon Sep 24 22:07:15 2012,http://mail-archives.apache.org/mod_mbox/ctakes-commits/201209.mbox/<20120924220606.E78152388BA2@eris.apache.org>,chenpei
Mon Sep 24 22:07:15 2012,http://mail-archives.apache.org/mod_mbox/ctakes-commits/201209.mbox/<20120924220606.E78152388BA2@eris.apache.org>,chenpei
Mon Sep 24 22:07:15 2012,http://mail-archives.apache.org/mod_mbox/ctakes-commits/201209.mbox/<20120924220606.E78152388BA2@eris.apache.org>,chenpei
Mon Sep 24 22:07:15 2012,http://mail-archives.apache.org/mod_mbox/ctakes-commits/201209.mbox/<20120924220606.E78152388BA2@eris.apache.org>,chenpei
Mon Sep 24 22:07:15 2012,http://mail-archives.apache.org/mod_mbox/ctakes-commits/201209.mbox/<20120924220606.E78152388BA2@eris.apache.org>,chenpei
Mon Sep 24 22:07:15 2012,http://mail-archives.apache.org/mod_mbox/ctakes-commits/201209.mbox/<20120924220606.E78152388BA2@eris.apache.org>,chenpei
Mon Sep 24 22:07:15 2012,http://mail-archives.apache.org/mod_mbox/ctakes-commits/201209.mbox/<20120924220606.E78152388BA2@eris.apache.org>,chenpei
Mon Sep 24 22:07:15 2012,http://mail-archives.apache.org/mod_mbox/ctakes-commits/201209.mbox/<20120924220606.E78152388BA2@eris.apache.org>,chenpei
Mon Sep 24 22:07:15 2012,http://mail-archives.apache.org/mod_mbox/ctakes-commits/201209.mbox/<20120924220606.E78152388BA2@eris.apache.org>,chenpei
Mon Sep 24 22:07:15 2012,http://mail-archives.apache.org/mod_mbox/ctakes-commits/201209.mbox/<20120924220606.E78152388BA2@eris.apache.org>,chenpei
Mon Sep 24 22:07:15 2012,http://mail-archives.apache.org/mod_mbox/ctakes-commits/201209.mbox/<20120924220606.E78152388BA2@eris.apache.org>,chenpei
Mon Sep 24 22:07:15 2012,http://mail-archives.apache.org/mod_mbox/ctakes-commits/201209.mbox/<20120924220606.E78152388BA2@eris.apache.org>,chenpei
Mon Sep 24 22:07:15 2012,http://mail-archives.apache.org/mod_mbox/ctakes-commits/201209.mbox/<20120924220606.E78152388BA2@eris.apache.org>,chenpei
Mon Sep 24 22:07:15 2012,http://mail-archives.apache.org/mod_mbox/ctakes-commits/201209.mbox/<20120924220606.E78152388BA2@eris.apache.org>,chenpei
Mon Sep 24 22:07:15 2012,http://mail-archives.apache.org/mod_mbox/ctakes-commits/201209.mbox/<20120924220606.E78152388BA2@eris.apache.org>,chenpei
Mon Sep 24 22:07:15 2012,http://mail-archives.apache.org/mod_mbox/ctakes-commits/201209.mbox/<20120924220606.E78152388BA2@eris.apache.org>,chenpei
Mon Sep 24 22:07:15 2012,http://mail-archives.apache.org/mod_mbox/ctakes-commits/201209.mbox/<20120924220606.E78152388BA2@eris.apache.org>,chenpei
Mon Sep 24 22:07:15 2012,http://mail-archives.apache.org/mod_mbox/ctakes-commits/201209.mbox/<20120924220606.E78152388BA2@eris.apache.org>,chenpei
Mon Sep 24 22:07:15 2012,http://mail-archives.apache.org/mod_mbox/ctakes-commits/201209.mbox/<20120924220606.E78152388BA2@eris.apache.org>,chenpei
Mon Sep 24 22:07:15 2012,http://mail-archives.apache.org/mod_mbox/ctakes-commits/201209.mbox/<20120924220606.E78152388BA2@eris.apache.org>,chenpei
Mon Sep 24 22:07:15 2012,http://mail-archives.apache.org/mod_mbox/ctakes-commits/201209.mbox/<20120924220606.E78152388BA2@eris.apache.org>,chenpei
Mon Sep 24 22:07:15 2012,http://mail-archives.apache.org/mod_mbox/ctakes-commits/201209.mbox/<20120924220606.E78152388BA2@eris.apache.org>,chenpei
Mon Sep 24 22:07:15 2012,http://mail-archives.apache.org/mod_mbox/ctakes-commits/201209.mbox/<20120924220606.E78152388BA2@eris.apache.org>,chenpei
Mon Sep 24 22:07:15 2012,http://mail-archives.apache.org/mod_mbox/ctakes-commits/201209.mbox/<20120924220606.E78152388BA2@eris.apache.org>,chenpei
Mon Sep 24 22:07:15 2012,http://mail-archives.apache.org/mod_mbox/ctakes-commits/201209.mbox/<20120924220606.E78152388BA2@eris.apache.org>,chenpei
Mon Sep 24 22:07:15 2012,http://mail-archives.apache.org/mod_mbox/ctakes-commits/201209.mbox/<20120924220606.E78152388BA2@eris.apache.org>,chenpei
Mon Sep 24 22:07:15 2012,http://mail-archives.apache.org/mod_mbox/ctakes-commits/201209.mbox/<20120924220606.E78152388BA2@eris.apache.org>,chenpei
Mon Sep 24 22:07:15 2012,http://mail-archives.apache.org/mod_mbox/ctakes-commits/201209.mbox/<20120924220606.E78152388BA2@eris.apache.org>,chenpei
Mon Sep 24 22:07:15 2012,http://mail-archives.apache.org/mod_mbox/ctakes-commits/201209.mbox/<20120924220606.E78152388BA2@eris.apache.org>,chenpei
Mon Sep 24 22:07:15 2012,http://mail-archives.apache.org/mod_mbox/ctakes-commits/201209.mbox/<20120924220606.E78152388BA2@eris.apache.org>,chenpei
Mon Sep 24 22:07:15 2012,http://mail-archives.apache.org/mod_mbox/ctakes-commits/201209.mbox/<20120924220606.E78152388BA2@eris.apache.org>,chenpei
Mon Sep 24 22:07:15 2012,http://mail-archives.apache.org/mod_mbox/ctakes-commits/201209.mbox/<20120924220606.E78152388BA2@eris.apache.org>,chenpei
Mon Sep 24 22:07:15 2012,http://mail-archives.apache.org/mod_mbox/ctakes-commits/201209.mbox/<20120924220606.E78152388BA2@eris.apache.org>,chenpei
Mon Sep 24 22:07:15 2012,http://mail-archives.apache.org/mod_mbox/ctakes-commits/201209.mbox/<20120924220606.E78152388BA2@eris.apache.org>,chenpei
Mon Sep 24 22:07:15 2012,http://mail-archives.apache.org/mod_mbox/ctakes-commits/201209.mbox/<20120924220606.E78152388BA2@eris.apache.org>,chenpei
Mon Sep 24 22:07:15 2012,http://mail-archives.apache.org/mod_mbox/ctakes-commits/201209.mbox/<20120924220606.E78152388BA2@eris.apache.org>,chenpei
Mon Sep 24 22:07:15 2012,http://mail-archives.apache.org/mod_mbox/ctakes-commits/201209.mbox/<20120924220606.E78152388BA2@eris.apache.org>,chenpei
Mon Sep 24 22:07:16 2012,http://mail-archives.apache.org/mod_mbox/ctakes-commits/201209.mbox/<20120924220606.E0B302388B56@eris.apache.org>,chenpei
Mon Sep 24 22:07:16 2012,http://mail-archives.apache.org/mod_mbox/ctakes-commits/201209.mbox/<20120924220606.E0B302388B56@eris.apache.org>,chenpei
Mon Sep 24 22:07:16 2012,http://mail-archives.apache.org/mod_mbox/ctakes-commits/201209.mbox/<20120924220606.E0B302388B56@eris.apache.org>,chenpei
Mon Sep 24 22:07:16 2012,http://mail-archives.apache.org/mod_mbox/ctakes-commits/201209.mbox/<20120924220606.E0B302388B56@eris.apache.org>,chenpei
Mon Sep 24 22:07:16 2012,http://mail-archives.apache.org/mod_mbox/ctakes-commits/201209.mbox/<20120924220606.E0B302388B56@eris.apache.org>,chenpei
Mon Sep 24 22:07:16 2012,http://mail-archives.apache.org/mod_mbox/ctakes-commits/201209.mbox/<20120924220606.E0B302388B56@eris.apache.org>,chenpei
Mon Sep 24 22:07:16 2012,http://mail-archives.apache.org/mod_mbox/ctakes-commits/201209.mbox/<20120924220606.E0B302388B56@eris.apache.org>,chenpei
Mon Sep 24 22:07:16 2012,http://mail-archives.apache.org/mod_mbox/ctakes-commits/201209.mbox/<20120924220606.E0B302388B56@eris.apache.org>,chenpei
Mon Sep 24 22:07:16 2012,http://mail-archives.apache.org/mod_mbox/ctakes-commits/201209.mbox/<20120924220606.E0B302388B56@eris.apache.org>,chenpei
Mon Sep 24 22:07:16 2012,http://mail-archives.apache.org/mod_mbox/ctakes-commits/201209.mbox/<20120924220606.E0B302388B56@eris.apache.org>,chenpei
Mon Sep 24 22:07:16 2012,http://mail-archives.apache.org/mod_mbox/ctakes-commits/201209.mbox/<20120924220606.E0B302388B56@eris.apache.org>,chenpei
Mon Sep 24 22:07:16 2012,http://mail-archives.apache.org/mod_mbox/ctakes-commits/201209.mbox/<20120924220606.E0B302388B56@eris.apache.org>,chenpei
Mon Sep 24 22:07:16 2012,http://mail-archives.apache.org/mod_mbox/ctakes-commits/201209.mbox/<20120924220606.E0B302388B56@eris.apache.org>,chenpei
Mon Sep 24 22:07:16 2012,http://mail-archives.apache.org/mod_mbox/ctakes-commits/201209.mbox/<20120924220606.E0B302388B56@eris.apache.org>,chenpei
Mon Sep 24 22:07:16 2012,http://mail-archives.apache.org/mod_mbox/ctakes-commits/201209.mbox/<20120924220606.E0B302388B56@eris.apache.org>,chenpei
Mon Sep 24 22:07:16 2012,http://mail-archives.apache.org/mod_mbox/ctakes-commits/201209.mbox/<20120924220606.E0B302388B56@eris.apache.org>,chenpei
Mon Sep 24 22:07:16 2012,http://mail-archives.apache.org/mod_mbox/ctakes-commits/201209.mbox/<20120924220606.E0B302388B56@eris.apache.org>,chenpei
Mon Sep 24 22:07:16 2012,http://mail-archives.apache.org/mod_mbox/ctakes-commits/201209.mbox/<20120924220606.E0B302388B56@eris.apache.org>,chenpei
Mon Sep 24 22:07:16 2012,http://mail-archives.apache.org/mod_mbox/ctakes-commits/201209.mbox/<20120924220606.E0B302388B56@eris.apache.org>,chenpei
Mon Sep 24 22:07:16 2012,http://mail-archives.apache.org/mod_mbox/ctakes-commits/201209.mbox/<20120924220606.E0B302388B56@eris.apache.org>,chenpei
Mon Sep 24 22:07:16 2012,http://mail-archives.apache.org/mod_mbox/ctakes-commits/201209.mbox/<20120924220606.E0B302388B56@eris.apache.org>,chenpei
Mon Sep 24 22:07:16 2012,http://mail-archives.apache.org/mod_mbox/ctakes-commits/201209.mbox/<20120924220606.E0B302388B56@eris.apache.org>,chenpei
Mon Sep 24 22:07:16 2012,http://mail-archives.apache.org/mod_mbox/ctakes-commits/201209.mbox/<20120924220606.E0B302388B56@eris.apache.org>,chenpei
Mon Sep 24 22:07:16 2012,http://mail-archives.apache.org/mod_mbox/ctakes-commits/201209.mbox/<20120924220606.E0B302388B56@eris.apache.org>,chenpei
Mon Sep 24 22:07:16 2012,http://mail-archives.apache.org/mod_mbox/ctakes-commits/201209.mbox/<20120924220606.E0B302388B56@eris.apache.org>,chenpei
Mon Sep 24 22:07:16 2012,http://mail-archives.apache.org/mod_mbox/ctakes-commits/201209.mbox/<20120924220606.E0B302388B56@eris.apache.org>,chenpei
Mon Sep 24 22:07:16 2012,http://mail-archives.apache.org/mod_mbox/ctakes-commits/201209.mbox/<20120924220606.E0B302388B56@eris.apache.org>,chenpei
Mon Sep 24 22:07:16 2012,http://mail-archives.apache.org/mod_mbox/ctakes-commits/201209.mbox/<20120924220606.E0B302388B56@eris.apache.org>,chenpei
Mon Sep 24 22:07:16 2012,http://mail-archives.apache.org/mod_mbox/ctakes-commits/201209.mbox/<20120924220606.E0B302388B56@eris.apache.org>,chenpei
Mon Sep 24 22:07:16 2012,http://mail-archives.apache.org/mod_mbox/ctakes-commits/201209.mbox/<20120924220606.E0B302388B56@eris.apache.org>,chenpei
Mon Sep 24 22:07:16 2012,http://mail-archives.apache.org/mod_mbox/ctakes-commits/201209.mbox/<20120924220606.E0B302388B56@eris.apache.org>,chenpei
Mon Sep 24 22:07:16 2012,http://mail-archives.apache.org/mod_mbox/ctakes-commits/201209.mbox/<20120924220606.E0B302388B56@eris.apache.org>,chenpei
Mon Sep 24 22:07:16 2012,http://mail-archives.apache.org/mod_mbox/ctakes-commits/201209.mbox/<20120924220606.E0B302388B56@eris.apache.org>,chenpei
Mon Sep 24 22:07:16 2012,http://mail-archives.apache.org/mod_mbox/ctakes-commits/201209.mbox/<20120924220606.E0B302388B56@eris.apache.org>,chenpei
Mon Sep 24 22:07:16 2012,http://mail-archives.apache.org/mod_mbox/ctakes-commits/201209.mbox/<20120924220606.E0B302388B56@eris.apache.org>,chenpei
Mon Sep 24 22:07:16 2012,http://mail-archives.apache.org/mod_mbox/ctakes-commits/201209.mbox/<20120924220606.E0B302388B56@eris.apache.org>,chenpei
Mon Sep 24 22:07:16 2012,http://mail-archives.apache.org/mod_mbox/ctakes-commits/201209.mbox/<20120924220606.E0B302388B56@eris.apache.org>,chenpei
Mon Sep 24 22:07:16 2012,http://mail-archives.apache.org/mod_mbox/ctakes-commits/201209.mbox/<20120924220606.E0B302388B56@eris.apache.org>,chenpei
Mon Sep 24 22:07:16 2012,http://mail-archives.apache.org/mod_mbox/ctakes-commits/201209.mbox/<20120924220606.E0B302388B56@eris.apache.org>,chenpei
Mon Sep 24 22:07:16 2012,http://mail-archives.apache.org/mod_mbox/ctakes-commits/201209.mbox/<20120924220606.E0B302388B56@eris.apache.org>,chenpei
Mon Sep 24 22:07:16 2012,http://mail-archives.apache.org/mod_mbox/ctakes-commits/201209.mbox/<20120924220606.E0B302388B56@eris.apache.org>,chenpei
Mon Sep 24 22:07:16 2012,http://mail-archives.apache.org/mod_mbox/ctakes-commits/201209.mbox/<20120924220606.E0B302388B56@eris.apache.org>,chenpei
Mon Sep 24 22:07:16 2012,http://mail-archives.apache.org/mod_mbox/ctakes-commits/201209.mbox/<20120924220606.E0B302388B56@eris.apache.org>,chenpei
Mon Sep 24 22:07:16 2012,http://mail-archives.apache.org/mod_mbox/ctakes-commits/201209.mbox/<20120924220606.E0B302388B56@eris.apache.org>,chenpei
Mon Sep 24 22:07:16 2012,http://mail-archives.apache.org/mod_mbox/ctakes-commits/201209.mbox/<20120924220606.E0B302388B56@eris.apache.org>,chenpei
Mon Sep 24 22:07:16 2012,http://mail-archives.apache.org/mod_mbox/ctakes-commits/201209.mbox/<20120924220606.E0B302388B56@eris.apache.org>,chenpei
Mon Sep 24 22:07:16 2012,http://mail-archives.apache.org/mod_mbox/ctakes-commits/201209.mbox/<20120924220606.E0B302388B56@eris.apache.org>,chenpei
Mon Sep 24 22:07:16 2012,http://mail-archives.apache.org/mod_mbox/ctakes-commits/201209.mbox/<20120924220606.E0B302388B56@eris.apache.org>,chenpei
Mon Sep 24 22:07:16 2012,http://mail-archives.apache.org/mod_mbox/ctakes-commits/201209.mbox/<20120924220606.E0B302388B56@eris.apache.org>,chenpei
Mon Sep 24 22:07:16 2012,http://mail-archives.apache.org/mod_mbox/ctakes-commits/201209.mbox/<20120924220606.E0B302388B56@eris.apache.org>,chenpei
Mon Sep 24 22:07:16 2012,http://mail-archives.apache.org/mod_mbox/ctakes-commits/201209.mbox/<20120924220606.E0B302388B56@eris.apache.org>,chenpei
Mon Sep 24 22:07:16 2012,http://mail-archives.apache.org/mod_mbox/ctakes-commits/201209.mbox/<20120924220606.E0B302388B56@eris.apache.org>,chenpei
Mon Sep 24 22:07:16 2012,http://mail-archives.apache.org/mod_mbox/ctakes-commits/201209.mbox/<20120924220606.E0B302388B56@eris.apache.org>,chenpei
Mon Sep 24 22:07:16 2012,http://mail-archives.apache.org/mod_mbox/ctakes-commits/201209.mbox/<20120924220606.E0B302388B56@eris.apache.org>,chenpei
Mon Sep 24 22:07:16 2012,http://mail-archives.apache.org/mod_mbox/ctakes-commits/201209.mbox/<20120924220606.E0B302388B56@eris.apache.org>,chenpei
Mon Sep 24 22:07:16 2012,http://mail-archives.apache.org/mod_mbox/ctakes-commits/201209.mbox/<20120924220606.E0B302388B56@eris.apache.org>,chenpei
Mon Sep 24 22:07:16 2012,http://mail-archives.apache.org/mod_mbox/ctakes-commits/201209.mbox/<20120924220606.E0B302388B56@eris.apache.org>,chenpei
Mon Sep 24 22:07:16 2012,http://mail-archives.apache.org/mod_mbox/ctakes-commits/201209.mbox/<20120924220606.E0B302388B56@eris.apache.org>,chenpei
Mon Sep 24 22:07:16 2012,http://mail-archives.apache.org/mod_mbox/ctakes-commits/201209.mbox/<20120924220606.E0B302388B56@eris.apache.org>,chenpei
Mon Sep 24 22:07:16 2012,http://mail-archives.apache.org/mod_mbox/ctakes-commits/201209.mbox/<20120924220606.E0B302388B56@eris.apache.org>,chenpei
Mon Sep 24 22:07:16 2012,http://mail-archives.apache.org/mod_mbox/ctakes-commits/201209.mbox/<20120924220606.E0B302388B56@eris.apache.org>,chenpei
Mon Sep 24 22:07:16 2012,http://mail-archives.apache.org/mod_mbox/ctakes-commits/201209.mbox/<20120924220606.E0B302388B56@eris.apache.org>,chenpei
Mon Sep 24 22:07:16 2012,http://mail-archives.apache.org/mod_mbox/ctakes-commits/201209.mbox/<20120924220606.E0B302388B56@eris.apache.org>,chenpei
Mon Sep 24 22:07:16 2012,http://mail-archives.apache.org/mod_mbox/ctakes-commits/201209.mbox/<20120924220606.E0B302388B56@eris.apache.org>,chenpei
Mon Sep 24 22:07:16 2012,http://mail-archives.apache.org/mod_mbox/ctakes-commits/201209.mbox/<20120924220606.E0B302388B56@eris.apache.org>,chenpei
Mon Sep 24 22:07:16 2012,http://mail-archives.apache.org/mod_mbox/ctakes-commits/201209.mbox/<20120924220606.E0B302388B56@eris.apache.org>,chenpei
Mon Sep 24 22:07:16 2012,http://mail-archives.apache.org/mod_mbox/ctakes-commits/201209.mbox/<20120924220606.E0B302388B56@eris.apache.org>,chenpei
Mon Sep 24 22:07:16 2012,http://mail-archives.apache.org/mod_mbox/ctakes-commits/201209.mbox/<20120924220606.E0B302388B56@eris.apache.org>,chenpei
Mon Sep 24 22:07:16 2012,http://mail-archives.apache.org/mod_mbox/ctakes-commits/201209.mbox/<20120924220606.E0B302388B56@eris.apache.org>,chenpei
Mon Sep 24 22:07:16 2012,http://mail-archives.apache.org/mod_mbox/ctakes-commits/201209.mbox/<20120924220606.E0B302388B56@eris.apache.org>,chenpei
Mon Sep 24 22:07:16 2012,http://mail-archives.apache.org/mod_mbox/ctakes-commits/201209.mbox/<20120924220606.E0B302388B56@eris.apache.org>,chenpei
Mon Sep 24 22:07:16 2012,http://mail-archives.apache.org/mod_mbox/ctakes-commits/201209.mbox/<20120924220606.E0B302388B56@eris.apache.org>,chenpei
Mon Sep 24 22:07:16 2012,http://mail-archives.apache.org/mod_mbox/ctakes-commits/201209.mbox/<20120924220606.E0B302388B56@eris.apache.org>,chenpei
Mon Sep 24 22:07:16 2012,http://mail-archives.apache.org/mod_mbox/ctakes-commits/201209.mbox/<20120924220606.E0B302388B56@eris.apache.org>,chenpei
Mon Sep 24 22:07:16 2012,http://mail-archives.apache.org/mod_mbox/ctakes-commits/201209.mbox/<20120924220606.E0B302388B56@eris.apache.org>,chenpei
Mon Sep 24 22:07:16 2012,http://mail-archives.apache.org/mod_mbox/ctakes-commits/201209.mbox/<20120924220606.E0B302388B56@eris.apache.org>,chenpei
Mon Sep 24 22:07:16 2012,http://mail-archives.apache.org/mod_mbox/ctakes-commits/201209.mbox/<20120924220606.E0B302388B56@eris.apache.org>,chenpei
Mon Sep 24 22:07:16 2012,http://mail-archives.apache.org/mod_mbox/ctakes-commits/201209.mbox/<20120924220606.E0B302388B56@eris.apache.org>,chenpei
Mon Sep 24 22:07:16 2012,http://mail-archives.apache.org/mod_mbox/ctakes-commits/201209.mbox/<20120924220606.E0B302388B56@eris.apache.org>,chenpei
Mon Sep 24 22:07:16 2012,http://mail-archives.apache.org/mod_mbox/ctakes-commits/201209.mbox/<20120924220606.E0B302388B56@eris.apache.org>,chenpei
Mon Sep 24 22:07:16 2012,http://mail-archives.apache.org/mod_mbox/ctakes-commits/201209.mbox/<20120924220606.E0B302388B56@eris.apache.org>,chenpei
Mon Sep 24 22:07:16 2012,http://mail-archives.apache.org/mod_mbox/ctakes-commits/201209.mbox/<20120924220606.E0B302388B56@eris.apache.org>,chenpei
Mon Sep 24 22:07:16 2012,http://mail-archives.apache.org/mod_mbox/ctakes-commits/201209.mbox/<20120924220606.E0B302388B56@eris.apache.org>,chenpei
Mon Sep 24 22:07:16 2012,http://mail-archives.apache.org/mod_mbox/ctakes-commits/201209.mbox/<20120924220606.E0B302388B56@eris.apache.org>,chenpei
Mon Sep 24 22:07:16 2012,http://mail-archives.apache.org/mod_mbox/ctakes-commits/201209.mbox/<20120924220606.E0B302388B56@eris.apache.org>,chenpei
Mon Sep 24 22:07:16 2012,http://mail-archives.apache.org/mod_mbox/ctakes-commits/201209.mbox/<20120924220606.E0B302388B56@eris.apache.org>,chenpei
Mon Sep 24 22:07:16 2012,http://mail-archives.apache.org/mod_mbox/ctakes-commits/201209.mbox/<20120924220606.E0B302388B56@eris.apache.org>,chenpei
Mon Sep 24 22:07:16 2012,http://mail-archives.apache.org/mod_mbox/ctakes-commits/201209.mbox/<20120924220606.E0B302388B56@eris.apache.org>,chenpei
Mon Sep 24 22:07:16 2012,http://mail-archives.apache.org/mod_mbox/ctakes-commits/201209.mbox/<20120924220606.DAC1C2388ADA@eris.apache.org>,chenpei
Mon Sep 24 22:07:16 2012,http://mail-archives.apache.org/mod_mbox/ctakes-commits/201209.mbox/<20120924220606.DAC1C2388ADA@eris.apache.org>,chenpei
Mon Sep 24 22:07:16 2012,http://mail-archives.apache.org/mod_mbox/ctakes-commits/201209.mbox/<20120924220606.DAC1C2388ADA@eris.apache.org>,chenpei
Mon Sep 24 22:07:16 2012,http://mail-archives.apache.org/mod_mbox/ctakes-commits/201209.mbox/<20120924220606.DAC1C2388ADA@eris.apache.org>,chenpei
Mon Sep 24 22:07:16 2012,http://mail-archives.apache.org/mod_mbox/ctakes-commits/201209.mbox/<20120924220606.DAC1C2388ADA@eris.apache.org>,chenpei
Mon Sep 24 22:07:16 2012,http://mail-archives.apache.org/mod_mbox/ctakes-commits/201209.mbox/<20120924220606.DAC1C2388ADA@eris.apache.org>,chenpei
Mon Sep 24 22:07:16 2012,http://mail-archives.apache.org/mod_mbox/ctakes-commits/201209.mbox/<20120924220606.DAC1C2388ADA@eris.apache.org>,chenpei
Mon Sep 24 22:07:16 2012,http://mail-archives.apache.org/mod_mbox/ctakes-commits/201209.mbox/<20120924220606.DAC1C2388ADA@eris.apache.org>,chenpei
Mon Sep 24 22:07:16 2012,http://mail-archives.apache.org/mod_mbox/ctakes-commits/201209.mbox/<20120924220606.DAC1C2388ADA@eris.apache.org>,chenpei
Mon Sep 24 22:07:16 2012,http://mail-archives.apache.org/mod_mbox/ctakes-commits/201209.mbox/<20120924220606.DAC1C2388ADA@eris.apache.org>,chenpei
Mon Sep 24 22:07:16 2012,http://mail-archives.apache.org/mod_mbox/ctakes-commits/201209.mbox/<20120924220606.DAC1C2388ADA@eris.apache.org>,chenpei
Mon Sep 24 22:07:16 2012,http://mail-archives.apache.org/mod_mbox/ctakes-commits/201209.mbox/<20120924220606.DAC1C2388ADA@eris.apache.org>,chenpei
Mon Sep 24 22:07:16 2012,http://mail-archives.apache.org/mod_mbox/ctakes-commits/201209.mbox/<20120924220606.DAC1C2388ADA@eris.apache.org>,chenpei
Mon Sep 24 22:07:16 2012,http://mail-archives.apache.org/mod_mbox/ctakes-commits/201209.mbox/<20120924220606.DAC1C2388ADA@eris.apache.org>,chenpei
Mon Sep 24 22:07:16 2012,http://mail-archives.apache.org/mod_mbox/ctakes-commits/201209.mbox/<20120924220606.DAC1C2388ADA@eris.apache.org>,chenpei
Mon Sep 24 22:07:16 2012,http://mail-archives.apache.org/mod_mbox/ctakes-commits/201209.mbox/<20120924220606.DAC1C2388ADA@eris.apache.org>,chenpei
Mon Sep 24 22:07:16 2012,http://mail-archives.apache.org/mod_mbox/ctakes-commits/201209.mbox/<20120924220606.DAC1C2388ADA@eris.apache.org>,chenpei
Mon Sep 24 22:07:16 2012,http://mail-archives.apache.org/mod_mbox/ctakes-commits/201209.mbox/<20120924220606.DAC1C2388ADA@eris.apache.org>,chenpei
Mon Sep 24 22:07:16 2012,http://mail-archives.apache.org/mod_mbox/ctakes-commits/201209.mbox/<20120924220606.DAC1C2388ADA@eris.apache.org>,chenpei
Mon Sep 24 22:07:16 2012,http://mail-archives.apache.org/mod_mbox/ctakes-commits/201209.mbox/<20120924220606.DAC1C2388ADA@eris.apache.org>,chenpei
Mon Sep 24 22:07:16 2012,http://mail-archives.apache.org/mod_mbox/ctakes-commits/201209.mbox/<20120924220606.DAC1C2388ADA@eris.apache.org>,chenpei
Mon Sep 24 22:07:16 2012,http://mail-archives.apache.org/mod_mbox/ctakes-commits/201209.mbox/<20120924220606.DAC1C2388ADA@eris.apache.org>,chenpei
Mon Sep 24 22:07:16 2012,http://mail-archives.apache.org/mod_mbox/ctakes-commits/201209.mbox/<20120924220606.DAC1C2388ADA@eris.apache.org>,chenpei
Mon Sep 24 22:07:16 2012,http://mail-archives.apache.org/mod_mbox/ctakes-commits/201209.mbox/<20120924220606.DAC1C2388ADA@eris.apache.org>,chenpei
Mon Sep 24 22:07:16 2012,http://mail-archives.apache.org/mod_mbox/ctakes-commits/201209.mbox/<20120924220606.DAC1C2388ADA@eris.apache.org>,chenpei
Mon Sep 24 22:07:16 2012,http://mail-archives.apache.org/mod_mbox/ctakes-commits/201209.mbox/<20120924220606.DAC1C2388ADA@eris.apache.org>,chenpei
Mon Sep 24 22:07:16 2012,http://mail-archives.apache.org/mod_mbox/ctakes-commits/201209.mbox/<20120924220606.DAC1C2388ADA@eris.apache.org>,chenpei
Mon Sep 24 22:07:16 2012,http://mail-archives.apache.org/mod_mbox/ctakes-commits/201209.mbox/<20120924220606.DAC1C2388ADA@eris.apache.org>,chenpei
Mon Sep 24 22:07:16 2012,http://mail-archives.apache.org/mod_mbox/ctakes-commits/201209.mbox/<20120924220606.DAC1C2388ADA@eris.apache.org>,chenpei
Mon Sep 24 22:07:16 2012,http://mail-archives.apache.org/mod_mbox/ctakes-commits/201209.mbox/<20120924220606.DAC1C2388ADA@eris.apache.org>,chenpei
Mon Sep 24 22:07:16 2012,http://mail-archives.apache.org/mod_mbox/ctakes-commits/201209.mbox/<20120924220606.DAC1C2388ADA@eris.apache.org>,chenpei
Mon Sep 24 22:07:16 2012,http://mail-archives.apache.org/mod_mbox/ctakes-commits/201209.mbox/<20120924220606.DAC1C2388ADA@eris.apache.org>,chenpei
Mon Sep 24 22:07:16 2012,http://mail-archives.apache.org/mod_mbox/ctakes-commits/201209.mbox/<20120924220606.DAC1C2388ADA@eris.apache.org>,chenpei
Mon Sep 24 22:07:16 2012,http://mail-archives.apache.org/mod_mbox/ctakes-commits/201209.mbox/<20120924220606.DAC1C2388ADA@eris.apache.org>,chenpei
Mon Sep 24 22:07:16 2012,http://mail-archives.apache.org/mod_mbox/ctakes-commits/201209.mbox/<20120924220606.DAC1C2388ADA@eris.apache.org>,chenpei
Mon Sep 24 22:07:16 2012,http://mail-archives.apache.org/mod_mbox/ctakes-commits/201209.mbox/<20120924220606.DAC1C2388ADA@eris.apache.org>,chenpei
Mon Sep 24 22:07:16 2012,http://mail-archives.apache.org/mod_mbox/ctakes-commits/201209.mbox/<20120924220606.DAC1C2388ADA@eris.apache.org>,chenpei
Mon Sep 24 22:07:16 2012,http://mail-archives.apache.org/mod_mbox/ctakes-commits/201209.mbox/<20120924220606.DAC1C2388ADA@eris.apache.org>,chenpei
Mon Sep 24 22:07:16 2012,http://mail-archives.apache.org/mod_mbox/ctakes-commits/201209.mbox/<20120924220606.DAC1C2388ADA@eris.apache.org>,chenpei
Mon Sep 24 22:07:16 2012,http://mail-archives.apache.org/mod_mbox/ctakes-commits/201209.mbox/<20120924220606.DAC1C2388ADA@eris.apache.org>,chenpei
Mon Sep 24 22:07:16 2012,http://mail-archives.apache.org/mod_mbox/ctakes-commits/201209.mbox/<20120924220606.DAC1C2388ADA@eris.apache.org>,chenpei
Mon Sep 24 22:07:16 2012,http://mail-archives.apache.org/mod_mbox/ctakes-commits/201209.mbox/<20120924220606.DAC1C2388ADA@eris.apache.org>,chenpei
Mon Sep 24 22:07:16 2012,http://mail-archives.apache.org/mod_mbox/ctakes-commits/201209.mbox/<20120924220606.DAC1C2388ADA@eris.apache.org>,chenpei
Mon Sep 24 22:07:16 2012,http://mail-archives.apache.org/mod_mbox/ctakes-commits/201209.mbox/<20120924220606.DAC1C2388ADA@eris.apache.org>,chenpei
Mon Sep 24 22:07:16 2012,http://mail-archives.apache.org/mod_mbox/ctakes-commits/201209.mbox/<20120924220606.DAC1C2388ADA@eris.apache.org>,chenpei
Mon Sep 24 22:07:16 2012,http://mail-archives.apache.org/mod_mbox/ctakes-commits/201209.mbox/<20120924220606.DAC1C2388ADA@eris.apache.org>,chenpei
Mon Sep 24 22:07:16 2012,http://mail-archives.apache.org/mod_mbox/ctakes-commits/201209.mbox/<20120924220606.DAC1C2388ADA@eris.apache.org>,chenpei
Mon Sep 24 22:07:16 2012,http://mail-archives.apache.org/mod_mbox/ctakes-commits/201209.mbox/<20120924220606.DAC1C2388ADA@eris.apache.org>,chenpei
Mon Sep 24 22:07:16 2012,http://mail-archives.apache.org/mod_mbox/ctakes-commits/201209.mbox/<20120924220606.DAC1C2388ADA@eris.apache.org>,chenpei
Mon Sep 24 22:07:16 2012,http://mail-archives.apache.org/mod_mbox/ctakes-commits/201209.mbox/<20120924220606.DAC1C2388ADA@eris.apache.org>,chenpei
Mon Sep 24 22:07:16 2012,http://mail-archives.apache.org/mod_mbox/ctakes-commits/201209.mbox/<20120924220606.DAC1C2388ADA@eris.apache.org>,chenpei
Mon Sep 24 22:07:16 2012,http://mail-archives.apache.org/mod_mbox/ctakes-commits/201209.mbox/<20120924220606.DAC1C2388ADA@eris.apache.org>,chenpei
Mon Sep 24 22:07:16 2012,http://mail-archives.apache.org/mod_mbox/ctakes-commits/201209.mbox/<20120924220606.DAC1C2388ADA@eris.apache.org>,chenpei
Mon Sep 24 22:07:16 2012,http://mail-archives.apache.org/mod_mbox/ctakes-commits/201209.mbox/<20120924220606.DAC1C2388ADA@eris.apache.org>,chenpei
Mon Sep 24 22:07:16 2012,http://mail-archives.apache.org/mod_mbox/ctakes-commits/201209.mbox/<20120924220606.DAC1C2388ADA@eris.apache.org>,chenpei
Mon Sep 24 22:07:16 2012,http://mail-archives.apache.org/mod_mbox/ctakes-commits/201209.mbox/<20120924220606.DAC1C2388ADA@eris.apache.org>,chenpei
Mon Sep 24 22:07:16 2012,http://mail-archives.apache.org/mod_mbox/ctakes-commits/201209.mbox/<20120924220606.DAC1C2388ADA@eris.apache.org>,chenpei
Mon Sep 24 22:07:16 2012,http://mail-archives.apache.org/mod_mbox/ctakes-commits/201209.mbox/<20120924220606.DAC1C2388ADA@eris.apache.org>,chenpei
Mon Sep 24 22:07:16 2012,http://mail-archives.apache.org/mod_mbox/ctakes-commits/201209.mbox/<20120924220606.DAC1C2388ADA@eris.apache.org>,chenpei
Mon Sep 24 22:07:16 2012,http://mail-archives.apache.org/mod_mbox/ctakes-commits/201209.mbox/<20120924220606.DAC1C2388ADA@eris.apache.org>,chenpei
Mon Sep 24 22:07:16 2012,http://mail-archives.apache.org/mod_mbox/ctakes-commits/201209.mbox/<20120924220606.DAC1C2388ADA@eris.apache.org>,chenpei
Mon Sep 24 22:07:16 2012,http://mail-archives.apache.org/mod_mbox/ctakes-commits/201209.mbox/<20120924220606.DAC1C2388ADA@eris.apache.org>,chenpei
Mon Sep 24 22:07:16 2012,http://mail-archives.apache.org/mod_mbox/ctakes-commits/201209.mbox/<20120924220606.DAC1C2388ADA@eris.apache.org>,chenpei
Mon Sep 24 22:07:16 2012,http://mail-archives.apache.org/mod_mbox/ctakes-commits/201209.mbox/<20120924220606.DAC1C2388ADA@eris.apache.org>,chenpei
Mon Sep 24 22:07:16 2012,http://mail-archives.apache.org/mod_mbox/ctakes-commits/201209.mbox/<20120924220606.DAC1C2388ADA@eris.apache.org>,chenpei
Mon Sep 24 22:07:16 2012,http://mail-archives.apache.org/mod_mbox/ctakes-commits/201209.mbox/<20120924220606.DAC1C2388ADA@eris.apache.org>,chenpei
Mon Sep 24 22:07:16 2012,http://mail-archives.apache.org/mod_mbox/ctakes-commits/201209.mbox/<20120924220606.DAC1C2388ADA@eris.apache.org>,chenpei
Mon Sep 24 22:07:16 2012,http://mail-archives.apache.org/mod_mbox/ctakes-commits/201209.mbox/<20120924220606.DAC1C2388ADA@eris.apache.org>,chenpei
Mon Sep 24 22:07:16 2012,http://mail-archives.apache.org/mod_mbox/ctakes-commits/201209.mbox/<20120924220606.DAC1C2388ADA@eris.apache.org>,chenpei
Mon Sep 24 22:07:16 2012,http://mail-archives.apache.org/mod_mbox/ctakes-commits/201209.mbox/<20120924220606.DAC1C2388ADA@eris.apache.org>,chenpei
Mon Sep 24 22:07:16 2012,http://mail-archives.apache.org/mod_mbox/ctakes-commits/201209.mbox/<20120924220606.DAC1C2388ADA@eris.apache.org>,chenpei
Mon Sep 24 22:07:16 2012,http://mail-archives.apache.org/mod_mbox/ctakes-commits/201209.mbox/<20120924220606.DAC1C2388ADA@eris.apache.org>,chenpei
Mon Sep 24 22:07:16 2012,http://mail-archives.apache.org/mod_mbox/ctakes-commits/201209.mbox/<20120924220606.DAC1C2388ADA@eris.apache.org>,chenpei
Mon Sep 24 22:07:16 2012,http://mail-archives.apache.org/mod_mbox/ctakes-commits/201209.mbox/<20120924220606.DAC1C2388ADA@eris.apache.org>,chenpei
Mon Sep 24 22:07:16 2012,http://mail-archives.apache.org/mod_mbox/ctakes-commits/201209.mbox/<20120924220606.DAC1C2388ADA@eris.apache.org>,chenpei
Mon Sep 24 22:07:16 2012,http://mail-archives.apache.org/mod_mbox/ctakes-commits/201209.mbox/<20120924220606.DAC1C2388ADA@eris.apache.org>,chenpei
Mon Sep 24 22:07:16 2012,http://mail-archives.apache.org/mod_mbox/ctakes-commits/201209.mbox/<20120924220606.DAC1C2388ADA@eris.apache.org>,chenpei
Mon Sep 24 22:07:16 2012,http://mail-archives.apache.org/mod_mbox/ctakes-commits/201209.mbox/<20120924220606.DAC1C2388ADA@eris.apache.org>,chenpei
Mon Sep 24 22:07:16 2012,http://mail-archives.apache.org/mod_mbox/ctakes-commits/201209.mbox/<20120924220606.DAC1C2388ADA@eris.apache.org>,chenpei
Mon Sep 24 22:07:16 2012,http://mail-archives.apache.org/mod_mbox/ctakes-commits/201209.mbox/<20120924220606.DAC1C2388ADA@eris.apache.org>,chenpei
Mon Sep 24 22:07:16 2012,http://mail-archives.apache.org/mod_mbox/ctakes-commits/201209.mbox/<20120924220606.DAC1C2388ADA@eris.apache.org>,chenpei
Mon Sep 24 22:07:16 2012,http://mail-archives.apache.org/mod_mbox/ctakes-commits/201209.mbox/<20120924220606.DAC1C2388ADA@eris.apache.org>,chenpei
Mon Sep 24 22:07:16 2012,http://mail-archives.apache.org/mod_mbox/ctakes-commits/201209.mbox/<20120924220606.DAC1C2388ADA@eris.apache.org>,chenpei
Mon Sep 24 22:07:16 2012,http://mail-archives.apache.org/mod_mbox/ctakes-commits/201209.mbox/<20120924220606.DAC1C2388ADA@eris.apache.org>,chenpei
Mon Sep 24 22:07:16 2012,http://mail-archives.apache.org/mod_mbox/ctakes-commits/201209.mbox/<20120924220606.DAC1C2388ADA@eris.apache.org>,chenpei
Mon Sep 24 22:07:16 2012,http://mail-archives.apache.org/mod_mbox/ctakes-commits/201209.mbox/<20120924220606.DAC1C2388ADA@eris.apache.org>,chenpei
Mon Sep 24 22:07:16 2012,http://mail-archives.apache.org/mod_mbox/ctakes-commits/201209.mbox/<20120924220606.DAC1C2388ADA@eris.apache.org>,chenpei
Mon Sep 24 22:07:16 2012,http://mail-archives.apache.org/mod_mbox/ctakes-commits/201209.mbox/<20120924220606.DAC1C2388ADA@eris.apache.org>,chenpei
Mon Sep 24 22:07:16 2012,http://mail-archives.apache.org/mod_mbox/ctakes-commits/201209.mbox/<20120924220606.DAC1C2388ADA@eris.apache.org>,chenpei
Mon Sep 24 22:07:16 2012,http://mail-archives.apache.org/mod_mbox/ctakes-commits/201209.mbox/<20120924220606.DAC1C2388ADA@eris.apache.org>,chenpei
Mon Sep 24 22:07:16 2012,http://mail-archives.apache.org/mod_mbox/ctakes-commits/201209.mbox/<20120924220606.DAC1C2388ADA@eris.apache.org>,chenpei
Mon Sep 24 22:07:16 2012,http://mail-archives.apache.org/mod_mbox/ctakes-commits/201209.mbox/<20120924220606.DAC1C2388ADA@eris.apache.org>,chenpei
Mon Sep 24 22:07:16 2012,http://mail-archives.apache.org/mod_mbox/ctakes-commits/201209.mbox/<20120924220606.DAC1C2388ADA@eris.apache.org>,chenpei
Mon Sep 24 22:07:16 2012,http://mail-archives.apache.org/mod_mbox/ctakes-commits/201209.mbox/<20120924220606.DAC1C2388ADA@eris.apache.org>,chenpei
Mon Sep 24 22:07:16 2012,http://mail-archives.apache.org/mod_mbox/ctakes-commits/201209.mbox/<20120924220606.DAC1C2388ADA@eris.apache.org>,chenpei
Mon Sep 24 22:07:16 2012,http://mail-archives.apache.org/mod_mbox/ctakes-commits/201209.mbox/<20120924220606.DAC1C2388ADA@eris.apache.org>,chenpei
Mon Sep 24 22:07:16 2012,http://mail-archives.apache.org/mod_mbox/ctakes-commits/201209.mbox/<20120924220606.DAC1C2388ADA@eris.apache.org>,chenpei
Mon Sep 24 22:07:16 2012,http://mail-archives.apache.org/mod_mbox/ctakes-commits/201209.mbox/<20120924220606.DAC1C2388ADA@eris.apache.org>,chenpei
Mon Sep 24 22:07:16 2012,http://mail-archives.apache.org/mod_mbox/ctakes-commits/201209.mbox/<20120924220606.DAC1C2388ADA@eris.apache.org>,chenpei
Mon Sep 24 22:07:16 2012,http://mail-archives.apache.org/mod_mbox/ctakes-commits/201209.mbox/<20120924220606.DAC1C2388ADA@eris.apache.org>,chenpei
Mon Sep 24 22:07:16 2012,http://mail-archives.apache.org/mod_mbox/ctakes-commits/201209.mbox/<20120924220606.DAC1C2388ADA@eris.apache.org>,chenpei
Mon Sep 24 22:07:16 2012,http://mail-archives.apache.org/mod_mbox/ctakes-commits/201209.mbox/<20120924220606.DAC1C2388ADA@eris.apache.org>,chenpei
Mon Sep 24 22:07:16 2012,http://mail-archives.apache.org/mod_mbox/ctakes-commits/201209.mbox/<20120924220606.DAC1C2388ADA@eris.apache.org>,chenpei
Mon Sep 24 22:07:16 2012,http://mail-archives.apache.org/mod_mbox/ctakes-commits/201209.mbox/<20120924220606.DAC1C2388ADA@eris.apache.org>,chenpei
Mon Sep 24 22:07:16 2012,http://mail-archives.apache.org/mod_mbox/ctakes-commits/201209.mbox/<20120924220606.DAC1C2388ADA@eris.apache.org>,chenpei
Mon Sep 24 22:07:16 2012,http://mail-archives.apache.org/mod_mbox/ctakes-commits/201209.mbox/<20120924220606.DAC1C2388ADA@eris.apache.org>,chenpei
Mon Sep 24 22:07:16 2012,http://mail-archives.apache.org/mod_mbox/ctakes-commits/201209.mbox/<20120924220606.DAC1C2388ADA@eris.apache.org>,chenpei
Mon Sep 24 22:07:16 2012,http://mail-archives.apache.org/mod_mbox/ctakes-commits/201209.mbox/<20120924220606.DAC1C2388ADA@eris.apache.org>,chenpei
Mon Sep 24 22:07:16 2012,http://mail-archives.apache.org/mod_mbox/ctakes-commits/201209.mbox/<20120924220606.DAC1C2388ADA@eris.apache.org>,chenpei
Mon Sep 24 22:07:16 2012,http://mail-archives.apache.org/mod_mbox/ctakes-commits/201209.mbox/<20120924220606.DAC1C2388ADA@eris.apache.org>,chenpei
Mon Sep 24 22:07:16 2012,http://mail-archives.apache.org/mod_mbox/ctakes-commits/201209.mbox/<20120924220606.DAC1C2388ADA@eris.apache.org>,chenpei
Mon Sep 24 22:07:16 2012,http://mail-archives.apache.org/mod_mbox/ctakes-commits/201209.mbox/<20120924220606.DAC1C2388ADA@eris.apache.org>,chenpei
Mon Sep 24 22:07:16 2012,http://mail-archives.apache.org/mod_mbox/ctakes-commits/201209.mbox/<20120924220606.DAC1C2388ADA@eris.apache.org>,chenpei
Mon Sep 24 22:07:16 2012,http://mail-archives.apache.org/mod_mbox/ctakes-commits/201209.mbox/<20120924220606.DAC1C2388ADA@eris.apache.org>,chenpei
Mon Sep 24 22:07:16 2012,http://mail-archives.apache.org/mod_mbox/ctakes-commits/201209.mbox/<20120924220606.DAC1C2388ADA@eris.apache.org>,chenpei
Mon Sep 24 22:07:16 2012,http://mail-archives.apache.org/mod_mbox/ctakes-commits/201209.mbox/<20120924220606.DAC1C2388ADA@eris.apache.org>,chenpei
Mon Sep 24 22:07:16 2012,http://mail-archives.apache.org/mod_mbox/ctakes-commits/201209.mbox/<20120924220606.DAC1C2388ADA@eris.apache.org>,chenpei
Mon Sep 24 22:07:16 2012,http://mail-archives.apache.org/mod_mbox/ctakes-commits/201209.mbox/<20120924220606.DAC1C2388ADA@eris.apache.org>,chenpei
Mon Sep 24 22:07:16 2012,http://mail-archives.apache.org/mod_mbox/ctakes-commits/201209.mbox/<20120924220606.DAC1C2388ADA@eris.apache.org>,chenpei
Mon Sep 24 22:07:16 2012,http://mail-archives.apache.org/mod_mbox/ctakes-commits/201209.mbox/<20120924220606.DAC1C2388ADA@eris.apache.org>,chenpei
Mon Sep 24 22:07:16 2012,http://mail-archives.apache.org/mod_mbox/ctakes-commits/201209.mbox/<20120924220606.DAC1C2388ADA@eris.apache.org>,chenpei
Mon Sep 24 22:07:16 2012,http://mail-archives.apache.org/mod_mbox/ctakes-commits/201209.mbox/<20120924220606.DAC1C2388ADA@eris.apache.org>,chenpei
Mon Sep 24 22:07:16 2012,http://mail-archives.apache.org/mod_mbox/ctakes-commits/201209.mbox/<20120924220606.DAC1C2388ADA@eris.apache.org>,chenpei
Mon Sep 24 22:07:16 2012,http://mail-archives.apache.org/mod_mbox/ctakes-commits/201209.mbox/<20120924220606.DAC1C2388ADA@eris.apache.org>,chenpei
Mon Sep 24 22:07:16 2012,http://mail-archives.apache.org/mod_mbox/ctakes-commits/201209.mbox/<20120924220606.DAC1C2388ADA@eris.apache.org>,chenpei
Mon Sep 24 22:07:16 2012,http://mail-archives.apache.org/mod_mbox/ctakes-commits/201209.mbox/<20120924220606.DAC1C2388ADA@eris.apache.org>,chenpei
Mon Sep 24 22:07:16 2012,http://mail-archives.apache.org/mod_mbox/ctakes-commits/201209.mbox/<20120924220606.DAC1C2388ADA@eris.apache.org>,chenpei
Mon Sep 24 22:07:16 2012,http://mail-archives.apache.org/mod_mbox/ctakes-commits/201209.mbox/<20120924220606.DAC1C2388ADA@eris.apache.org>,chenpei
Mon Sep 24 22:07:16 2012,http://mail-archives.apache.org/mod_mbox/ctakes-commits/201209.mbox/<20120924220606.DAC1C2388ADA@eris.apache.org>,chenpei
Mon Sep 24 22:07:16 2012,http://mail-archives.apache.org/mod_mbox/ctakes-commits/201209.mbox/<20120924220606.DAC1C2388ADA@eris.apache.org>,chenpei
Mon Sep 24 22:07:16 2012,http://mail-archives.apache.org/mod_mbox/ctakes-commits/201209.mbox/<20120924220606.DAC1C2388ADA@eris.apache.org>,chenpei
Mon Sep 24 22:07:16 2012,http://mail-archives.apache.org/mod_mbox/ctakes-commits/201209.mbox/<20120924220606.DAC1C2388ADA@eris.apache.org>,chenpei
Mon Sep 24 22:07:16 2012,http://mail-archives.apache.org/mod_mbox/ctakes-commits/201209.mbox/<20120924220606.DAC1C2388ADA@eris.apache.org>,chenpei
Mon Sep 24 22:07:16 2012,http://mail-archives.apache.org/mod_mbox/ctakes-commits/201209.mbox/<20120924220606.DAC1C2388ADA@eris.apache.org>,chenpei
Mon Sep 24 22:07:16 2012,http://mail-archives.apache.org/mod_mbox/ctakes-commits/201209.mbox/<20120924220606.DAC1C2388ADA@eris.apache.org>,chenpei
Mon Sep 24 22:07:16 2012,http://mail-archives.apache.org/mod_mbox/ctakes-commits/201209.mbox/<20120924220606.DAC1C2388ADA@eris.apache.org>,chenpei
Mon Sep 24 22:07:16 2012,http://mail-archives.apache.org/mod_mbox/ctakes-commits/201209.mbox/<20120924220606.DAC1C2388ADA@eris.apache.org>,chenpei
Mon Sep 24 22:07:16 2012,http://mail-archives.apache.org/mod_mbox/ctakes-commits/201209.mbox/<20120924220606.DAC1C2388ADA@eris.apache.org>,chenpei
Mon Sep 24 22:07:16 2012,http://mail-archives.apache.org/mod_mbox/ctakes-commits/201209.mbox/<20120924220606.DAC1C2388ADA@eris.apache.org>,chenpei
Mon Sep 24 22:07:16 2012,http://mail-archives.apache.org/mod_mbox/ctakes-commits/201209.mbox/<20120924220606.DAC1C2388ADA@eris.apache.org>,chenpei
Mon Sep 24 22:07:16 2012,http://mail-archives.apache.org/mod_mbox/ctakes-commits/201209.mbox/<20120924220606.DAC1C2388ADA@eris.apache.org>,chenpei
Mon Sep 24 22:07:16 2012,http://mail-archives.apache.org/mod_mbox/ctakes-commits/201209.mbox/<20120924220606.DAC1C2388ADA@eris.apache.org>,chenpei
Mon Sep 24 22:07:16 2012,http://mail-archives.apache.org/mod_mbox/ctakes-commits/201209.mbox/<20120924220606.DAC1C2388ADA@eris.apache.org>,chenpei
Mon Sep 24 22:07:16 2012,http://mail-archives.apache.org/mod_mbox/ctakes-commits/201209.mbox/<20120924220606.DAC1C2388ADA@eris.apache.org>,chenpei
Mon Sep 24 22:07:16 2012,http://mail-archives.apache.org/mod_mbox/ctakes-commits/201209.mbox/<20120924220606.DAC1C2388ADA@eris.apache.org>,chenpei
Mon Sep 24 22:07:16 2012,http://mail-archives.apache.org/mod_mbox/ctakes-commits/201209.mbox/<20120924220606.DAC1C2388ADA@eris.apache.org>,chenpei
Mon Sep 24 22:07:16 2012,http://mail-archives.apache.org/mod_mbox/ctakes-commits/201209.mbox/<20120924220606.DAC1C2388ADA@eris.apache.org>,chenpei
Mon Sep 24 22:07:16 2012,http://mail-archives.apache.org/mod_mbox/ctakes-commits/201209.mbox/<20120924220606.DAC1C2388ADA@eris.apache.org>,chenpei
Mon Sep 24 22:07:16 2012,http://mail-archives.apache.org/mod_mbox/ctakes-commits/201209.mbox/<20120924220606.DAC1C2388ADA@eris.apache.org>,chenpei
Mon Sep 24 22:07:16 2012,http://mail-archives.apache.org/mod_mbox/ctakes-commits/201209.mbox/<20120924220606.DAC1C2388ADA@eris.apache.org>,chenpei
Mon Sep 24 22:07:16 2012,http://mail-archives.apache.org/mod_mbox/ctakes-commits/201209.mbox/<20120924220606.DAC1C2388ADA@eris.apache.org>,chenpei
Mon Sep 24 22:07:16 2012,http://mail-archives.apache.org/mod_mbox/ctakes-commits/201209.mbox/<20120924220606.DAC1C2388ADA@eris.apache.org>,chenpei
Mon Sep 24 22:07:16 2012,http://mail-archives.apache.org/mod_mbox/ctakes-commits/201209.mbox/<20120924220606.DAC1C2388ADA@eris.apache.org>,chenpei
Mon Sep 24 22:07:16 2012,http://mail-archives.apache.org/mod_mbox/ctakes-commits/201209.mbox/<20120924220606.DAC1C2388ADA@eris.apache.org>,chenpei
Mon Sep 24 22:07:16 2012,http://mail-archives.apache.org/mod_mbox/ctakes-commits/201209.mbox/<20120924220606.DAC1C2388ADA@eris.apache.org>,chenpei
Mon Sep 24 22:07:16 2012,http://mail-archives.apache.org/mod_mbox/ctakes-commits/201209.mbox/<20120924220606.DAC1C2388ADA@eris.apache.org>,chenpei
Mon Sep 24 22:07:16 2012,http://mail-archives.apache.org/mod_mbox/ctakes-commits/201209.mbox/<20120924220606.DAC1C2388ADA@eris.apache.org>,chenpei
Mon Sep 24 22:07:16 2012,http://mail-archives.apache.org/mod_mbox/ctakes-commits/201209.mbox/<20120924220606.DAC1C2388ADA@eris.apache.org>,chenpei
Mon Sep 24 22:07:16 2012,http://mail-archives.apache.org/mod_mbox/ctakes-commits/201209.mbox/<20120924220606.DAC1C2388ADA@eris.apache.org>,chenpei
Mon Sep 24 22:07:16 2012,http://mail-archives.apache.org/mod_mbox/ctakes-commits/201209.mbox/<20120924220606.DAC1C2388ADA@eris.apache.org>,chenpei
Mon Sep 24 22:07:16 2012,http://mail-archives.apache.org/mod_mbox/ctakes-commits/201209.mbox/<20120924220606.DAC1C2388ADA@eris.apache.org>,chenpei
Mon Sep 24 22:07:16 2012,http://mail-archives.apache.org/mod_mbox/ctakes-commits/201209.mbox/<20120924220606.DAC1C2388ADA@eris.apache.org>,chenpei
Mon Sep 24 22:07:16 2012,http://mail-archives.apache.org/mod_mbox/ctakes-commits/201209.mbox/<20120924220606.DAC1C2388ADA@eris.apache.org>,chenpei
Mon Sep 24 22:07:16 2012,http://mail-archives.apache.org/mod_mbox/ctakes-commits/201209.mbox/<20120924220606.DAC1C2388ADA@eris.apache.org>,chenpei
Mon Sep 24 22:07:16 2012,http://mail-archives.apache.org/mod_mbox/ctakes-commits/201209.mbox/<20120924220606.DAC1C2388ADA@eris.apache.org>,chenpei
Mon Sep 24 22:07:16 2012,http://mail-archives.apache.org/mod_mbox/ctakes-commits/201209.mbox/<20120924220606.DAC1C2388ADA@eris.apache.org>,chenpei
Mon Sep 24 22:07:16 2012,http://mail-archives.apache.org/mod_mbox/ctakes-commits/201209.mbox/<20120924220606.DAC1C2388ADA@eris.apache.org>,chenpei
Mon Sep 24 22:07:16 2012,http://mail-archives.apache.org/mod_mbox/ctakes-commits/201209.mbox/<20120924220606.DAC1C2388ADA@eris.apache.org>,chenpei
Mon Sep 24 22:07:16 2012,http://mail-archives.apache.org/mod_mbox/ctakes-commits/201209.mbox/<20120924220606.DAC1C2388ADA@eris.apache.org>,chenpei
Mon Sep 24 22:07:16 2012,http://mail-archives.apache.org/mod_mbox/ctakes-commits/201209.mbox/<20120924220606.DAC1C2388ADA@eris.apache.org>,chenpei
Mon Sep 24 22:07:16 2012,http://mail-archives.apache.org/mod_mbox/ctakes-commits/201209.mbox/<20120924220606.DAC1C2388ADA@eris.apache.org>,chenpei
Mon Sep 24 22:07:16 2012,http://mail-archives.apache.org/mod_mbox/ctakes-commits/201209.mbox/<20120924220606.DAC1C2388ADA@eris.apache.org>,chenpei
Mon Sep 24 22:07:16 2012,http://mail-archives.apache.org/mod_mbox/ctakes-commits/201209.mbox/<20120924220606.DAC1C2388ADA@eris.apache.org>,chenpei
Mon Sep 24 22:07:16 2012,http://mail-archives.apache.org/mod_mbox/ctakes-commits/201209.mbox/<20120924220606.DAC1C2388ADA@eris.apache.org>,chenpei
Mon Sep 24 22:07:16 2012,http://mail-archives.apache.org/mod_mbox/ctakes-commits/201209.mbox/<20120924220606.DAC1C2388ADA@eris.apache.org>,chenpei
Mon Sep 24 22:07:16 2012,http://mail-archives.apache.org/mod_mbox/ctakes-commits/201209.mbox/<20120924220606.DAC1C2388ADA@eris.apache.org>,chenpei
Mon Sep 24 22:07:16 2012,http://mail-archives.apache.org/mod_mbox/ctakes-commits/201209.mbox/<20120924220606.DAC1C2388ADA@eris.apache.org>,chenpei
Mon Sep 24 22:07:16 2012,http://mail-archives.apache.org/mod_mbox/ctakes-commits/201209.mbox/<20120924220606.DAC1C2388ADA@eris.apache.org>,chenpei
Mon Sep 24 22:07:16 2012,http://mail-archives.apache.org/mod_mbox/ctakes-commits/201209.mbox/<20120924220606.DAC1C2388ADA@eris.apache.org>,chenpei
Mon Sep 24 22:07:16 2012,http://mail-archives.apache.org/mod_mbox/ctakes-commits/201209.mbox/<20120924220606.DAC1C2388ADA@eris.apache.org>,chenpei
Mon Sep 24 22:07:16 2012,http://mail-archives.apache.org/mod_mbox/ctakes-commits/201209.mbox/<20120924220606.DAC1C2388ADA@eris.apache.org>,chenpei
Mon Sep 24 22:07:16 2012,http://mail-archives.apache.org/mod_mbox/ctakes-commits/201209.mbox/<20120924220606.DAC1C2388ADA@eris.apache.org>,chenpei
Mon Sep 24 22:07:16 2012,http://mail-archives.apache.org/mod_mbox/ctakes-commits/201209.mbox/<20120924220606.DAC1C2388ADA@eris.apache.org>,chenpei
Mon Sep 24 22:07:16 2012,http://mail-archives.apache.org/mod_mbox/ctakes-commits/201209.mbox/<20120924220606.DAC1C2388ADA@eris.apache.org>,chenpei
Mon Sep 24 22:07:16 2012,http://mail-archives.apache.org/mod_mbox/ctakes-commits/201209.mbox/<20120924220606.DAC1C2388ADA@eris.apache.org>,chenpei
Mon Sep 24 22:07:16 2012,http://mail-archives.apache.org/mod_mbox/ctakes-commits/201209.mbox/<20120924220606.DAC1C2388ADA@eris.apache.org>,chenpei
Mon Sep 24 22:07:16 2012,http://mail-archives.apache.org/mod_mbox/ctakes-commits/201209.mbox/<20120924220606.DAC1C2388ADA@eris.apache.org>,chenpei
Mon Sep 24 22:07:16 2012,http://mail-archives.apache.org/mod_mbox/ctakes-commits/201209.mbox/<20120924220606.DAC1C2388ADA@eris.apache.org>,chenpei
Mon Sep 24 22:07:16 2012,http://mail-archives.apache.org/mod_mbox/ctakes-commits/201209.mbox/<20120924220606.DAC1C2388ADA@eris.apache.org>,chenpei
Mon Sep 24 22:07:16 2012,http://mail-archives.apache.org/mod_mbox/ctakes-commits/201209.mbox/<20120924220606.DAC1C2388ADA@eris.apache.org>,chenpei
Mon Sep 24 22:07:16 2012,http://mail-archives.apache.org/mod_mbox/ctakes-commits/201209.mbox/<20120924220606.DAC1C2388ADA@eris.apache.org>,chenpei
Mon Sep 24 22:07:16 2012,http://mail-archives.apache.org/mod_mbox/ctakes-commits/201209.mbox/<20120924220606.DAC1C2388ADA@eris.apache.org>,chenpei
Mon Sep 24 22:07:16 2012,http://mail-archives.apache.org/mod_mbox/ctakes-commits/201209.mbox/<20120924220606.DAC1C2388ADA@eris.apache.org>,chenpei
Mon Sep 24 22:07:16 2012,http://mail-archives.apache.org/mod_mbox/ctakes-commits/201209.mbox/<20120924220606.DAC1C2388ADA@eris.apache.org>,chenpei
Mon Sep 24 22:07:16 2012,http://mail-archives.apache.org/mod_mbox/ctakes-commits/201209.mbox/<20120924220606.DAC1C2388ADA@eris.apache.org>,chenpei
Mon Sep 24 22:07:16 2012,http://mail-archives.apache.org/mod_mbox/ctakes-commits/201209.mbox/<20120924220606.DAC1C2388ADA@eris.apache.org>,chenpei
Mon Sep 24 22:07:16 2012,http://mail-archives.apache.org/mod_mbox/ctakes-commits/201209.mbox/<20120924220606.DAC1C2388ADA@eris.apache.org>,chenpei
Mon Sep 24 22:07:16 2012,http://mail-archives.apache.org/mod_mbox/ctakes-commits/201209.mbox/<20120924220606.DAC1C2388ADA@eris.apache.org>,chenpei
Mon Sep 24 22:07:16 2012,http://mail-archives.apache.org/mod_mbox/ctakes-commits/201209.mbox/<20120924220606.DAC1C2388ADA@eris.apache.org>,chenpei
Mon Sep 24 22:07:16 2012,http://mail-archives.apache.org/mod_mbox/ctakes-commits/201209.mbox/<20120924220606.DAC1C2388ADA@eris.apache.org>,chenpei
Mon Sep 24 22:07:16 2012,http://mail-archives.apache.org/mod_mbox/ctakes-commits/201209.mbox/<20120924220606.DAC1C2388ADA@eris.apache.org>,chenpei
Mon Sep 24 22:07:16 2012,http://mail-archives.apache.org/mod_mbox/ctakes-commits/201209.mbox/<20120924220606.DAC1C2388ADA@eris.apache.org>,chenpei
Mon Sep 24 22:07:16 2012,http://mail-archives.apache.org/mod_mbox/ctakes-commits/201209.mbox/<20120924220606.DAC1C2388ADA@eris.apache.org>,chenpei
Mon Sep 24 22:07:16 2012,http://mail-archives.apache.org/mod_mbox/ctakes-commits/201209.mbox/<20120924220606.DAC1C2388ADA@eris.apache.org>,chenpei
Mon Sep 24 22:07:16 2012,http://mail-archives.apache.org/mod_mbox/ctakes-commits/201209.mbox/<20120924220606.DAC1C2388ADA@eris.apache.org>,chenpei
Mon Sep 24 22:07:16 2012,http://mail-archives.apache.org/mod_mbox/ctakes-commits/201209.mbox/<20120924220606.DAC1C2388ADA@eris.apache.org>,chenpei
Mon Sep 24 22:07:16 2012,http://mail-archives.apache.org/mod_mbox/ctakes-commits/201209.mbox/<20120924220606.DAC1C2388ADA@eris.apache.org>,chenpei
Mon Sep 24 22:07:16 2012,http://mail-archives.apache.org/mod_mbox/ctakes-commits/201209.mbox/<20120924220606.DAC1C2388ADA@eris.apache.org>,chenpei
Mon Sep 24 22:07:16 2012,http://mail-archives.apache.org/mod_mbox/ctakes-commits/201209.mbox/<20120924220606.DAC1C2388ADA@eris.apache.org>,chenpei
Mon Sep 24 22:07:16 2012,http://mail-archives.apache.org/mod_mbox/ctakes-commits/201209.mbox/<20120924220606.DAC1C2388ADA@eris.apache.org>,chenpei
Mon Sep 24 22:07:16 2012,http://mail-archives.apache.org/mod_mbox/ctakes-commits/201209.mbox/<20120924220606.DAC1C2388ADA@eris.apache.org>,chenpei
Mon Sep 24 22:07:16 2012,http://mail-archives.apache.org/mod_mbox/ctakes-commits/201209.mbox/<20120924220606.DAC1C2388ADA@eris.apache.org>,chenpei
Mon Sep 24 22:07:16 2012,http://mail-archives.apache.org/mod_mbox/ctakes-commits/201209.mbox/<20120924220606.DAC1C2388ADA@eris.apache.org>,chenpei
Mon Sep 24 22:07:16 2012,http://mail-archives.apache.org/mod_mbox/ctakes-commits/201209.mbox/<20120924220606.DAC1C2388ADA@eris.apache.org>,chenpei
Mon Sep 24 22:07:16 2012,http://mail-archives.apache.org/mod_mbox/ctakes-commits/201209.mbox/<20120924220606.DAC1C2388ADA@eris.apache.org>,chenpei
Mon Sep 24 22:07:16 2012,http://mail-archives.apache.org/mod_mbox/ctakes-commits/201209.mbox/<20120924220606.DAC1C2388ADA@eris.apache.org>,chenpei
Mon Sep 24 22:07:16 2012,http://mail-archives.apache.org/mod_mbox/ctakes-commits/201209.mbox/<20120924220606.DAC1C2388ADA@eris.apache.org>,chenpei
Mon Sep 24 22:07:16 2012,http://mail-archives.apache.org/mod_mbox/ctakes-commits/201209.mbox/<20120924220606.DAC1C2388ADA@eris.apache.org>,chenpei
Mon Sep 24 22:07:16 2012,http://mail-archives.apache.org/mod_mbox/ctakes-commits/201209.mbox/<20120924220606.DAC1C2388ADA@eris.apache.org>,chenpei
Mon Sep 24 22:07:16 2012,http://mail-archives.apache.org/mod_mbox/ctakes-commits/201209.mbox/<20120924220606.DAC1C2388ADA@eris.apache.org>,chenpei
Mon Sep 24 22:07:16 2012,http://mail-archives.apache.org/mod_mbox/ctakes-commits/201209.mbox/<20120924220606.DAC1C2388ADA@eris.apache.org>,chenpei
Mon Sep 24 22:07:16 2012,http://mail-archives.apache.org/mod_mbox/ctakes-commits/201209.mbox/<20120924220606.DAC1C2388ADA@eris.apache.org>,chenpei
Mon Sep 24 22:07:16 2012,http://mail-archives.apache.org/mod_mbox/ctakes-commits/201209.mbox/<20120924220606.DAC1C2388ADA@eris.apache.org>,chenpei
Mon Sep 24 22:07:16 2012,http://mail-archives.apache.org/mod_mbox/ctakes-commits/201209.mbox/<20120924220606.DAC1C2388ADA@eris.apache.org>,chenpei
Mon Sep 24 22:07:16 2012,http://mail-archives.apache.org/mod_mbox/ctakes-commits/201209.mbox/<20120924220606.DAC1C2388ADA@eris.apache.org>,chenpei
Mon Sep 24 22:07:16 2012,http://mail-archives.apache.org/mod_mbox/ctakes-commits/201209.mbox/<20120924220606.DAC1C2388ADA@eris.apache.org>,chenpei
Mon Sep 24 22:07:16 2012,http://mail-archives.apache.org/mod_mbox/ctakes-commits/201209.mbox/<20120924220606.DAC1C2388ADA@eris.apache.org>,chenpei
Mon Sep 24 22:07:16 2012,http://mail-archives.apache.org/mod_mbox/ctakes-commits/201209.mbox/<20120924220606.DAC1C2388ADA@eris.apache.org>,chenpei
Mon Sep 24 22:07:16 2012,http://mail-archives.apache.org/mod_mbox/ctakes-commits/201209.mbox/<20120924220606.DAC1C2388ADA@eris.apache.org>,chenpei
Mon Sep 24 22:07:16 2012,http://mail-archives.apache.org/mod_mbox/ctakes-commits/201209.mbox/<20120924220606.DAC1C2388ADA@eris.apache.org>,chenpei
Mon Sep 24 22:07:16 2012,http://mail-archives.apache.org/mod_mbox/ctakes-commits/201209.mbox/<20120924220606.DAC1C2388ADA@eris.apache.org>,chenpei
Mon Sep 24 22:07:16 2012,http://mail-archives.apache.org/mod_mbox/ctakes-commits/201209.mbox/<20120924220606.DAC1C2388ADA@eris.apache.org>,chenpei
Mon Sep 24 22:07:16 2012,http://mail-archives.apache.org/mod_mbox/ctakes-commits/201209.mbox/<20120924220606.DAC1C2388ADA@eris.apache.org>,chenpei
Mon Sep 24 22:07:16 2012,http://mail-archives.apache.org/mod_mbox/ctakes-commits/201209.mbox/<20120924220606.DAC1C2388ADA@eris.apache.org>,chenpei
Mon Sep 24 22:07:16 2012,http://mail-archives.apache.org/mod_mbox/ctakes-commits/201209.mbox/<20120924220606.DAC1C2388ADA@eris.apache.org>,chenpei
Mon Sep 24 22:07:16 2012,http://mail-archives.apache.org/mod_mbox/ctakes-commits/201209.mbox/<20120924220606.DAC1C2388ADA@eris.apache.org>,chenpei
Mon Sep 24 22:07:16 2012,http://mail-archives.apache.org/mod_mbox/ctakes-commits/201209.mbox/<20120924220606.DAC1C2388ADA@eris.apache.org>,chenpei
Mon Sep 24 22:07:16 2012,http://mail-archives.apache.org/mod_mbox/ctakes-commits/201209.mbox/<20120924220606.DAC1C2388ADA@eris.apache.org>,chenpei
Mon Sep 24 22:07:16 2012,http://mail-archives.apache.org/mod_mbox/ctakes-commits/201209.mbox/<20120924220606.DAC1C2388ADA@eris.apache.org>,chenpei
Mon Sep 24 22:07:16 2012,http://mail-archives.apache.org/mod_mbox/ctakes-commits/201209.mbox/<20120924220606.DAC1C2388ADA@eris.apache.org>,chenpei
Mon Sep 24 22:07:16 2012,http://mail-archives.apache.org/mod_mbox/ctakes-commits/201209.mbox/<20120924220606.DAC1C2388ADA@eris.apache.org>,chenpei
Mon Sep 24 22:07:16 2012,http://mail-archives.apache.org/mod_mbox/ctakes-commits/201209.mbox/<20120924220606.DAC1C2388ADA@eris.apache.org>,chenpei
Mon Sep 24 22:07:16 2012,http://mail-archives.apache.org/mod_mbox/ctakes-commits/201209.mbox/<20120924220606.DAC1C2388ADA@eris.apache.org>,chenpei
Mon Sep 24 22:07:16 2012,http://mail-archives.apache.org/mod_mbox/ctakes-commits/201209.mbox/<20120924220606.DAC1C2388ADA@eris.apache.org>,chenpei
Mon Sep 24 22:07:16 2012,http://mail-archives.apache.org/mod_mbox/ctakes-commits/201209.mbox/<20120924220606.DAC1C2388ADA@eris.apache.org>,chenpei
Mon Sep 24 22:07:16 2012,http://mail-archives.apache.org/mod_mbox/ctakes-commits/201209.mbox/<20120924220606.DAC1C2388ADA@eris.apache.org>,chenpei
Mon Sep 24 22:07:16 2012,http://mail-archives.apache.org/mod_mbox/ctakes-commits/201209.mbox/<20120924220606.DAC1C2388ADA@eris.apache.org>,chenpei
Mon Sep 24 22:07:16 2012,http://mail-archives.apache.org/mod_mbox/ctakes-commits/201209.mbox/<20120924220606.DAC1C2388ADA@eris.apache.org>,chenpei
Mon Sep 24 22:07:16 2012,http://mail-archives.apache.org/mod_mbox/ctakes-commits/201209.mbox/<20120924220606.DAC1C2388ADA@eris.apache.org>,chenpei
Mon Sep 24 22:07:16 2012,http://mail-archives.apache.org/mod_mbox/ctakes-commits/201209.mbox/<20120924220606.DAC1C2388ADA@eris.apache.org>,chenpei
Mon Sep 24 22:07:16 2012,http://mail-archives.apache.org/mod_mbox/ctakes-commits/201209.mbox/<20120924220606.DAC1C2388ADA@eris.apache.org>,chenpei
Mon Sep 24 22:07:16 2012,http://mail-archives.apache.org/mod_mbox/ctakes-commits/201209.mbox/<20120924220606.DAC1C2388ADA@eris.apache.org>,chenpei
Mon Sep 24 22:07:16 2012,http://mail-archives.apache.org/mod_mbox/ctakes-commits/201209.mbox/<20120924220606.DAC1C2388ADA@eris.apache.org>,chenpei
Mon Sep 24 22:07:16 2012,http://mail-archives.apache.org/mod_mbox/ctakes-commits/201209.mbox/<20120924220606.DAC1C2388ADA@eris.apache.org>,chenpei
Mon Sep 24 22:07:16 2012,http://mail-archives.apache.org/mod_mbox/ctakes-commits/201209.mbox/<20120924220606.DAC1C2388ADA@eris.apache.org>,chenpei
Mon Sep 24 22:07:16 2012,http://mail-archives.apache.org/mod_mbox/ctakes-commits/201209.mbox/<20120924220606.DAC1C2388ADA@eris.apache.org>,chenpei
Mon Sep 24 22:07:16 2012,http://mail-archives.apache.org/mod_mbox/ctakes-commits/201209.mbox/<20120924220606.DAC1C2388ADA@eris.apache.org>,chenpei
Mon Sep 24 22:07:16 2012,http://mail-archives.apache.org/mod_mbox/ctakes-commits/201209.mbox/<20120924220606.DAC1C2388ADA@eris.apache.org>,chenpei
Mon Sep 24 22:07:16 2012,http://mail-archives.apache.org/mod_mbox/ctakes-commits/201209.mbox/<20120924220606.DAC1C2388ADA@eris.apache.org>,chenpei
Mon Sep 24 22:07:16 2012,http://mail-archives.apache.org/mod_mbox/ctakes-commits/201209.mbox/<20120924220606.DAC1C2388ADA@eris.apache.org>,chenpei
Mon Sep 24 22:07:16 2012,http://mail-archives.apache.org/mod_mbox/ctakes-commits/201209.mbox/<20120924220606.DAC1C2388ADA@eris.apache.org>,chenpei
Mon Sep 24 22:07:16 2012,http://mail-archives.apache.org/mod_mbox/ctakes-commits/201209.mbox/<20120924220606.DAC1C2388ADA@eris.apache.org>,chenpei
Mon Sep 24 22:07:16 2012,http://mail-archives.apache.org/mod_mbox/ctakes-commits/201209.mbox/<20120924220606.DAC1C2388ADA@eris.apache.org>,chenpei
Mon Sep 24 22:07:16 2012,http://mail-archives.apache.org/mod_mbox/ctakes-commits/201209.mbox/<20120924220606.DAC1C2388ADA@eris.apache.org>,chenpei
Mon Sep 24 22:07:16 2012,http://mail-archives.apache.org/mod_mbox/ctakes-commits/201209.mbox/<20120924220606.DAC1C2388ADA@eris.apache.org>,chenpei
Mon Sep 24 22:07:16 2012,http://mail-archives.apache.org/mod_mbox/ctakes-commits/201209.mbox/<20120924220606.DAC1C2388ADA@eris.apache.org>,chenpei
Mon Sep 24 22:07:16 2012,http://mail-archives.apache.org/mod_mbox/ctakes-commits/201209.mbox/<20120924220606.DAC1C2388ADA@eris.apache.org>,chenpei
Mon Sep 24 22:07:16 2012,http://mail-archives.apache.org/mod_mbox/ctakes-commits/201209.mbox/<20120924220606.DAC1C2388ADA@eris.apache.org>,chenpei
Mon Sep 24 22:07:16 2012,http://mail-archives.apache.org/mod_mbox/ctakes-commits/201209.mbox/<20120924220606.DAC1C2388ADA@eris.apache.org>,chenpei
Mon Sep 24 22:07:16 2012,http://mail-archives.apache.org/mod_mbox/ctakes-commits/201209.mbox/<20120924220606.DAC1C2388ADA@eris.apache.org>,chenpei
Mon Sep 24 22:07:16 2012,http://mail-archives.apache.org/mod_mbox/ctakes-commits/201209.mbox/<20120924220606.DAC1C2388ADA@eris.apache.org>,chenpei
Mon Sep 24 22:07:16 2012,http://mail-archives.apache.org/mod_mbox/ctakes-commits/201209.mbox/<20120924220606.DAC1C2388ADA@eris.apache.org>,chenpei
Mon Sep 24 22:07:16 2012,http://mail-archives.apache.org/mod_mbox/ctakes-commits/201209.mbox/<20120924220606.DAC1C2388ADA@eris.apache.org>,chenpei
Mon Sep 24 22:07:16 2012,http://mail-archives.apache.org/mod_mbox/ctakes-commits/201209.mbox/<20120924220606.DAC1C2388ADA@eris.apache.org>,chenpei
Mon Sep 24 22:07:16 2012,http://mail-archives.apache.org/mod_mbox/ctakes-commits/201209.mbox/<20120924220606.DAC1C2388ADA@eris.apache.org>,chenpei
Mon Sep 24 22:07:16 2012,http://mail-archives.apache.org/mod_mbox/ctakes-commits/201209.mbox/<20120924220606.DAC1C2388ADA@eris.apache.org>,chenpei
Mon Sep 24 22:07:16 2012,http://mail-archives.apache.org/mod_mbox/ctakes-commits/201209.mbox/<20120924220606.DAC1C2388ADA@eris.apache.org>,chenpei
Mon Sep 24 22:07:16 2012,http://mail-archives.apache.org/mod_mbox/ctakes-commits/201209.mbox/<20120924220606.DAC1C2388ADA@eris.apache.org>,chenpei
Mon Sep 24 22:07:16 2012,http://mail-archives.apache.org/mod_mbox/ctakes-commits/201209.mbox/<20120924220606.DAC1C2388ADA@eris.apache.org>,chenpei
Mon Sep 24 22:07:16 2012,http://mail-archives.apache.org/mod_mbox/ctakes-commits/201209.mbox/<20120924220606.DAC1C2388ADA@eris.apache.org>,chenpei
Mon Sep 24 22:07:16 2012,http://mail-archives.apache.org/mod_mbox/ctakes-commits/201209.mbox/<20120924220606.DAC1C2388ADA@eris.apache.org>,chenpei
Mon Sep 24 22:07:16 2012,http://mail-archives.apache.org/mod_mbox/ctakes-commits/201209.mbox/<20120924220606.DAC1C2388ADA@eris.apache.org>,chenpei
Mon Sep 24 22:07:16 2012,http://mail-archives.apache.org/mod_mbox/ctakes-commits/201209.mbox/<20120924220606.DAC1C2388ADA@eris.apache.org>,chenpei
Mon Sep 24 22:07:16 2012,http://mail-archives.apache.org/mod_mbox/ctakes-commits/201209.mbox/<20120924220606.DAC1C2388ADA@eris.apache.org>,chenpei
Mon Sep 24 22:07:16 2012,http://mail-archives.apache.org/mod_mbox/ctakes-commits/201209.mbox/<20120924220606.DAC1C2388ADA@eris.apache.org>,chenpei
Mon Sep 24 22:07:16 2012,http://mail-archives.apache.org/mod_mbox/ctakes-commits/201209.mbox/<20120924220606.DAC1C2388ADA@eris.apache.org>,chenpei
Mon Sep 24 22:07:16 2012,http://mail-archives.apache.org/mod_mbox/ctakes-commits/201209.mbox/<20120924220606.DAC1C2388ADA@eris.apache.org>,chenpei
Mon Sep 24 22:07:16 2012,http://mail-archives.apache.org/mod_mbox/ctakes-commits/201209.mbox/<20120924220606.DAC1C2388ADA@eris.apache.org>,chenpei
Mon Sep 24 22:07:16 2012,http://mail-archives.apache.org/mod_mbox/ctakes-commits/201209.mbox/<20120924220606.DAC1C2388ADA@eris.apache.org>,chenpei
Mon Sep 24 22:07:16 2012,http://mail-archives.apache.org/mod_mbox/ctakes-commits/201209.mbox/<20120924220606.DAC1C2388ADA@eris.apache.org>,chenpei
Mon Sep 24 22:07:16 2012,http://mail-archives.apache.org/mod_mbox/ctakes-commits/201209.mbox/<20120924220606.DAC1C2388ADA@eris.apache.org>,chenpei
Mon Sep 24 22:07:16 2012,http://mail-archives.apache.org/mod_mbox/ctakes-commits/201209.mbox/<20120924220606.DAC1C2388ADA@eris.apache.org>,chenpei
Mon Sep 24 22:07:16 2012,http://mail-archives.apache.org/mod_mbox/ctakes-commits/201209.mbox/<20120924220606.DAC1C2388ADA@eris.apache.org>,chenpei
Mon Sep 24 22:07:16 2012,http://mail-archives.apache.org/mod_mbox/ctakes-commits/201209.mbox/<20120924220606.DAC1C2388ADA@eris.apache.org>,chenpei
Mon Sep 24 22:07:16 2012,http://mail-archives.apache.org/mod_mbox/ctakes-commits/201209.mbox/<20120924220606.DAC1C2388ADA@eris.apache.org>,chenpei
Mon Sep 24 22:07:16 2012,http://mail-archives.apache.org/mod_mbox/ctakes-commits/201209.mbox/<20120924220606.DAC1C2388ADA@eris.apache.org>,chenpei
Mon Sep 24 22:07:16 2012,http://mail-archives.apache.org/mod_mbox/ctakes-commits/201209.mbox/<20120924220606.DAC1C2388ADA@eris.apache.org>,chenpei
Mon Sep 24 22:07:16 2012,http://mail-archives.apache.org/mod_mbox/ctakes-commits/201209.mbox/<20120924220606.DAC1C2388ADA@eris.apache.org>,chenpei
Mon Sep 24 22:07:16 2012,http://mail-archives.apache.org/mod_mbox/ctakes-commits/201209.mbox/<20120924220606.DAC1C2388ADA@eris.apache.org>,chenpei
Mon Sep 24 22:07:16 2012,http://mail-archives.apache.org/mod_mbox/ctakes-commits/201209.mbox/<20120924220606.DAC1C2388ADA@eris.apache.org>,chenpei
Mon Sep 24 22:07:16 2012,http://mail-archives.apache.org/mod_mbox/ctakes-commits/201209.mbox/<20120924220606.DAC1C2388ADA@eris.apache.org>,chenpei
Mon Sep 24 22:07:16 2012,http://mail-archives.apache.org/mod_mbox/ctakes-commits/201209.mbox/<20120924220606.DAC1C2388ADA@eris.apache.org>,chenpei
Mon Sep 24 22:07:16 2012,http://mail-archives.apache.org/mod_mbox/ctakes-commits/201209.mbox/<20120924220606.DAC1C2388ADA@eris.apache.org>,chenpei
Mon Sep 24 22:07:16 2012,http://mail-archives.apache.org/mod_mbox/ctakes-commits/201209.mbox/<20120924220606.DAC1C2388ADA@eris.apache.org>,chenpei
Mon Sep 24 22:07:16 2012,http://mail-archives.apache.org/mod_mbox/ctakes-commits/201209.mbox/<20120924220606.DAC1C2388ADA@eris.apache.org>,chenpei
Mon Sep 24 22:07:16 2012,http://mail-archives.apache.org/mod_mbox/ctakes-commits/201209.mbox/<20120924220606.DAC1C2388ADA@eris.apache.org>,chenpei
Mon Sep 24 22:07:16 2012,http://mail-archives.apache.org/mod_mbox/ctakes-commits/201209.mbox/<20120924220606.DAC1C2388ADA@eris.apache.org>,chenpei
Mon Sep 24 22:07:16 2012,http://mail-archives.apache.org/mod_mbox/ctakes-commits/201209.mbox/<20120924220606.DAC1C2388ADA@eris.apache.org>,chenpei
Mon Sep 24 22:07:16 2012,http://mail-archives.apache.org/mod_mbox/ctakes-commits/201209.mbox/<20120924220606.DAC1C2388ADA@eris.apache.org>,chenpei
Mon Sep 24 22:07:16 2012,http://mail-archives.apache.org/mod_mbox/ctakes-commits/201209.mbox/<20120924220606.DAC1C2388ADA@eris.apache.org>,chenpei
Mon Sep 24 22:07:16 2012,http://mail-archives.apache.org/mod_mbox/ctakes-commits/201209.mbox/<20120924220606.DAC1C2388ADA@eris.apache.org>,chenpei
Mon Sep 24 22:07:16 2012,http://mail-archives.apache.org/mod_mbox/ctakes-commits/201209.mbox/<20120924220606.DAC1C2388ADA@eris.apache.org>,chenpei
Mon Sep 24 22:07:16 2012,http://mail-archives.apache.org/mod_mbox/ctakes-commits/201209.mbox/<20120924220606.DAC1C2388ADA@eris.apache.org>,chenpei
Mon Sep 24 22:07:16 2012,http://mail-archives.apache.org/mod_mbox/ctakes-commits/201209.mbox/<20120924220606.DAC1C2388ADA@eris.apache.org>,chenpei
Mon Sep 24 22:07:16 2012,http://mail-archives.apache.org/mod_mbox/ctakes-commits/201209.mbox/<20120924220606.DAC1C2388ADA@eris.apache.org>,chenpei
Mon Sep 24 22:07:16 2012,http://mail-archives.apache.org/mod_mbox/ctakes-commits/201209.mbox/<20120924220606.DAC1C2388ADA@eris.apache.org>,chenpei
Mon Sep 24 22:07:16 2012,http://mail-archives.apache.org/mod_mbox/ctakes-commits/201209.mbox/<20120924220606.DAC1C2388ADA@eris.apache.org>,chenpei
Mon Sep 24 22:07:16 2012,http://mail-archives.apache.org/mod_mbox/ctakes-commits/201209.mbox/<20120924220606.DAC1C2388ADA@eris.apache.org>,chenpei
Mon Sep 24 22:07:16 2012,http://mail-archives.apache.org/mod_mbox/ctakes-commits/201209.mbox/<20120924220606.DAC1C2388ADA@eris.apache.org>,chenpei
Mon Sep 24 22:07:16 2012,http://mail-archives.apache.org/mod_mbox/ctakes-commits/201209.mbox/<20120924220606.DAC1C2388ADA@eris.apache.org>,chenpei
Mon Sep 24 22:07:16 2012,http://mail-archives.apache.org/mod_mbox/ctakes-commits/201209.mbox/<20120924220606.DAC1C2388ADA@eris.apache.org>,chenpei
Mon Sep 24 22:07:16 2012,http://mail-archives.apache.org/mod_mbox/ctakes-commits/201209.mbox/<20120924220606.DAC1C2388ADA@eris.apache.org>,chenpei
Mon Sep 24 22:07:16 2012,http://mail-archives.apache.org/mod_mbox/ctakes-commits/201209.mbox/<20120924220606.DAC1C2388ADA@eris.apache.org>,chenpei
Mon Sep 24 22:07:16 2012,http://mail-archives.apache.org/mod_mbox/ctakes-commits/201209.mbox/<20120924220606.DAC1C2388ADA@eris.apache.org>,chenpei
Mon Sep 24 22:07:16 2012,http://mail-archives.apache.org/mod_mbox/ctakes-commits/201209.mbox/<20120924220606.DAC1C2388ADA@eris.apache.org>,chenpei
Mon Sep 24 22:07:16 2012,http://mail-archives.apache.org/mod_mbox/ctakes-commits/201209.mbox/<20120924220606.DAC1C2388ADA@eris.apache.org>,chenpei
Mon Sep 24 22:07:16 2012,http://mail-archives.apache.org/mod_mbox/ctakes-commits/201209.mbox/<20120924220606.DAC1C2388ADA@eris.apache.org>,chenpei
Mon Sep 24 22:07:16 2012,http://mail-archives.apache.org/mod_mbox/ctakes-commits/201209.mbox/<20120924220606.DAC1C2388ADA@eris.apache.org>,chenpei
Mon Sep 24 22:07:16 2012,http://mail-archives.apache.org/mod_mbox/ctakes-commits/201209.mbox/<20120924220606.DAC1C2388ADA@eris.apache.org>,chenpei
Mon Sep 24 22:07:16 2012,http://mail-archives.apache.org/mod_mbox/ctakes-commits/201209.mbox/<20120924220606.DAC1C2388ADA@eris.apache.org>,chenpei
Mon Sep 24 22:07:16 2012,http://mail-archives.apache.org/mod_mbox/ctakes-commits/201209.mbox/<20120924220606.DAC1C2388ADA@eris.apache.org>,chenpei
Mon Sep 24 22:07:16 2012,http://mail-archives.apache.org/mod_mbox/ctakes-commits/201209.mbox/<20120924220606.DAC1C2388ADA@eris.apache.org>,chenpei
Mon Sep 24 22:07:16 2012,http://mail-archives.apache.org/mod_mbox/ctakes-commits/201209.mbox/<20120924220606.DAC1C2388ADA@eris.apache.org>,chenpei
Mon Sep 24 22:07:16 2012,http://mail-archives.apache.org/mod_mbox/ctakes-commits/201209.mbox/<20120924220606.DAC1C2388ADA@eris.apache.org>,chenpei
Mon Sep 24 22:07:16 2012,http://mail-archives.apache.org/mod_mbox/ctakes-commits/201209.mbox/<20120924220606.DAC1C2388ADA@eris.apache.org>,chenpei
Mon Sep 24 22:07:16 2012,http://mail-archives.apache.org/mod_mbox/ctakes-commits/201209.mbox/<20120924220606.DAC1C2388ADA@eris.apache.org>,chenpei
Mon Sep 24 22:07:16 2012,http://mail-archives.apache.org/mod_mbox/ctakes-commits/201209.mbox/<20120924220606.DAC1C2388ADA@eris.apache.org>,chenpei
Mon Sep 24 22:07:16 2012,http://mail-archives.apache.org/mod_mbox/ctakes-commits/201209.mbox/<20120924220606.DAC1C2388ADA@eris.apache.org>,chenpei
Mon Sep 24 22:07:16 2012,http://mail-archives.apache.org/mod_mbox/ctakes-commits/201209.mbox/<20120924220606.DAC1C2388ADA@eris.apache.org>,chenpei
Mon Sep 24 22:07:16 2012,http://mail-archives.apache.org/mod_mbox/ctakes-commits/201209.mbox/<20120924220606.DAC1C2388ADA@eris.apache.org>,chenpei
Mon Sep 24 22:07:16 2012,http://mail-archives.apache.org/mod_mbox/ctakes-commits/201209.mbox/<20120924220606.DAC1C2388ADA@eris.apache.org>,chenpei
Mon Sep 24 22:07:16 2012,http://mail-archives.apache.org/mod_mbox/ctakes-commits/201209.mbox/<20120924220606.DAC1C2388ADA@eris.apache.org>,chenpei
Mon Sep 24 22:07:16 2012,http://mail-archives.apache.org/mod_mbox/ctakes-commits/201209.mbox/<20120924220606.DAC1C2388ADA@eris.apache.org>,chenpei
Mon Sep 24 22:07:16 2012,http://mail-archives.apache.org/mod_mbox/ctakes-commits/201209.mbox/<20120924220606.DAC1C2388ADA@eris.apache.org>,chenpei
Mon Sep 24 22:07:16 2012,http://mail-archives.apache.org/mod_mbox/ctakes-commits/201209.mbox/<20120924220606.DAC1C2388ADA@eris.apache.org>,chenpei
Mon Sep 24 22:07:16 2012,http://mail-archives.apache.org/mod_mbox/ctakes-commits/201209.mbox/<20120924220606.DAC1C2388ADA@eris.apache.org>,chenpei
Mon Sep 24 22:07:16 2012,http://mail-archives.apache.org/mod_mbox/ctakes-commits/201209.mbox/<20120924220606.DAC1C2388ADA@eris.apache.org>,chenpei
Mon Sep 24 22:07:16 2012,http://mail-archives.apache.org/mod_mbox/ctakes-commits/201209.mbox/<20120924220606.DAC1C2388ADA@eris.apache.org>,chenpei
Mon Sep 24 22:07:16 2012,http://mail-archives.apache.org/mod_mbox/ctakes-commits/201209.mbox/<20120924220606.DAC1C2388ADA@eris.apache.org>,chenpei
Mon Sep 24 22:07:16 2012,http://mail-archives.apache.org/mod_mbox/ctakes-commits/201209.mbox/<20120924220606.DAC1C2388ADA@eris.apache.org>,chenpei
Mon Sep 24 22:07:16 2012,http://mail-archives.apache.org/mod_mbox/ctakes-commits/201209.mbox/<20120924220606.DAC1C2388ADA@eris.apache.org>,chenpei
Mon Sep 24 22:07:16 2012,http://mail-archives.apache.org/mod_mbox/ctakes-commits/201209.mbox/<20120924220606.DAC1C2388ADA@eris.apache.org>,chenpei
Mon Sep 24 22:07:16 2012,http://mail-archives.apache.org/mod_mbox/ctakes-commits/201209.mbox/<20120924220606.DAC1C2388ADA@eris.apache.org>,chenpei
Mon Sep 24 22:07:16 2012,http://mail-archives.apache.org/mod_mbox/ctakes-commits/201209.mbox/<20120924220606.DAC1C2388ADA@eris.apache.org>,chenpei
Mon Sep 24 22:07:16 2012,http://mail-archives.apache.org/mod_mbox/ctakes-commits/201209.mbox/<20120924220606.DAC1C2388ADA@eris.apache.org>,chenpei
Mon Sep 24 22:07:16 2012,http://mail-archives.apache.org/mod_mbox/ctakes-commits/201209.mbox/<20120924220606.DAC1C2388ADA@eris.apache.org>,chenpei
Mon Sep 24 22:07:16 2012,http://mail-archives.apache.org/mod_mbox/ctakes-commits/201209.mbox/<20120924220606.DAC1C2388ADA@eris.apache.org>,chenpei
Mon Sep 24 22:07:16 2012,http://mail-archives.apache.org/mod_mbox/ctakes-commits/201209.mbox/<20120924220606.DAC1C2388ADA@eris.apache.org>,chenpei
Mon Sep 24 22:07:16 2012,http://mail-archives.apache.org/mod_mbox/ctakes-commits/201209.mbox/<20120924220606.DAC1C2388ADA@eris.apache.org>,chenpei
Mon Sep 24 22:07:16 2012,http://mail-archives.apache.org/mod_mbox/ctakes-commits/201209.mbox/<20120924220606.DAC1C2388ADA@eris.apache.org>,chenpei
Mon Sep 24 22:07:16 2012,http://mail-archives.apache.org/mod_mbox/ctakes-commits/201209.mbox/<20120924220606.DAC1C2388ADA@eris.apache.org>,chenpei
Mon Sep 24 22:07:16 2012,http://mail-archives.apache.org/mod_mbox/ctakes-commits/201209.mbox/<20120924220606.DAC1C2388ADA@eris.apache.org>,chenpei
Mon Sep 24 22:07:16 2012,http://mail-archives.apache.org/mod_mbox/ctakes-commits/201209.mbox/<20120924220606.DAC1C2388ADA@eris.apache.org>,chenpei
Mon Sep 24 22:07:16 2012,http://mail-archives.apache.org/mod_mbox/ctakes-commits/201209.mbox/<20120924220606.DAC1C2388ADA@eris.apache.org>,chenpei
Mon Sep 24 22:07:16 2012,http://mail-archives.apache.org/mod_mbox/ctakes-commits/201209.mbox/<20120924220606.DAC1C2388ADA@eris.apache.org>,chenpei
Mon Sep 24 22:07:16 2012,http://mail-archives.apache.org/mod_mbox/ctakes-commits/201209.mbox/<20120924220606.DAC1C2388ADA@eris.apache.org>,chenpei
Mon Sep 24 22:07:16 2012,http://mail-archives.apache.org/mod_mbox/ctakes-commits/201209.mbox/<20120924220606.DAC1C2388ADA@eris.apache.org>,chenpei
Mon Sep 24 22:07:16 2012,http://mail-archives.apache.org/mod_mbox/ctakes-commits/201209.mbox/<20120924220606.DAC1C2388ADA@eris.apache.org>,chenpei
Mon Sep 24 22:07:16 2012,http://mail-archives.apache.org/mod_mbox/ctakes-commits/201209.mbox/<20120924220606.DAC1C2388ADA@eris.apache.org>,chenpei
Mon Sep 24 22:07:16 2012,http://mail-archives.apache.org/mod_mbox/ctakes-commits/201209.mbox/<20120924220606.DAC1C2388ADA@eris.apache.org>,chenpei
Mon Sep 24 22:07:16 2012,http://mail-archives.apache.org/mod_mbox/ctakes-commits/201209.mbox/<20120924220606.DAC1C2388ADA@eris.apache.org>,chenpei
Mon Sep 24 22:07:16 2012,http://mail-archives.apache.org/mod_mbox/ctakes-commits/201209.mbox/<20120924220606.DAC1C2388ADA@eris.apache.org>,chenpei
Mon Sep 24 22:07:16 2012,http://mail-archives.apache.org/mod_mbox/ctakes-commits/201209.mbox/<20120924220606.DAC1C2388ADA@eris.apache.org>,chenpei
Mon Sep 24 22:07:16 2012,http://mail-archives.apache.org/mod_mbox/ctakes-commits/201209.mbox/<20120924220606.DAC1C2388ADA@eris.apache.org>,chenpei
Mon Sep 24 22:07:16 2012,http://mail-archives.apache.org/mod_mbox/ctakes-commits/201209.mbox/<20120924220606.DAC1C2388ADA@eris.apache.org>,chenpei
Mon Sep 24 22:07:16 2012,http://mail-archives.apache.org/mod_mbox/ctakes-commits/201209.mbox/<20120924220606.E0B302388B56@eris.apache.org>,chenpei
Mon Sep 24 22:07:16 2012,http://mail-archives.apache.org/mod_mbox/ctakes-commits/201209.mbox/<20120924220606.DAC1C2388ADA@eris.apache.org>,chenpei
Mon Sep 24 22:07:16 2012,http://mail-archives.apache.org/mod_mbox/ctakes-commits/201209.mbox/<20120924220606.DAC1C2388ADA@eris.apache.org>,chenpei
Mon Sep 24 22:07:16 2012,http://mail-archives.apache.org/mod_mbox/ctakes-commits/201209.mbox/<20120924220606.DAC1C2388ADA@eris.apache.org>,chenpei
Mon Sep 24 22:07:16 2012,http://mail-archives.apache.org/mod_mbox/ctakes-commits/201209.mbox/<20120924220606.DAC1C2388ADA@eris.apache.org>,chenpei
Mon Sep 24 22:07:16 2012,http://mail-archives.apache.org/mod_mbox/ctakes-commits/201209.mbox/<20120924220606.DAC1C2388ADA@eris.apache.org>,chenpei
Mon Sep 24 22:07:16 2012,http://mail-archives.apache.org/mod_mbox/ctakes-commits/201209.mbox/<20120924220606.DAC1C2388ADA@eris.apache.org>,chenpei
Mon Sep 24 22:07:16 2012,http://mail-archives.apache.org/mod_mbox/ctakes-commits/201209.mbox/<20120924220606.DAC1C2388ADA@eris.apache.org>,chenpei
Mon Sep 24 22:07:16 2012,http://mail-archives.apache.org/mod_mbox/ctakes-commits/201209.mbox/<20120924220606.DAC1C2388ADA@eris.apache.org>,chenpei
Mon Sep 24 22:07:16 2012,http://mail-archives.apache.org/mod_mbox/ctakes-commits/201209.mbox/<20120924220606.DAC1C2388ADA@eris.apache.org>,chenpei
Mon Sep 24 22:07:16 2012,http://mail-archives.apache.org/mod_mbox/ctakes-commits/201209.mbox/<20120924220606.DAC1C2388ADA@eris.apache.org>,chenpei
Mon Sep 24 22:07:16 2012,http://mail-archives.apache.org/mod_mbox/ctakes-commits/201209.mbox/<20120924220606.DAC1C2388ADA@eris.apache.org>,chenpei
Mon Sep 24 22:07:16 2012,http://mail-archives.apache.org/mod_mbox/ctakes-commits/201209.mbox/<20120924220606.DAC1C2388ADA@eris.apache.org>,chenpei
Mon Sep 24 22:07:16 2012,http://mail-archives.apache.org/mod_mbox/ctakes-commits/201209.mbox/<20120924220606.DAC1C2388ADA@eris.apache.org>,chenpei
Mon Sep 24 22:07:16 2012,http://mail-archives.apache.org/mod_mbox/ctakes-commits/201209.mbox/<20120924220606.DAC1C2388ADA@eris.apache.org>,chenpei
Mon Sep 24 22:07:16 2012,http://mail-archives.apache.org/mod_mbox/ctakes-commits/201209.mbox/<20120924220606.DAC1C2388ADA@eris.apache.org>,chenpei
Mon Sep 24 22:07:16 2012,http://mail-archives.apache.org/mod_mbox/ctakes-commits/201209.mbox/<20120924220606.DAC1C2388ADA@eris.apache.org>,chenpei
Mon Sep 24 22:07:16 2012,http://mail-archives.apache.org/mod_mbox/ctakes-commits/201209.mbox/<20120924220606.DAC1C2388ADA@eris.apache.org>,chenpei
Mon Sep 24 22:07:16 2012,http://mail-archives.apache.org/mod_mbox/ctakes-commits/201209.mbox/<20120924220606.DAC1C2388ADA@eris.apache.org>,chenpei
Mon Sep 24 22:07:16 2012,http://mail-archives.apache.org/mod_mbox/ctakes-commits/201209.mbox/<20120924220606.DAC1C2388ADA@eris.apache.org>,chenpei
Mon Sep 24 22:07:16 2012,http://mail-archives.apache.org/mod_mbox/ctakes-commits/201209.mbox/<20120924220606.DAC1C2388ADA@eris.apache.org>,chenpei
Mon Sep 24 22:07:16 2012,http://mail-archives.apache.org/mod_mbox/ctakes-commits/201209.mbox/<20120924220606.DAC1C2388ADA@eris.apache.org>,chenpei
Mon Sep 24 22:07:16 2012,http://mail-archives.apache.org/mod_mbox/ctakes-commits/201209.mbox/<20120924220606.DAC1C2388ADA@eris.apache.org>,chenpei
Mon Sep 24 22:07:16 2012,http://mail-archives.apache.org/mod_mbox/ctakes-commits/201209.mbox/<20120924220606.DAC1C2388ADA@eris.apache.org>,chenpei
Mon Sep 24 22:07:16 2012,http://mail-archives.apache.org/mod_mbox/ctakes-commits/201209.mbox/<20120924220606.DAC1C2388ADA@eris.apache.org>,chenpei
Mon Sep 24 22:07:16 2012,http://mail-archives.apache.org/mod_mbox/ctakes-commits/201209.mbox/<20120924220606.DAC1C2388ADA@eris.apache.org>,chenpei
Mon Sep 24 22:07:16 2012,http://mail-archives.apache.org/mod_mbox/ctakes-commits/201209.mbox/<20120924220606.DAC1C2388ADA@eris.apache.org>,chenpei
Mon Sep 24 22:07:16 2012,http://mail-archives.apache.org/mod_mbox/ctakes-commits/201209.mbox/<20120924220606.DAC1C2388ADA@eris.apache.org>,chenpei
Mon Sep 24 22:07:16 2012,http://mail-archives.apache.org/mod_mbox/ctakes-commits/201209.mbox/<20120924220606.DAC1C2388ADA@eris.apache.org>,chenpei
Mon Sep 24 22:07:16 2012,http://mail-archives.apache.org/mod_mbox/ctakes-commits/201209.mbox/<20120924220606.DAC1C2388ADA@eris.apache.org>,chenpei
Mon Sep 24 22:07:16 2012,http://mail-archives.apache.org/mod_mbox/ctakes-commits/201209.mbox/<20120924220606.DAC1C2388ADA@eris.apache.org>,chenpei
Mon Sep 24 22:07:16 2012,http://mail-archives.apache.org/mod_mbox/ctakes-commits/201209.mbox/<20120924220606.DAC1C2388ADA@eris.apache.org>,chenpei
Mon Sep 24 22:07:16 2012,http://mail-archives.apache.org/mod_mbox/ctakes-commits/201209.mbox/<20120924220606.DAC1C2388ADA@eris.apache.org>,chenpei
Mon Sep 24 22:07:16 2012,http://mail-archives.apache.org/mod_mbox/ctakes-commits/201209.mbox/<20120924220606.DAC1C2388ADA@eris.apache.org>,chenpei
Mon Sep 24 22:07:16 2012,http://mail-archives.apache.org/mod_mbox/ctakes-commits/201209.mbox/<20120924220606.DAC1C2388ADA@eris.apache.org>,chenpei
Mon Sep 24 22:07:16 2012,http://mail-archives.apache.org/mod_mbox/ctakes-commits/201209.mbox/<20120924220606.DAC1C2388ADA@eris.apache.org>,chenpei
Mon Sep 24 22:07:16 2012,http://mail-archives.apache.org/mod_mbox/ctakes-commits/201209.mbox/<20120924220606.DAC1C2388ADA@eris.apache.org>,chenpei
Mon Sep 24 22:07:16 2012,http://mail-archives.apache.org/mod_mbox/ctakes-commits/201209.mbox/<20120924220606.DAC1C2388ADA@eris.apache.org>,chenpei
Mon Sep 24 22:07:16 2012,http://mail-archives.apache.org/mod_mbox/ctakes-commits/201209.mbox/<20120924220606.DAC1C2388ADA@eris.apache.org>,chenpei
Mon Sep 24 22:07:16 2012,http://mail-archives.apache.org/mod_mbox/ctakes-commits/201209.mbox/<20120924220606.DAC1C2388ADA@eris.apache.org>,chenpei
Mon Sep 24 22:07:16 2012,http://mail-archives.apache.org/mod_mbox/ctakes-commits/201209.mbox/<20120924220606.DAC1C2388ADA@eris.apache.org>,chenpei
Mon Sep 24 22:07:16 2012,http://mail-archives.apache.org/mod_mbox/ctakes-commits/201209.mbox/<20120924220606.DAC1C2388ADA@eris.apache.org>,chenpei
Mon Sep 24 22:07:16 2012,http://mail-archives.apache.org/mod_mbox/ctakes-commits/201209.mbox/<20120924220606.DAC1C2388ADA@eris.apache.org>,chenpei
Mon Sep 24 22:07:16 2012,http://mail-archives.apache.org/mod_mbox/ctakes-commits/201209.mbox/<20120924220606.DAC1C2388ADA@eris.apache.org>,chenpei
Mon Sep 24 22:07:16 2012,http://mail-archives.apache.org/mod_mbox/ctakes-commits/201209.mbox/<20120924220606.DAC1C2388ADA@eris.apache.org>,chenpei
Mon Sep 24 22:07:16 2012,http://mail-archives.apache.org/mod_mbox/ctakes-commits/201209.mbox/<20120924220606.DAC1C2388ADA@eris.apache.org>,chenpei
Mon Sep 24 22:07:16 2012,http://mail-archives.apache.org/mod_mbox/ctakes-commits/201209.mbox/<20120924220606.DAC1C2388ADA@eris.apache.org>,chenpei
Mon Sep 24 22:07:16 2012,http://mail-archives.apache.org/mod_mbox/ctakes-commits/201209.mbox/<20120924220606.DAC1C2388ADA@eris.apache.org>,chenpei
Mon Sep 24 22:07:16 2012,http://mail-archives.apache.org/mod_mbox/ctakes-commits/201209.mbox/<20120924220606.DAC1C2388ADA@eris.apache.org>,chenpei
Mon Sep 24 22:07:16 2012,http://mail-archives.apache.org/mod_mbox/ctakes-commits/201209.mbox/<20120924220606.DAC1C2388ADA@eris.apache.org>,chenpei
Mon Sep 24 22:07:16 2012,http://mail-archives.apache.org/mod_mbox/ctakes-commits/201209.mbox/<20120924220606.DAC1C2388ADA@eris.apache.org>,chenpei
Mon Sep 24 22:07:16 2012,http://mail-archives.apache.org/mod_mbox/ctakes-commits/201209.mbox/<20120924220606.DAC1C2388ADA@eris.apache.org>,chenpei
Mon Sep 24 22:07:16 2012,http://mail-archives.apache.org/mod_mbox/ctakes-commits/201209.mbox/<20120924220606.DAC1C2388ADA@eris.apache.org>,chenpei
Mon Sep 24 22:07:16 2012,http://mail-archives.apache.org/mod_mbox/ctakes-commits/201209.mbox/<20120924220606.DAC1C2388ADA@eris.apache.org>,chenpei
Mon Sep 24 22:07:16 2012,http://mail-archives.apache.org/mod_mbox/ctakes-commits/201209.mbox/<20120924220606.DAC1C2388ADA@eris.apache.org>,chenpei
Mon Sep 24 22:07:16 2012,http://mail-archives.apache.org/mod_mbox/ctakes-commits/201209.mbox/<20120924220606.DAC1C2388ADA@eris.apache.org>,chenpei
Mon Sep 24 22:07:16 2012,http://mail-archives.apache.org/mod_mbox/ctakes-commits/201209.mbox/<20120924220606.DAC1C2388ADA@eris.apache.org>,chenpei
Mon Sep 24 22:07:16 2012,http://mail-archives.apache.org/mod_mbox/ctakes-commits/201209.mbox/<20120924220606.DAC1C2388ADA@eris.apache.org>,chenpei
Mon Sep 24 22:07:16 2012,http://mail-archives.apache.org/mod_mbox/ctakes-commits/201209.mbox/<20120924220606.DAC1C2388ADA@eris.apache.org>,chenpei
Mon Sep 24 22:07:16 2012,http://mail-archives.apache.org/mod_mbox/ctakes-commits/201209.mbox/<20120924220606.DAC1C2388ADA@eris.apache.org>,chenpei
Mon Sep 24 22:07:16 2012,http://mail-archives.apache.org/mod_mbox/ctakes-commits/201209.mbox/<20120924220606.DAC1C2388ADA@eris.apache.org>,chenpei
Mon Sep 24 22:07:16 2012,http://mail-archives.apache.org/mod_mbox/ctakes-commits/201209.mbox/<20120924220606.DAC1C2388ADA@eris.apache.org>,chenpei
Mon Sep 24 22:07:16 2012,http://mail-archives.apache.org/mod_mbox/ctakes-commits/201209.mbox/<20120924220606.DAC1C2388ADA@eris.apache.org>,chenpei
Mon Sep 24 22:07:16 2012,http://mail-archives.apache.org/mod_mbox/ctakes-commits/201209.mbox/<20120924220606.DAC1C2388ADA@eris.apache.org>,chenpei
Mon Sep 24 22:07:16 2012,http://mail-archives.apache.org/mod_mbox/ctakes-commits/201209.mbox/<20120924220606.DAC1C2388ADA@eris.apache.org>,chenpei
Mon Sep 24 22:07:16 2012,http://mail-archives.apache.org/mod_mbox/ctakes-commits/201209.mbox/<20120924220606.DAC1C2388ADA@eris.apache.org>,chenpei
Mon Sep 24 22:07:16 2012,http://mail-archives.apache.org/mod_mbox/ctakes-commits/201209.mbox/<20120924220606.DAC1C2388ADA@eris.apache.org>,chenpei
Mon Sep 24 22:07:16 2012,http://mail-archives.apache.org/mod_mbox/ctakes-commits/201209.mbox/<20120924220606.DAC1C2388ADA@eris.apache.org>,chenpei
Mon Sep 24 22:07:16 2012,http://mail-archives.apache.org/mod_mbox/ctakes-commits/201209.mbox/<20120924220606.DAC1C2388ADA@eris.apache.org>,chenpei
Mon Sep 24 22:07:16 2012,http://mail-archives.apache.org/mod_mbox/ctakes-commits/201209.mbox/<20120924220606.DAC1C2388ADA@eris.apache.org>,chenpei
Mon Sep 24 22:07:16 2012,http://mail-archives.apache.org/mod_mbox/ctakes-commits/201209.mbox/<20120924220606.DAC1C2388ADA@eris.apache.org>,chenpei
Mon Sep 24 22:07:16 2012,http://mail-archives.apache.org/mod_mbox/ctakes-commits/201209.mbox/<20120924220606.DAC1C2388ADA@eris.apache.org>,chenpei
Mon Sep 24 22:07:16 2012,http://mail-archives.apache.org/mod_mbox/ctakes-commits/201209.mbox/<20120924220606.DAC1C2388ADA@eris.apache.org>,chenpei
Mon Sep 24 22:07:16 2012,http://mail-archives.apache.org/mod_mbox/ctakes-commits/201209.mbox/<20120924220606.DAC1C2388ADA@eris.apache.org>,chenpei
Mon Sep 24 22:07:16 2012,http://mail-archives.apache.org/mod_mbox/ctakes-commits/201209.mbox/<20120924220606.DAC1C2388ADA@eris.apache.org>,chenpei
Mon Sep 24 22:07:16 2012,http://mail-archives.apache.org/mod_mbox/ctakes-commits/201209.mbox/<20120924220606.DAC1C2388ADA@eris.apache.org>,chenpei
Mon Sep 24 22:07:16 2012,http://mail-archives.apache.org/mod_mbox/ctakes-commits/201209.mbox/<20120924220606.DAC1C2388ADA@eris.apache.org>,chenpei
Mon Sep 24 22:07:16 2012,http://mail-archives.apache.org/mod_mbox/ctakes-commits/201209.mbox/<20120924220606.DAC1C2388ADA@eris.apache.org>,chenpei
Mon Sep 24 22:07:16 2012,http://mail-archives.apache.org/mod_mbox/ctakes-commits/201209.mbox/<20120924220606.DAC1C2388ADA@eris.apache.org>,chenpei
Mon Sep 24 22:07:16 2012,http://mail-archives.apache.org/mod_mbox/ctakes-commits/201209.mbox/<20120924220606.DAC1C2388ADA@eris.apache.org>,chenpei
Mon Sep 24 22:07:16 2012,http://mail-archives.apache.org/mod_mbox/ctakes-commits/201209.mbox/<20120924220606.DAC1C2388ADA@eris.apache.org>,chenpei
Mon Sep 24 22:07:16 2012,http://mail-archives.apache.org/mod_mbox/ctakes-commits/201209.mbox/<20120924220606.DAC1C2388ADA@eris.apache.org>,chenpei
Mon Sep 24 22:07:16 2012,http://mail-archives.apache.org/mod_mbox/ctakes-commits/201209.mbox/<20120924220606.DAC1C2388ADA@eris.apache.org>,chenpei
Mon Sep 24 22:07:16 2012,http://mail-archives.apache.org/mod_mbox/ctakes-commits/201209.mbox/<20120924220606.DAC1C2388ADA@eris.apache.org>,chenpei
Mon Sep 24 22:07:16 2012,http://mail-archives.apache.org/mod_mbox/ctakes-commits/201209.mbox/<20120924220606.DAC1C2388ADA@eris.apache.org>,chenpei
Mon Sep 24 22:07:16 2012,http://mail-archives.apache.org/mod_mbox/ctakes-commits/201209.mbox/<20120924220606.DAC1C2388ADA@eris.apache.org>,chenpei
Mon Sep 24 22:07:16 2012,http://mail-archives.apache.org/mod_mbox/ctakes-commits/201209.mbox/<20120924220606.DAC1C2388ADA@eris.apache.org>,chenpei
Mon Sep 24 22:07:16 2012,http://mail-archives.apache.org/mod_mbox/ctakes-commits/201209.mbox/<20120924220606.DAC1C2388ADA@eris.apache.org>,chenpei
Mon Sep 24 22:07:16 2012,http://mail-archives.apache.org/mod_mbox/ctakes-commits/201209.mbox/<20120924220606.DAC1C2388ADA@eris.apache.org>,chenpei
Mon Sep 24 22:07:16 2012,http://mail-archives.apache.org/mod_mbox/ctakes-commits/201209.mbox/<20120924220606.DAC1C2388ADA@eris.apache.org>,chenpei
Mon Sep 24 22:07:16 2012,http://mail-archives.apache.org/mod_mbox/ctakes-commits/201209.mbox/<20120924220606.DAC1C2388ADA@eris.apache.org>,chenpei
Mon Sep 24 22:07:16 2012,http://mail-archives.apache.org/mod_mbox/ctakes-commits/201209.mbox/<20120924220606.DAC1C2388ADA@eris.apache.org>,chenpei
Mon Sep 24 22:07:16 2012,http://mail-archives.apache.org/mod_mbox/ctakes-commits/201209.mbox/<20120924220606.DAC1C2388ADA@eris.apache.org>,chenpei
Mon Sep 24 22:07:16 2012,http://mail-archives.apache.org/mod_mbox/ctakes-commits/201209.mbox/<20120924220606.DAC1C2388ADA@eris.apache.org>,chenpei
Mon Sep 24 22:07:16 2012,http://mail-archives.apache.org/mod_mbox/ctakes-commits/201209.mbox/<20120924220606.DAC1C2388ADA@eris.apache.org>,chenpei
Mon Sep 24 22:07:16 2012,http://mail-archives.apache.org/mod_mbox/ctakes-commits/201209.mbox/<20120924220606.DAC1C2388ADA@eris.apache.org>,chenpei
Mon Sep 24 22:07:16 2012,http://mail-archives.apache.org/mod_mbox/ctakes-commits/201209.mbox/<20120924220606.DAC1C2388ADA@eris.apache.org>,chenpei
Mon Sep 24 22:07:16 2012,http://mail-archives.apache.org/mod_mbox/ctakes-commits/201209.mbox/<20120924220606.DAC1C2388ADA@eris.apache.org>,chenpei
Mon Sep 24 22:07:16 2012,http://mail-archives.apache.org/mod_mbox/ctakes-commits/201209.mbox/<20120924220606.DAC1C2388ADA@eris.apache.org>,chenpei
Mon Sep 24 22:07:16 2012,http://mail-archives.apache.org/mod_mbox/ctakes-commits/201209.mbox/<20120924220606.DAC1C2388ADA@eris.apache.org>,chenpei
Mon Sep 24 22:07:16 2012,http://mail-archives.apache.org/mod_mbox/ctakes-commits/201209.mbox/<20120924220606.DAC1C2388ADA@eris.apache.org>,chenpei
Mon Sep 24 22:07:16 2012,http://mail-archives.apache.org/mod_mbox/ctakes-commits/201209.mbox/<20120924220606.DAC1C2388ADA@eris.apache.org>,chenpei
Mon Sep 24 22:07:16 2012,http://mail-archives.apache.org/mod_mbox/ctakes-commits/201209.mbox/<20120924220606.DAC1C2388ADA@eris.apache.org>,chenpei
Mon Sep 24 22:07:16 2012,http://mail-archives.apache.org/mod_mbox/ctakes-commits/201209.mbox/<20120924220606.DAC1C2388ADA@eris.apache.org>,chenpei
Mon Sep 24 22:07:16 2012,http://mail-archives.apache.org/mod_mbox/ctakes-commits/201209.mbox/<20120924220606.DAC1C2388ADA@eris.apache.org>,chenpei
Mon Sep 24 22:07:16 2012,http://mail-archives.apache.org/mod_mbox/ctakes-commits/201209.mbox/<20120924220606.DAC1C2388ADA@eris.apache.org>,chenpei
Mon Sep 24 22:07:16 2012,http://mail-archives.apache.org/mod_mbox/ctakes-commits/201209.mbox/<20120924220606.DAC1C2388ADA@eris.apache.org>,chenpei
Mon Sep 24 22:07:16 2012,http://mail-archives.apache.org/mod_mbox/ctakes-commits/201209.mbox/<20120924220606.DAC1C2388ADA@eris.apache.org>,chenpei
Mon Sep 24 22:07:16 2012,http://mail-archives.apache.org/mod_mbox/ctakes-commits/201209.mbox/<20120924220606.DAC1C2388ADA@eris.apache.org>,chenpei
Mon Sep 24 22:07:16 2012,http://mail-archives.apache.org/mod_mbox/ctakes-commits/201209.mbox/<20120924220606.DAC1C2388ADA@eris.apache.org>,chenpei
Mon Sep 24 22:07:16 2012,http://mail-archives.apache.org/mod_mbox/ctakes-commits/201209.mbox/<20120924220606.DAC1C2388ADA@eris.apache.org>,chenpei
Mon Sep 24 22:07:16 2012,http://mail-archives.apache.org/mod_mbox/ctakes-commits/201209.mbox/<20120924220606.DAC1C2388ADA@eris.apache.org>,chenpei
Mon Sep 24 22:07:16 2012,http://mail-archives.apache.org/mod_mbox/ctakes-commits/201209.mbox/<20120924220606.DAC1C2388ADA@eris.apache.org>,chenpei
Mon Sep 24 22:07:16 2012,http://mail-archives.apache.org/mod_mbox/ctakes-commits/201209.mbox/<20120924220606.DAC1C2388ADA@eris.apache.org>,chenpei
Mon Sep 24 22:07:16 2012,http://mail-archives.apache.org/mod_mbox/ctakes-commits/201209.mbox/<20120924220606.DAC1C2388ADA@eris.apache.org>,chenpei
Mon Sep 24 22:07:16 2012,http://mail-archives.apache.org/mod_mbox/ctakes-commits/201209.mbox/<20120924220606.DAC1C2388ADA@eris.apache.org>,chenpei
Mon Sep 24 22:07:16 2012,http://mail-archives.apache.org/mod_mbox/ctakes-commits/201209.mbox/<20120924220606.DAC1C2388ADA@eris.apache.org>,chenpei
Mon Sep 24 22:07:16 2012,http://mail-archives.apache.org/mod_mbox/ctakes-commits/201209.mbox/<20120924220606.DAC1C2388ADA@eris.apache.org>,chenpei
Mon Sep 24 22:07:16 2012,http://mail-archives.apache.org/mod_mbox/ctakes-commits/201209.mbox/<20120924220606.DAC1C2388ADA@eris.apache.org>,chenpei
Mon Sep 24 22:07:16 2012,http://mail-archives.apache.org/mod_mbox/ctakes-commits/201209.mbox/<20120924220606.DAC1C2388ADA@eris.apache.org>,chenpei
Mon Sep 24 22:07:16 2012,http://mail-archives.apache.org/mod_mbox/ctakes-commits/201209.mbox/<20120924220606.DAC1C2388ADA@eris.apache.org>,chenpei
Mon Sep 24 22:07:16 2012,http://mail-archives.apache.org/mod_mbox/ctakes-commits/201209.mbox/<20120924220606.DAC1C2388ADA@eris.apache.org>,chenpei
Mon Sep 24 22:07:16 2012,http://mail-archives.apache.org/mod_mbox/ctakes-commits/201209.mbox/<20120924220606.DAC1C2388ADA@eris.apache.org>,chenpei
Mon Sep 24 22:07:16 2012,http://mail-archives.apache.org/mod_mbox/ctakes-commits/201209.mbox/<20120924220606.DAC1C2388ADA@eris.apache.org>,chenpei
Mon Sep 24 22:07:16 2012,http://mail-archives.apache.org/mod_mbox/ctakes-commits/201209.mbox/<20120924220606.DAC1C2388ADA@eris.apache.org>,chenpei
Mon Sep 24 22:07:16 2012,http://mail-archives.apache.org/mod_mbox/ctakes-commits/201209.mbox/<20120924220606.DAC1C2388ADA@eris.apache.org>,chenpei
Mon Sep 24 22:07:16 2012,http://mail-archives.apache.org/mod_mbox/ctakes-commits/201209.mbox/<20120924220606.E0B302388B56@eris.apache.org>,chenpei
Mon Sep 24 22:07:16 2012,http://mail-archives.apache.org/mod_mbox/ctakes-commits/201209.mbox/<20120924220606.E0B302388B56@eris.apache.org>,chenpei
Mon Sep 24 22:07:16 2012,http://mail-archives.apache.org/mod_mbox/ctakes-commits/201209.mbox/<20120924220606.E0B302388B56@eris.apache.org>,chenpei
Mon Sep 24 22:07:16 2012,http://mail-archives.apache.org/mod_mbox/ctakes-commits/201209.mbox/<20120924220606.DAC1C2388ADA@eris.apache.org>,chenpei
Mon Sep 24 22:07:16 2012,http://mail-archives.apache.org/mod_mbox/ctakes-commits/201209.mbox/<20120924220606.DAC1C2388ADA@eris.apache.org>,chenpei
Mon Sep 24 22:07:16 2012,http://mail-archives.apache.org/mod_mbox/ctakes-commits/201209.mbox/<20120924220606.DAC1C2388ADA@eris.apache.org>,chenpei
Mon Sep 24 22:07:16 2012,http://mail-archives.apache.org/mod_mbox/ctakes-commits/201209.mbox/<20120924220606.DAC1C2388ADA@eris.apache.org>,chenpei
Mon Sep 24 22:07:16 2012,http://mail-archives.apache.org/mod_mbox/ctakes-commits/201209.mbox/<20120924220606.DAC1C2388ADA@eris.apache.org>,chenpei
Mon Sep 24 22:07:16 2012,http://mail-archives.apache.org/mod_mbox/ctakes-commits/201209.mbox/<20120924220606.DAC1C2388ADA@eris.apache.org>,chenpei
Mon Sep 24 22:07:16 2012,http://mail-archives.apache.org/mod_mbox/ctakes-commits/201209.mbox/<20120924220606.DAC1C2388ADA@eris.apache.org>,chenpei
Mon Sep 24 22:07:16 2012,http://mail-archives.apache.org/mod_mbox/ctakes-commits/201209.mbox/<20120924220606.DAC1C2388ADA@eris.apache.org>,chenpei
Mon Sep 24 22:07:16 2012,http://mail-archives.apache.org/mod_mbox/ctakes-commits/201209.mbox/<20120924220606.DAC1C2388ADA@eris.apache.org>,chenpei
Mon Sep 24 22:07:16 2012,http://mail-archives.apache.org/mod_mbox/ctakes-commits/201209.mbox/<20120924220606.DAC1C2388ADA@eris.apache.org>,chenpei
Mon Sep 24 22:07:16 2012,http://mail-archives.apache.org/mod_mbox/ctakes-commits/201209.mbox/<20120924220606.DAC1C2388ADA@eris.apache.org>,chenpei
Mon Sep 24 22:07:16 2012,http://mail-archives.apache.org/mod_mbox/ctakes-commits/201209.mbox/<20120924220606.DAC1C2388ADA@eris.apache.org>,chenpei
Mon Sep 24 22:07:16 2012,http://mail-archives.apache.org/mod_mbox/ctakes-commits/201209.mbox/<20120924220606.DAC1C2388ADA@eris.apache.org>,chenpei
Mon Sep 24 22:07:16 2012,http://mail-archives.apache.org/mod_mbox/ctakes-commits/201209.mbox/<20120924220606.DAC1C2388ADA@eris.apache.org>,chenpei
Mon Sep 24 22:07:16 2012,http://mail-archives.apache.org/mod_mbox/ctakes-commits/201209.mbox/<20120924220606.DAC1C2388ADA@eris.apache.org>,chenpei
Mon Sep 24 22:07:16 2012,http://mail-archives.apache.org/mod_mbox/ctakes-commits/201209.mbox/<20120924220606.DAC1C2388ADA@eris.apache.org>,chenpei
Mon Sep 24 22:07:16 2012,http://mail-archives.apache.org/mod_mbox/ctakes-commits/201209.mbox/<20120924220606.DAC1C2388ADA@eris.apache.org>,chenpei
Mon Sep 24 22:07:16 2012,http://mail-archives.apache.org/mod_mbox/ctakes-commits/201209.mbox/<20120924220606.DAC1C2388ADA@eris.apache.org>,chenpei
Mon Sep 24 22:07:16 2012,http://mail-archives.apache.org/mod_mbox/ctakes-commits/201209.mbox/<20120924220606.DAC1C2388ADA@eris.apache.org>,chenpei
Mon Sep 24 22:07:16 2012,http://mail-archives.apache.org/mod_mbox/ctakes-commits/201209.mbox/<20120924220606.DAC1C2388ADA@eris.apache.org>,chenpei
Mon Sep 24 22:07:16 2012,http://mail-archives.apache.org/mod_mbox/ctakes-commits/201209.mbox/<20120924220606.DAC1C2388ADA@eris.apache.org>,chenpei
Mon Sep 24 22:07:16 2012,http://mail-archives.apache.org/mod_mbox/ctakes-commits/201209.mbox/<20120924220606.DAC1C2388ADA@eris.apache.org>,chenpei
Mon Sep 24 22:07:16 2012,http://mail-archives.apache.org/mod_mbox/ctakes-commits/201209.mbox/<20120924220606.DAC1C2388ADA@eris.apache.org>,chenpei
Mon Sep 24 22:07:16 2012,http://mail-archives.apache.org/mod_mbox/ctakes-commits/201209.mbox/<20120924220606.DAC1C2388ADA@eris.apache.org>,chenpei
Mon Sep 24 22:07:16 2012,http://mail-archives.apache.org/mod_mbox/ctakes-commits/201209.mbox/<20120924220606.DAC1C2388ADA@eris.apache.org>,chenpei
Mon Sep 24 22:07:16 2012,http://mail-archives.apache.org/mod_mbox/ctakes-commits/201209.mbox/<20120924220606.DAC1C2388ADA@eris.apache.org>,chenpei
Mon Sep 24 22:07:16 2012,http://mail-archives.apache.org/mod_mbox/ctakes-commits/201209.mbox/<20120924220606.DAC1C2388ADA@eris.apache.org>,chenpei
Mon Sep 24 22:07:16 2012,http://mail-archives.apache.org/mod_mbox/ctakes-commits/201209.mbox/<20120924220606.DAC1C2388ADA@eris.apache.org>,chenpei
Mon Sep 24 22:07:16 2012,http://mail-archives.apache.org/mod_mbox/ctakes-commits/201209.mbox/<20120924220606.DAC1C2388ADA@eris.apache.org>,chenpei
Mon Sep 24 22:07:16 2012,http://mail-archives.apache.org/mod_mbox/ctakes-commits/201209.mbox/<20120924220606.DAC1C2388ADA@eris.apache.org>,chenpei
Mon Sep 24 22:07:16 2012,http://mail-archives.apache.org/mod_mbox/ctakes-commits/201209.mbox/<20120924220606.DAC1C2388ADA@eris.apache.org>,chenpei
Mon Sep 24 22:07:16 2012,http://mail-archives.apache.org/mod_mbox/ctakes-commits/201209.mbox/<20120924220606.DAC1C2388ADA@eris.apache.org>,chenpei
Mon Sep 24 22:07:16 2012,http://mail-archives.apache.org/mod_mbox/ctakes-commits/201209.mbox/<20120924220606.DAC1C2388ADA@eris.apache.org>,chenpei
Mon Sep 24 22:07:16 2012,http://mail-archives.apache.org/mod_mbox/ctakes-commits/201209.mbox/<20120924220606.DAC1C2388ADA@eris.apache.org>,chenpei
Mon Sep 24 22:07:16 2012,http://mail-archives.apache.org/mod_mbox/ctakes-commits/201209.mbox/<20120924220606.DAC1C2388ADA@eris.apache.org>,chenpei
Mon Sep 24 22:07:16 2012,http://mail-archives.apache.org/mod_mbox/ctakes-commits/201209.mbox/<20120924220606.E0B302388B56@eris.apache.org>,chenpei
Mon Sep 24 22:07:16 2012,http://mail-archives.apache.org/mod_mbox/ctakes-commits/201209.mbox/<20120924220606.E0B302388B56@eris.apache.org>,chenpei
Mon Sep 24 22:07:16 2012,http://mail-archives.apache.org/mod_mbox/ctakes-commits/201209.mbox/<20120924220606.E0B302388B56@eris.apache.org>,chenpei
Mon Sep 24 22:07:16 2012,http://mail-archives.apache.org/mod_mbox/ctakes-commits/201209.mbox/<20120924220606.E0B302388B56@eris.apache.org>,chenpei
Mon Sep 24 22:07:16 2012,http://mail-archives.apache.org/mod_mbox/ctakes-commits/201209.mbox/<20120924220606.E0B302388B56@eris.apache.org>,chenpei
Mon Sep 24 22:07:16 2012,http://mail-archives.apache.org/mod_mbox/ctakes-commits/201209.mbox/<20120924220606.E0B302388B56@eris.apache.org>,chenpei
Mon Sep 24 22:07:16 2012,http://mail-archives.apache.org/mod_mbox/ctakes-commits/201209.mbox/<20120924220606.E0B302388B56@eris.apache.org>,chenpei
Mon Sep 24 22:07:16 2012,http://mail-archives.apache.org/mod_mbox/ctakes-commits/201209.mbox/<20120924220606.E0B302388B56@eris.apache.org>,chenpei
Mon Sep 24 22:07:16 2012,http://mail-archives.apache.org/mod_mbox/ctakes-commits/201209.mbox/<20120924220606.E0B302388B56@eris.apache.org>,chenpei
Mon Sep 24 22:07:16 2012,http://mail-archives.apache.org/mod_mbox/ctakes-commits/201209.mbox/<20120924220606.E0B302388B56@eris.apache.org>,chenpei
Mon Sep 24 22:07:16 2012,http://mail-archives.apache.org/mod_mbox/ctakes-commits/201209.mbox/<20120924220606.E0B302388B56@eris.apache.org>,chenpei
Mon Sep 24 22:07:16 2012,http://mail-archives.apache.org/mod_mbox/ctakes-commits/201209.mbox/<20120924220606.E0B302388B56@eris.apache.org>,chenpei
Mon Sep 24 22:07:16 2012,http://mail-archives.apache.org/mod_mbox/ctakes-commits/201209.mbox/<20120924220606.E0B302388B56@eris.apache.org>,chenpei
Mon Sep 24 22:07:16 2012,http://mail-archives.apache.org/mod_mbox/ctakes-commits/201209.mbox/<20120924220606.E0B302388B56@eris.apache.org>,chenpei
Mon Sep 24 22:07:16 2012,http://mail-archives.apache.org/mod_mbox/ctakes-commits/201209.mbox/<20120924220606.E0B302388B56@eris.apache.org>,chenpei
Mon Sep 24 22:07:16 2012,http://mail-archives.apache.org/mod_mbox/ctakes-commits/201209.mbox/<20120924220606.E0B302388B56@eris.apache.org>,chenpei
Mon Sep 24 22:07:16 2012,http://mail-archives.apache.org/mod_mbox/ctakes-commits/201209.mbox/<20120924220606.DAC1C2388ADA@eris.apache.org>,chenpei
Mon Sep 24 22:07:16 2012,http://mail-archives.apache.org/mod_mbox/ctakes-commits/201209.mbox/<20120924220606.E0B302388B56@eris.apache.org>,chenpei
Mon Sep 24 22:07:16 2012,http://mail-archives.apache.org/mod_mbox/ctakes-commits/201209.mbox/<20120924220606.E0B302388B56@eris.apache.org>,chenpei
Mon Sep 24 22:07:16 2012,http://mail-archives.apache.org/mod_mbox/ctakes-commits/201209.mbox/<20120924220606.E0B302388B56@eris.apache.org>,chenpei
Mon Sep 24 22:07:16 2012,http://mail-archives.apache.org/mod_mbox/ctakes-commits/201209.mbox/<20120924220606.E0B302388B56@eris.apache.org>,chenpei
Mon Sep 24 22:07:16 2012,http://mail-archives.apache.org/mod_mbox/ctakes-commits/201209.mbox/<20120924220606.E0B302388B56@eris.apache.org>,chenpei
Mon Sep 24 22:07:16 2012,http://mail-archives.apache.org/mod_mbox/ctakes-commits/201209.mbox/<20120924220606.E0B302388B56@eris.apache.org>,chenpei
Mon Sep 24 22:07:16 2012,http://mail-archives.apache.org/mod_mbox/ctakes-commits/201209.mbox/<20120924220606.E0B302388B56@eris.apache.org>,chenpei
Mon Sep 24 22:07:16 2012,http://mail-archives.apache.org/mod_mbox/ctakes-commits/201209.mbox/<20120924220606.E0B302388B56@eris.apache.org>,chenpei
Mon Sep 24 22:07:16 2012,http://mail-archives.apache.org/mod_mbox/ctakes-commits/201209.mbox/<20120924220606.E0B302388B56@eris.apache.org>,chenpei
Mon Sep 24 22:07:16 2012,http://mail-archives.apache.org/mod_mbox/ctakes-commits/201209.mbox/<20120924220606.E0B302388B56@eris.apache.org>,chenpei
Mon Sep 24 22:07:16 2012,http://mail-archives.apache.org/mod_mbox/ctakes-commits/201209.mbox/<20120924220606.E0B302388B56@eris.apache.org>,chenpei
Mon Sep 24 22:07:16 2012,http://mail-archives.apache.org/mod_mbox/ctakes-commits/201209.mbox/<20120924220606.E0B302388B56@eris.apache.org>,chenpei
Mon Sep 24 22:07:16 2012,http://mail-archives.apache.org/mod_mbox/ctakes-commits/201209.mbox/<20120924220606.E0B302388B56@eris.apache.org>,chenpei
Mon Sep 24 22:07:16 2012,http://mail-archives.apache.org/mod_mbox/ctakes-commits/201209.mbox/<20120924220606.E0B302388B56@eris.apache.org>,chenpei
Mon Sep 24 22:07:16 2012,http://mail-archives.apache.org/mod_mbox/ctakes-commits/201209.mbox/<20120924220606.E0B302388B56@eris.apache.org>,chenpei
Mon Sep 24 22:07:16 2012,http://mail-archives.apache.org/mod_mbox/ctakes-commits/201209.mbox/<20120924220606.E0B302388B56@eris.apache.org>,chenpei
Mon Sep 24 22:07:16 2012,http://mail-archives.apache.org/mod_mbox/ctakes-commits/201209.mbox/<20120924220606.E0B302388B56@eris.apache.org>,chenpei
Mon Sep 24 22:07:16 2012,http://mail-archives.apache.org/mod_mbox/ctakes-commits/201209.mbox/<20120924220606.E0B302388B56@eris.apache.org>,chenpei
Mon Sep 24 22:07:16 2012,http://mail-archives.apache.org/mod_mbox/ctakes-commits/201209.mbox/<20120924220606.DAC1C2388ADA@eris.apache.org>,chenpei
Mon Sep 24 22:07:16 2012,http://mail-archives.apache.org/mod_mbox/ctakes-commits/201209.mbox/<20120924220606.DAC1C2388ADA@eris.apache.org>,chenpei
Mon Sep 24 22:07:16 2012,http://mail-archives.apache.org/mod_mbox/ctakes-commits/201209.mbox/<20120924220606.E0B302388B56@eris.apache.org>,chenpei
Mon Sep 24 22:07:16 2012,http://mail-archives.apache.org/mod_mbox/ctakes-commits/201209.mbox/<20120924220606.E0B302388B56@eris.apache.org>,chenpei
Mon Sep 24 22:07:16 2012,http://mail-archives.apache.org/mod_mbox/ctakes-commits/201209.mbox/<20120924220606.E0B302388B56@eris.apache.org>,chenpei
Mon Sep 24 22:07:16 2012,http://mail-archives.apache.org/mod_mbox/ctakes-commits/201209.mbox/<20120924220606.E0B302388B56@eris.apache.org>,chenpei
Mon Sep 24 22:07:16 2012,http://mail-archives.apache.org/mod_mbox/ctakes-commits/201209.mbox/<20120924220606.E0B302388B56@eris.apache.org>,chenpei
Mon Sep 24 22:07:16 2012,http://mail-archives.apache.org/mod_mbox/ctakes-commits/201209.mbox/<20120924220606.E0B302388B56@eris.apache.org>,chenpei
Mon Sep 24 22:07:16 2012,http://mail-archives.apache.org/mod_mbox/ctakes-commits/201209.mbox/<20120924220606.E0B302388B56@eris.apache.org>,chenpei
Mon Sep 24 22:07:16 2012,http://mail-archives.apache.org/mod_mbox/ctakes-commits/201209.mbox/<20120924220606.E0B302388B56@eris.apache.org>,chenpei
Mon Sep 24 22:07:16 2012,http://mail-archives.apache.org/mod_mbox/ctakes-commits/201209.mbox/<20120924220606.E0B302388B56@eris.apache.org>,chenpei
Mon Sep 24 22:07:16 2012,http://mail-archives.apache.org/mod_mbox/ctakes-commits/201209.mbox/<20120924220606.E0B302388B56@eris.apache.org>,chenpei
Mon Sep 24 22:07:16 2012,http://mail-archives.apache.org/mod_mbox/ctakes-commits/201209.mbox/<20120924220606.E0B302388B56@eris.apache.org>,chenpei
Mon Sep 24 22:07:16 2012,http://mail-archives.apache.org/mod_mbox/ctakes-commits/201209.mbox/<20120924220606.E0B302388B56@eris.apache.org>,chenpei
Mon Sep 24 22:07:16 2012,http://mail-archives.apache.org/mod_mbox/ctakes-commits/201209.mbox/<20120924220606.E0B302388B56@eris.apache.org>,chenpei
Mon Sep 24 22:07:16 2012,http://mail-archives.apache.org/mod_mbox/ctakes-commits/201209.mbox/<20120924220606.E0B302388B56@eris.apache.org>,chenpei
Mon Sep 24 22:07:16 2012,http://mail-archives.apache.org/mod_mbox/ctakes-commits/201209.mbox/<20120924220606.E0B302388B56@eris.apache.org>,chenpei
Mon Sep 24 22:07:16 2012,http://mail-archives.apache.org/mod_mbox/ctakes-commits/201209.mbox/<20120924220606.E0B302388B56@eris.apache.org>,chenpei
Mon Sep 24 22:07:16 2012,http://mail-archives.apache.org/mod_mbox/ctakes-commits/201209.mbox/<20120924220606.E0B302388B56@eris.apache.org>,chenpei
Mon Sep 24 22:07:16 2012,http://mail-archives.apache.org/mod_mbox/ctakes-commits/201209.mbox/<20120924220606.E0B302388B56@eris.apache.org>,chenpei
Mon Sep 24 22:07:16 2012,http://mail-archives.apache.org/mod_mbox/ctakes-commits/201209.mbox/<20120924220606.E0B302388B56@eris.apache.org>,chenpei
Mon Sep 24 22:07:16 2012,http://mail-archives.apache.org/mod_mbox/ctakes-commits/201209.mbox/<20120924220606.E0B302388B56@eris.apache.org>,chenpei
Mon Sep 24 22:07:16 2012,http://mail-archives.apache.org/mod_mbox/ctakes-commits/201209.mbox/<20120924220606.E0B302388B56@eris.apache.org>,chenpei
Mon Sep 24 22:07:16 2012,http://mail-archives.apache.org/mod_mbox/ctakes-commits/201209.mbox/<20120924220606.E0B302388B56@eris.apache.org>,chenpei
Mon Sep 24 22:07:16 2012,http://mail-archives.apache.org/mod_mbox/ctakes-commits/201209.mbox/<20120924220606.E0B302388B56@eris.apache.org>,chenpei
Mon Sep 24 22:07:16 2012,http://mail-archives.apache.org/mod_mbox/ctakes-commits/201209.mbox/<20120924220606.E0B302388B56@eris.apache.org>,chenpei
Mon Sep 24 22:07:16 2012,http://mail-archives.apache.org/mod_mbox/ctakes-commits/201209.mbox/<20120924220606.E0B302388B56@eris.apache.org>,chenpei
Mon Sep 24 22:07:16 2012,http://mail-archives.apache.org/mod_mbox/ctakes-commits/201209.mbox/<20120924220606.E0B302388B56@eris.apache.org>,chenpei
Mon Sep 24 22:07:16 2012,http://mail-archives.apache.org/mod_mbox/ctakes-commits/201209.mbox/<20120924220606.E0B302388B56@eris.apache.org>,chenpei
Mon Sep 24 22:07:16 2012,http://mail-archives.apache.org/mod_mbox/ctakes-commits/201209.mbox/<20120924220606.E0B302388B56@eris.apache.org>,chenpei
Mon Sep 24 22:07:16 2012,http://mail-archives.apache.org/mod_mbox/ctakes-commits/201209.mbox/<20120924220606.E0B302388B56@eris.apache.org>,chenpei
Mon Sep 24 22:07:16 2012,http://mail-archives.apache.org/mod_mbox/ctakes-commits/201209.mbox/<20120924220606.E0B302388B56@eris.apache.org>,chenpei
Mon Sep 24 22:07:16 2012,http://mail-archives.apache.org/mod_mbox/ctakes-commits/201209.mbox/<20120924220606.E0B302388B56@eris.apache.org>,chenpei
Mon Sep 24 22:07:16 2012,http://mail-archives.apache.org/mod_mbox/ctakes-commits/201209.mbox/<20120924220606.E0B302388B56@eris.apache.org>,chenpei
Mon Sep 24 22:07:16 2012,http://mail-archives.apache.org/mod_mbox/ctakes-commits/201209.mbox/<20120924220606.E0B302388B56@eris.apache.org>,chenpei
Mon Sep 24 22:07:16 2012,http://mail-archives.apache.org/mod_mbox/ctakes-commits/201209.mbox/<20120924220606.DAC1C2388ADA@eris.apache.org>,chenpei
Mon Sep 24 22:07:16 2012,http://mail-archives.apache.org/mod_mbox/ctakes-commits/201209.mbox/<20120924220606.E0B302388B56@eris.apache.org>,chenpei
Mon Sep 24 22:07:16 2012,http://mail-archives.apache.org/mod_mbox/ctakes-commits/201209.mbox/<20120924220606.E0B302388B56@eris.apache.org>,chenpei
Mon Sep 24 22:07:16 2012,http://mail-archives.apache.org/mod_mbox/ctakes-commits/201209.mbox/<20120924220606.DAC1C2388ADA@eris.apache.org>,chenpei
Mon Sep 24 22:07:16 2012,http://mail-archives.apache.org/mod_mbox/ctakes-commits/201209.mbox/<20120924220606.DAC1C2388ADA@eris.apache.org>,chenpei
Mon Sep 24 22:07:16 2012,http://mail-archives.apache.org/mod_mbox/ctakes-commits/201209.mbox/<20120924220606.DAC1C2388ADA@eris.apache.org>,chenpei
Mon Sep 24 22:07:16 2012,http://mail-archives.apache.org/mod_mbox/ctakes-commits/201209.mbox/<20120924220606.DAC1C2388ADA@eris.apache.org>,chenpei
Mon Sep 24 22:07:16 2012,http://mail-archives.apache.org/mod_mbox/ctakes-commits/201209.mbox/<20120924220606.DAC1C2388ADA@eris.apache.org>,chenpei
Mon Sep 24 22:07:16 2012,http://mail-archives.apache.org/mod_mbox/ctakes-commits/201209.mbox/<20120924220606.DAC1C2388ADA@eris.apache.org>,chenpei
Mon Sep 24 22:07:16 2012,http://mail-archives.apache.org/mod_mbox/ctakes-commits/201209.mbox/<20120924220606.DAC1C2388ADA@eris.apache.org>,chenpei
Mon Sep 24 22:07:16 2012,http://mail-archives.apache.org/mod_mbox/ctakes-commits/201209.mbox/<20120924220606.DAC1C2388ADA@eris.apache.org>,chenpei
Mon Sep 24 22:07:16 2012,http://mail-archives.apache.org/mod_mbox/ctakes-commits/201209.mbox/<20120924220606.DAC1C2388ADA@eris.apache.org>,chenpei
Mon Sep 24 22:07:16 2012,http://mail-archives.apache.org/mod_mbox/ctakes-commits/201209.mbox/<20120924220606.DAC1C2388ADA@eris.apache.org>,chenpei
Mon Sep 24 22:07:16 2012,http://mail-archives.apache.org/mod_mbox/ctakes-commits/201209.mbox/<20120924220606.DAC1C2388ADA@eris.apache.org>,chenpei
Mon Sep 24 22:07:16 2012,http://mail-archives.apache.org/mod_mbox/ctakes-commits/201209.mbox/<20120924220606.DAC1C2388ADA@eris.apache.org>,chenpei
Mon Sep 24 22:07:16 2012,http://mail-archives.apache.org/mod_mbox/ctakes-commits/201209.mbox/<20120924220606.DAC1C2388ADA@eris.apache.org>,chenpei
Mon Sep 24 22:07:16 2012,http://mail-archives.apache.org/mod_mbox/ctakes-commits/201209.mbox/<20120924220606.DAC1C2388ADA@eris.apache.org>,chenpei
Mon Sep 24 22:07:16 2012,http://mail-archives.apache.org/mod_mbox/ctakes-commits/201209.mbox/<20120924220606.DAC1C2388ADA@eris.apache.org>,chenpei
Mon Sep 24 22:07:16 2012,http://mail-archives.apache.org/mod_mbox/ctakes-commits/201209.mbox/<20120924220606.E0B302388B56@eris.apache.org>,chenpei
Mon Sep 24 22:07:16 2012,http://mail-archives.apache.org/mod_mbox/ctakes-commits/201209.mbox/<20120924220606.DAC1C2388ADA@eris.apache.org>,chenpei
Mon Sep 24 22:07:16 2012,http://mail-archives.apache.org/mod_mbox/ctakes-commits/201209.mbox/<20120924220606.DAC1C2388ADA@eris.apache.org>,chenpei
Mon Sep 24 22:07:16 2012,http://mail-archives.apache.org/mod_mbox/ctakes-commits/201209.mbox/<20120924220606.E0B302388B56@eris.apache.org>,chenpei
Mon Sep 24 22:07:16 2012,http://mail-archives.apache.org/mod_mbox/ctakes-commits/201209.mbox/<20120924220606.DAC1C2388ADA@eris.apache.org>,chenpei
Mon Sep 24 22:07:16 2012,http://mail-archives.apache.org/mod_mbox/ctakes-commits/201209.mbox/<20120924220606.DAC1C2388ADA@eris.apache.org>,chenpei
Mon Sep 24 22:07:16 2012,http://mail-archives.apache.org/mod_mbox/ctakes-commits/201209.mbox/<20120924220606.DAC1C2388ADA@eris.apache.org>,chenpei
Mon Sep 24 22:07:16 2012,http://mail-archives.apache.org/mod_mbox/ctakes-commits/201209.mbox/<20120924220606.DAC1C2388ADA@eris.apache.org>,chenpei
Mon Sep 24 22:07:16 2012,http://mail-archives.apache.org/mod_mbox/ctakes-commits/201209.mbox/<20120924220606.DAC1C2388ADA@eris.apache.org>,chenpei
Mon Sep 24 22:07:16 2012,http://mail-archives.apache.org/mod_mbox/ctakes-commits/201209.mbox/<20120924220606.DAC1C2388ADA@eris.apache.org>,chenpei
Mon Sep 24 22:07:16 2012,http://mail-archives.apache.org/mod_mbox/ctakes-commits/201209.mbox/<20120924220606.DAC1C2388ADA@eris.apache.org>,chenpei
Mon Sep 24 22:07:16 2012,http://mail-archives.apache.org/mod_mbox/ctakes-commits/201209.mbox/<20120924220606.DAC1C2388ADA@eris.apache.org>,chenpei
Mon Sep 24 22:07:16 2012,http://mail-archives.apache.org/mod_mbox/ctakes-commits/201209.mbox/<20120924220606.DAC1C2388ADA@eris.apache.org>,chenpei
Mon Sep 24 22:07:16 2012,http://mail-archives.apache.org/mod_mbox/ctakes-commits/201209.mbox/<20120924220606.DAC1C2388ADA@eris.apache.org>,chenpei
Mon Sep 24 22:07:16 2012,http://mail-archives.apache.org/mod_mbox/ctakes-commits/201209.mbox/<20120924220606.DAC1C2388ADA@eris.apache.org>,chenpei
Mon Sep 24 22:07:16 2012,http://mail-archives.apache.org/mod_mbox/ctakes-commits/201209.mbox/<20120924220606.DAC1C2388ADA@eris.apache.org>,chenpei
Mon Sep 24 22:07:16 2012,http://mail-archives.apache.org/mod_mbox/ctakes-commits/201209.mbox/<20120924220606.DAC1C2388ADA@eris.apache.org>,chenpei
Mon Sep 24 22:07:16 2012,http://mail-archives.apache.org/mod_mbox/ctakes-commits/201209.mbox/<20120924220606.DAC1C2388ADA@eris.apache.org>,chenpei
Mon Sep 24 22:07:16 2012,http://mail-archives.apache.org/mod_mbox/ctakes-commits/201209.mbox/<20120924220606.E0B302388B56@eris.apache.org>,chenpei
Mon Sep 24 22:07:16 2012,http://mail-archives.apache.org/mod_mbox/ctakes-commits/201209.mbox/<20120924220606.E0B302388B56@eris.apache.org>,chenpei
Mon Sep 24 22:07:16 2012,http://mail-archives.apache.org/mod_mbox/ctakes-commits/201209.mbox/<20120924220606.E0B302388B56@eris.apache.org>,chenpei
Mon Sep 24 22:07:16 2012,http://mail-archives.apache.org/mod_mbox/ctakes-commits/201209.mbox/<20120924220606.E0B302388B56@eris.apache.org>,chenpei
Mon Sep 24 22:07:16 2012,http://mail-archives.apache.org/mod_mbox/ctakes-commits/201209.mbox/<20120924220606.E0B302388B56@eris.apache.org>,chenpei
Mon Sep 24 22:07:16 2012,http://mail-archives.apache.org/mod_mbox/ctakes-commits/201209.mbox/<20120924220606.E0B302388B56@eris.apache.org>,chenpei
Mon Sep 24 22:07:16 2012,http://mail-archives.apache.org/mod_mbox/ctakes-commits/201209.mbox/<20120924220606.E0B302388B56@eris.apache.org>,chenpei
Mon Sep 24 22:07:16 2012,http://mail-archives.apache.org/mod_mbox/ctakes-commits/201209.mbox/<20120924220606.E0B302388B56@eris.apache.org>,chenpei
Mon Sep 24 22:07:16 2012,http://mail-archives.apache.org/mod_mbox/ctakes-commits/201209.mbox/<20120924220606.E0B302388B56@eris.apache.org>,chenpei
Mon Sep 24 22:07:16 2012,http://mail-archives.apache.org/mod_mbox/ctakes-commits/201209.mbox/<20120924220606.E0B302388B56@eris.apache.org>,chenpei
Mon Sep 24 22:07:16 2012,http://mail-archives.apache.org/mod_mbox/ctakes-commits/201209.mbox/<20120924220606.E0B302388B56@eris.apache.org>,chenpei
Mon Sep 24 22:07:16 2012,http://mail-archives.apache.org/mod_mbox/ctakes-commits/201209.mbox/<20120924220606.E0B302388B56@eris.apache.org>,chenpei
Mon Sep 24 22:07:16 2012,http://mail-archives.apache.org/mod_mbox/ctakes-commits/201209.mbox/<20120924220606.E0B302388B56@eris.apache.org>,chenpei
Mon Sep 24 22:07:16 2012,http://mail-archives.apache.org/mod_mbox/ctakes-commits/201209.mbox/<20120924220606.E0B302388B56@eris.apache.org>,chenpei
Mon Sep 24 22:07:16 2012,http://mail-archives.apache.org/mod_mbox/ctakes-commits/201209.mbox/<20120924220606.E0B302388B56@eris.apache.org>,chenpei
Mon Sep 24 22:07:16 2012,http://mail-archives.apache.org/mod_mbox/ctakes-commits/201209.mbox/<20120924220606.E0B302388B56@eris.apache.org>,chenpei
Mon Sep 24 22:07:16 2012,http://mail-archives.apache.org/mod_mbox/ctakes-commits/201209.mbox/<20120924220606.E0B302388B56@eris.apache.org>,chenpei
Mon Sep 24 22:07:16 2012,http://mail-archives.apache.org/mod_mbox/ctakes-commits/201209.mbox/<20120924220606.E0B302388B56@eris.apache.org>,chenpei
Mon Sep 24 22:07:16 2012,http://mail-archives.apache.org/mod_mbox/ctakes-commits/201209.mbox/<20120924220606.E0B302388B56@eris.apache.org>,chenpei
Mon Sep 24 22:07:16 2012,http://mail-archives.apache.org/mod_mbox/ctakes-commits/201209.mbox/<20120924220606.E0B302388B56@eris.apache.org>,chenpei
Mon Sep 24 22:07:16 2012,http://mail-archives.apache.org/mod_mbox/ctakes-commits/201209.mbox/<20120924220606.E0B302388B56@eris.apache.org>,chenpei
Mon Sep 24 22:07:16 2012,http://mail-archives.apache.org/mod_mbox/ctakes-commits/201209.mbox/<20120924220606.E0B302388B56@eris.apache.org>,chenpei
Mon Sep 24 22:07:16 2012,http://mail-archives.apache.org/mod_mbox/ctakes-commits/201209.mbox/<20120924220606.E0B302388B56@eris.apache.org>,chenpei
Mon Sep 24 22:07:16 2012,http://mail-archives.apache.org/mod_mbox/ctakes-commits/201209.mbox/<20120924220606.E0B302388B56@eris.apache.org>,chenpei
Mon Sep 24 22:07:16 2012,http://mail-archives.apache.org/mod_mbox/ctakes-commits/201209.mbox/<20120924220606.E0B302388B56@eris.apache.org>,chenpei
Mon Sep 24 22:07:16 2012,http://mail-archives.apache.org/mod_mbox/ctakes-commits/201209.mbox/<20120924220606.E0B302388B56@eris.apache.org>,chenpei
Mon Sep 24 22:07:16 2012,http://mail-archives.apache.org/mod_mbox/ctakes-commits/201209.mbox/<20120924220606.E0B302388B56@eris.apache.org>,chenpei
Mon Sep 24 22:07:16 2012,http://mail-archives.apache.org/mod_mbox/ctakes-commits/201209.mbox/<20120924220606.E0B302388B56@eris.apache.org>,chenpei
Mon Sep 24 22:07:16 2012,http://mail-archives.apache.org/mod_mbox/ctakes-commits/201209.mbox/<20120924220606.E0B302388B56@eris.apache.org>,chenpei
Mon Sep 24 22:07:16 2012,http://mail-archives.apache.org/mod_mbox/ctakes-commits/201209.mbox/<20120924220606.E0B302388B56@eris.apache.org>,chenpei
Mon Sep 24 22:07:16 2012,http://mail-archives.apache.org/mod_mbox/ctakes-commits/201209.mbox/<20120924220606.E0B302388B56@eris.apache.org>,chenpei
Mon Sep 24 22:07:16 2012,http://mail-archives.apache.org/mod_mbox/ctakes-commits/201209.mbox/<20120924220606.E0B302388B56@eris.apache.org>,chenpei
Mon Sep 24 22:07:16 2012,http://mail-archives.apache.org/mod_mbox/ctakes-commits/201209.mbox/<20120924220606.E0B302388B56@eris.apache.org>,chenpei
Mon Sep 24 22:07:16 2012,http://mail-archives.apache.org/mod_mbox/ctakes-commits/201209.mbox/<20120924220606.E0B302388B56@eris.apache.org>,chenpei
Mon Sep 24 22:07:16 2012,http://mail-archives.apache.org/mod_mbox/ctakes-commits/201209.mbox/<20120924220606.E0B302388B56@eris.apache.org>,chenpei
Mon Sep 24 22:07:16 2012,http://mail-archives.apache.org/mod_mbox/ctakes-commits/201209.mbox/<20120924220606.E0B302388B56@eris.apache.org>,chenpei
Mon Sep 24 22:07:16 2012,http://mail-archives.apache.org/mod_mbox/ctakes-commits/201209.mbox/<20120924220606.E0B302388B56@eris.apache.org>,chenpei
Mon Sep 24 22:07:16 2012,http://mail-archives.apache.org/mod_mbox/ctakes-commits/201209.mbox/<20120924220606.E0B302388B56@eris.apache.org>,chenpei
Mon Sep 24 22:07:16 2012,http://mail-archives.apache.org/mod_mbox/ctakes-commits/201209.mbox/<20120924220606.E0B302388B56@eris.apache.org>,chenpei
Mon Sep 24 22:07:16 2012,http://mail-archives.apache.org/mod_mbox/ctakes-commits/201209.mbox/<20120924220606.E0B302388B56@eris.apache.org>,chenpei
Mon Sep 24 22:07:16 2012,http://mail-archives.apache.org/mod_mbox/ctakes-commits/201209.mbox/<20120924220606.E0B302388B56@eris.apache.org>,chenpei
Mon Sep 24 22:07:16 2012,http://mail-archives.apache.org/mod_mbox/ctakes-commits/201209.mbox/<20120924220606.E0B302388B56@eris.apache.org>,chenpei
Mon Sep 24 22:07:16 2012,http://mail-archives.apache.org/mod_mbox/ctakes-commits/201209.mbox/<20120924220606.E0B302388B56@eris.apache.org>,chenpei
Mon Sep 24 22:07:16 2012,http://mail-archives.apache.org/mod_mbox/ctakes-commits/201209.mbox/<20120924220606.E0B302388B56@eris.apache.org>,chenpei
Mon Sep 24 22:07:16 2012,http://mail-archives.apache.org/mod_mbox/ctakes-commits/201209.mbox/<20120924220606.E0B302388B56@eris.apache.org>,chenpei
Mon Sep 24 22:07:16 2012,http://mail-archives.apache.org/mod_mbox/ctakes-commits/201209.mbox/<20120924220606.E0B302388B56@eris.apache.org>,chenpei
Mon Sep 24 22:07:16 2012,http://mail-archives.apache.org/mod_mbox/ctakes-commits/201209.mbox/<20120924220606.E0B302388B56@eris.apache.org>,chenpei
Mon Sep 24 22:07:16 2012,http://mail-archives.apache.org/mod_mbox/ctakes-commits/201209.mbox/<20120924220606.E0B302388B56@eris.apache.org>,chenpei
Mon Sep 24 22:07:16 2012,http://mail-archives.apache.org/mod_mbox/ctakes-commits/201209.mbox/<20120924220606.E0B302388B56@eris.apache.org>,chenpei
Mon Sep 24 22:07:16 2012,http://mail-archives.apache.org/mod_mbox/ctakes-commits/201209.mbox/<20120924220606.E0B302388B56@eris.apache.org>,chenpei
Mon Sep 24 22:07:16 2012,http://mail-archives.apache.org/mod_mbox/ctakes-commits/201209.mbox/<20120924220606.E0B302388B56@eris.apache.org>,chenpei
Mon Sep 24 22:07:16 2012,http://mail-archives.apache.org/mod_mbox/ctakes-commits/201209.mbox/<20120924220606.E0B302388B56@eris.apache.org>,chenpei
Mon Sep 24 22:07:16 2012,http://mail-archives.apache.org/mod_mbox/ctakes-commits/201209.mbox/<20120924220606.E0B302388B56@eris.apache.org>,chenpei
Mon Sep 24 22:07:16 2012,http://mail-archives.apache.org/mod_mbox/ctakes-commits/201209.mbox/<20120924220606.E0B302388B56@eris.apache.org>,chenpei
Mon Sep 24 22:07:16 2012,http://mail-archives.apache.org/mod_mbox/ctakes-commits/201209.mbox/<20120924220606.E0B302388B56@eris.apache.org>,chenpei
Mon Sep 24 22:07:16 2012,http://mail-archives.apache.org/mod_mbox/ctakes-commits/201209.mbox/<20120924220606.E0B302388B56@eris.apache.org>,chenpei
Mon Sep 24 22:07:16 2012,http://mail-archives.apache.org/mod_mbox/ctakes-commits/201209.mbox/<20120924220606.E0B302388B56@eris.apache.org>,chenpei
Mon Sep 24 22:07:16 2012,http://mail-archives.apache.org/mod_mbox/ctakes-commits/201209.mbox/<20120924220606.E0B302388B56@eris.apache.org>,chenpei
Mon Sep 24 22:07:16 2012,http://mail-archives.apache.org/mod_mbox/ctakes-commits/201209.mbox/<20120924220606.E0B302388B56@eris.apache.org>,chenpei
Mon Sep 24 22:07:16 2012,http://mail-archives.apache.org/mod_mbox/ctakes-commits/201209.mbox/<20120924220606.E0B302388B56@eris.apache.org>,chenpei
Mon Sep 24 22:07:16 2012,http://mail-archives.apache.org/mod_mbox/ctakes-commits/201209.mbox/<20120924220606.E0B302388B56@eris.apache.org>,chenpei
Mon Sep 24 22:07:16 2012,http://mail-archives.apache.org/mod_mbox/ctakes-commits/201209.mbox/<20120924220606.E0B302388B56@eris.apache.org>,chenpei
Mon Sep 24 22:07:16 2012,http://mail-archives.apache.org/mod_mbox/ctakes-commits/201209.mbox/<20120924220606.E0B302388B56@eris.apache.org>,chenpei
Mon Sep 24 22:07:16 2012,http://mail-archives.apache.org/mod_mbox/ctakes-commits/201209.mbox/<20120924220606.E0B302388B56@eris.apache.org>,chenpei
Mon Sep 24 22:07:16 2012,http://mail-archives.apache.org/mod_mbox/ctakes-commits/201209.mbox/<20120924220606.E0B302388B56@eris.apache.org>,chenpei
Mon Sep 24 22:07:16 2012,http://mail-archives.apache.org/mod_mbox/ctakes-commits/201209.mbox/<20120924220606.E0B302388B56@eris.apache.org>,chenpei
Mon Sep 24 22:07:16 2012,http://mail-archives.apache.org/mod_mbox/ctakes-commits/201209.mbox/<20120924220606.E0B302388B56@eris.apache.org>,chenpei
Mon Sep 24 22:07:16 2012,http://mail-archives.apache.org/mod_mbox/ctakes-commits/201209.mbox/<20120924220606.E0B302388B56@eris.apache.org>,chenpei
Mon Sep 24 22:07:16 2012,http://mail-archives.apache.org/mod_mbox/ctakes-commits/201209.mbox/<20120924220606.E0B302388B56@eris.apache.org>,chenpei
Mon Sep 24 22:07:16 2012,http://mail-archives.apache.org/mod_mbox/ctakes-commits/201209.mbox/<20120924220606.E0B302388B56@eris.apache.org>,chenpei
Mon Sep 24 22:07:16 2012,http://mail-archives.apache.org/mod_mbox/ctakes-commits/201209.mbox/<20120924220606.E0B302388B56@eris.apache.org>,chenpei
Mon Sep 24 22:07:16 2012,http://mail-archives.apache.org/mod_mbox/ctakes-commits/201209.mbox/<20120924220606.E0B302388B56@eris.apache.org>,chenpei
Mon Sep 24 22:07:16 2012,http://mail-archives.apache.org/mod_mbox/ctakes-commits/201209.mbox/<20120924220606.E0B302388B56@eris.apache.org>,chenpei
Mon Sep 24 22:07:16 2012,http://mail-archives.apache.org/mod_mbox/ctakes-commits/201209.mbox/<20120924220606.E0B302388B56@eris.apache.org>,chenpei
Mon Sep 24 22:07:16 2012,http://mail-archives.apache.org/mod_mbox/ctakes-commits/201209.mbox/<20120924220606.E0B302388B56@eris.apache.org>,chenpei
Mon Sep 24 22:07:16 2012,http://mail-archives.apache.org/mod_mbox/ctakes-commits/201209.mbox/<20120924220606.E0B302388B56@eris.apache.org>,chenpei
Mon Sep 24 22:07:16 2012,http://mail-archives.apache.org/mod_mbox/ctakes-commits/201209.mbox/<20120924220606.E0B302388B56@eris.apache.org>,chenpei
Mon Sep 24 22:07:16 2012,http://mail-archives.apache.org/mod_mbox/ctakes-commits/201209.mbox/<20120924220606.E0B302388B56@eris.apache.org>,chenpei
Mon Sep 24 22:07:16 2012,http://mail-archives.apache.org/mod_mbox/ctakes-commits/201209.mbox/<20120924220606.E0B302388B56@eris.apache.org>,chenpei
Mon Sep 24 22:07:16 2012,http://mail-archives.apache.org/mod_mbox/ctakes-commits/201209.mbox/<20120924220606.E0B302388B56@eris.apache.org>,chenpei
Mon Sep 24 22:07:16 2012,http://mail-archives.apache.org/mod_mbox/ctakes-commits/201209.mbox/<20120924220606.E0B302388B56@eris.apache.org>,chenpei
Mon Sep 24 22:07:16 2012,http://mail-archives.apache.org/mod_mbox/ctakes-commits/201209.mbox/<20120924220606.E0B302388B56@eris.apache.org>,chenpei
Mon Sep 24 22:07:16 2012,http://mail-archives.apache.org/mod_mbox/ctakes-commits/201209.mbox/<20120924220606.E0B302388B56@eris.apache.org>,chenpei
Mon Sep 24 22:07:16 2012,http://mail-archives.apache.org/mod_mbox/ctakes-commits/201209.mbox/<20120924220606.E0B302388B56@eris.apache.org>,chenpei
Mon Sep 24 22:07:16 2012,http://mail-archives.apache.org/mod_mbox/ctakes-commits/201209.mbox/<20120924220606.E0B302388B56@eris.apache.org>,chenpei
Mon Sep 24 22:07:16 2012,http://mail-archives.apache.org/mod_mbox/ctakes-commits/201209.mbox/<20120924220606.E0B302388B56@eris.apache.org>,chenpei
Mon Sep 24 22:07:16 2012,http://mail-archives.apache.org/mod_mbox/ctakes-commits/201209.mbox/<20120924220606.E0B302388B56@eris.apache.org>,chenpei
Mon Sep 24 22:07:16 2012,http://mail-archives.apache.org/mod_mbox/ctakes-commits/201209.mbox/<20120924220606.E0B302388B56@eris.apache.org>,chenpei
Mon Sep 24 22:07:16 2012,http://mail-archives.apache.org/mod_mbox/ctakes-commits/201209.mbox/<20120924220606.E0B302388B56@eris.apache.org>,chenpei
Mon Sep 24 22:07:16 2012,http://mail-archives.apache.org/mod_mbox/ctakes-commits/201209.mbox/<20120924220606.E0B302388B56@eris.apache.org>,chenpei
Mon Sep 24 22:07:16 2012,http://mail-archives.apache.org/mod_mbox/ctakes-commits/201209.mbox/<20120924220606.E0B302388B56@eris.apache.org>,chenpei
Mon Sep 24 22:07:16 2012,http://mail-archives.apache.org/mod_mbox/ctakes-commits/201209.mbox/<20120924220606.E0B302388B56@eris.apache.org>,chenpei
Mon Sep 24 22:07:16 2012,http://mail-archives.apache.org/mod_mbox/ctakes-commits/201209.mbox/<20120924220606.E0B302388B56@eris.apache.org>,chenpei
Mon Sep 24 22:07:16 2012,http://mail-archives.apache.org/mod_mbox/ctakes-commits/201209.mbox/<20120924220606.E0B302388B56@eris.apache.org>,chenpei
Mon Sep 24 22:07:16 2012,http://mail-archives.apache.org/mod_mbox/ctakes-commits/201209.mbox/<20120924220606.E0B302388B56@eris.apache.org>,chenpei
Mon Sep 24 22:07:16 2012,http://mail-archives.apache.org/mod_mbox/ctakes-commits/201209.mbox/<20120924220606.E0B302388B56@eris.apache.org>,chenpei
Mon Sep 24 22:07:16 2012,http://mail-archives.apache.org/mod_mbox/ctakes-commits/201209.mbox/<20120924220606.E0B302388B56@eris.apache.org>,chenpei
Mon Sep 24 22:07:16 2012,http://mail-archives.apache.org/mod_mbox/ctakes-commits/201209.mbox/<20120924220606.E0B302388B56@eris.apache.org>,chenpei
Mon Sep 24 22:07:16 2012,http://mail-archives.apache.org/mod_mbox/ctakes-commits/201209.mbox/<20120924220606.E0B302388B56@eris.apache.org>,chenpei
Mon Sep 24 22:07:16 2012,http://mail-archives.apache.org/mod_mbox/ctakes-commits/201209.mbox/<20120924220606.E0B302388B56@eris.apache.org>,chenpei
Mon Sep 24 22:07:16 2012,http://mail-archives.apache.org/mod_mbox/ctakes-commits/201209.mbox/<20120924220606.E0B302388B56@eris.apache.org>,chenpei
Mon Sep 24 22:07:16 2012,http://mail-archives.apache.org/mod_mbox/ctakes-commits/201209.mbox/<20120924220606.E0B302388B56@eris.apache.org>,chenpei
Mon Sep 24 22:07:16 2012,http://mail-archives.apache.org/mod_mbox/ctakes-commits/201209.mbox/<20120924220606.E0B302388B56@eris.apache.org>,chenpei
Mon Sep 24 22:07:16 2012,http://mail-archives.apache.org/mod_mbox/ctakes-commits/201209.mbox/<20120924220606.E0B302388B56@eris.apache.org>,chenpei
Mon Sep 24 22:07:16 2012,http://mail-archives.apache.org/mod_mbox/ctakes-commits/201209.mbox/<20120924220606.E0B302388B56@eris.apache.org>,chenpei
Mon Sep 24 22:07:16 2012,http://mail-archives.apache.org/mod_mbox/ctakes-commits/201209.mbox/<20120924220606.E0B302388B56@eris.apache.org>,chenpei
Mon Sep 24 22:07:16 2012,http://mail-archives.apache.org/mod_mbox/ctakes-commits/201209.mbox/<20120924220606.E0B302388B56@eris.apache.org>,chenpei
Mon Sep 24 22:07:16 2012,http://mail-archives.apache.org/mod_mbox/ctakes-commits/201209.mbox/<20120924220606.E0B302388B56@eris.apache.org>,chenpei
Mon Sep 24 22:07:16 2012,http://mail-archives.apache.org/mod_mbox/ctakes-commits/201209.mbox/<20120924220606.E0B302388B56@eris.apache.org>,chenpei
Mon Sep 24 22:07:16 2012,http://mail-archives.apache.org/mod_mbox/ctakes-commits/201209.mbox/<20120924220606.E0B302388B56@eris.apache.org>,chenpei
Mon Sep 24 22:07:16 2012,http://mail-archives.apache.org/mod_mbox/ctakes-commits/201209.mbox/<20120924220606.E0B302388B56@eris.apache.org>,chenpei
Mon Sep 24 22:07:16 2012,http://mail-archives.apache.org/mod_mbox/ctakes-commits/201209.mbox/<20120924220606.E0B302388B56@eris.apache.org>,chenpei
Mon Sep 24 22:07:16 2012,http://mail-archives.apache.org/mod_mbox/ctakes-commits/201209.mbox/<20120924220606.E0B302388B56@eris.apache.org>,chenpei
Mon Sep 24 22:07:16 2012,http://mail-archives.apache.org/mod_mbox/ctakes-commits/201209.mbox/<20120924220606.E0B302388B56@eris.apache.org>,chenpei
Mon Sep 24 22:07:16 2012,http://mail-archives.apache.org/mod_mbox/ctakes-commits/201209.mbox/<20120924220606.E0B302388B56@eris.apache.org>,chenpei
Mon Sep 24 22:07:16 2012,http://mail-archives.apache.org/mod_mbox/ctakes-commits/201209.mbox/<20120924220606.E0B302388B56@eris.apache.org>,chenpei
Mon Sep 24 22:07:16 2012,http://mail-archives.apache.org/mod_mbox/ctakes-commits/201209.mbox/<20120924220606.E0B302388B56@eris.apache.org>,chenpei
Mon Sep 24 22:07:16 2012,http://mail-archives.apache.org/mod_mbox/ctakes-commits/201209.mbox/<20120924220606.E0B302388B56@eris.apache.org>,chenpei
Mon Sep 24 22:07:16 2012,http://mail-archives.apache.org/mod_mbox/ctakes-commits/201209.mbox/<20120924220606.E0B302388B56@eris.apache.org>,chenpei
Mon Sep 24 22:07:16 2012,http://mail-archives.apache.org/mod_mbox/ctakes-commits/201209.mbox/<20120924220606.E0B302388B56@eris.apache.org>,chenpei
Mon Sep 24 22:07:16 2012,http://mail-archives.apache.org/mod_mbox/ctakes-commits/201209.mbox/<20120924220606.E0B302388B56@eris.apache.org>,chenpei
Mon Sep 24 22:07:16 2012,http://mail-archives.apache.org/mod_mbox/ctakes-commits/201209.mbox/<20120924220606.E0B302388B56@eris.apache.org>,chenpei
Mon Sep 24 22:07:16 2012,http://mail-archives.apache.org/mod_mbox/ctakes-commits/201209.mbox/<20120924220606.E0B302388B56@eris.apache.org>,chenpei
Mon Sep 24 22:07:16 2012,http://mail-archives.apache.org/mod_mbox/ctakes-commits/201209.mbox/<20120924220606.E0B302388B56@eris.apache.org>,chenpei
Mon Sep 24 22:07:16 2012,http://mail-archives.apache.org/mod_mbox/ctakes-commits/201209.mbox/<20120924220606.E0B302388B56@eris.apache.org>,chenpei
Mon Sep 24 22:07:16 2012,http://mail-archives.apache.org/mod_mbox/ctakes-commits/201209.mbox/<20120924220606.E0B302388B56@eris.apache.org>,chenpei
Mon Sep 24 22:07:16 2012,http://mail-archives.apache.org/mod_mbox/ctakes-commits/201209.mbox/<20120924220606.E0B302388B56@eris.apache.org>,chenpei
Mon Sep 24 22:07:16 2012,http://mail-archives.apache.org/mod_mbox/ctakes-commits/201209.mbox/<20120924220606.E0B302388B56@eris.apache.org>,chenpei
Mon Sep 24 22:07:16 2012,http://mail-archives.apache.org/mod_mbox/ctakes-commits/201209.mbox/<20120924220606.E0B302388B56@eris.apache.org>,chenpei
Mon Sep 24 22:07:16 2012,http://mail-archives.apache.org/mod_mbox/ctakes-commits/201209.mbox/<20120924220606.E0B302388B56@eris.apache.org>,chenpei
Mon Sep 24 22:07:16 2012,http://mail-archives.apache.org/mod_mbox/ctakes-commits/201209.mbox/<20120924220606.E0B302388B56@eris.apache.org>,chenpei
Mon Sep 24 22:07:16 2012,http://mail-archives.apache.org/mod_mbox/ctakes-commits/201209.mbox/<20120924220606.E0B302388B56@eris.apache.org>,chenpei
Mon Sep 24 22:07:16 2012,http://mail-archives.apache.org/mod_mbox/ctakes-commits/201209.mbox/<20120924220606.E0B302388B56@eris.apache.org>,chenpei
Mon Sep 24 22:07:16 2012,http://mail-archives.apache.org/mod_mbox/ctakes-commits/201209.mbox/<20120924220606.E0B302388B56@eris.apache.org>,chenpei
Mon Sep 24 22:07:16 2012,http://mail-archives.apache.org/mod_mbox/ctakes-commits/201209.mbox/<20120924220606.E0B302388B56@eris.apache.org>,chenpei
Mon Sep 24 22:07:16 2012,http://mail-archives.apache.org/mod_mbox/ctakes-commits/201209.mbox/<20120924220606.E0B302388B56@eris.apache.org>,chenpei
Mon Sep 24 22:07:16 2012,http://mail-archives.apache.org/mod_mbox/ctakes-commits/201209.mbox/<20120924220606.E0B302388B56@eris.apache.org>,chenpei
Mon Sep 24 22:07:16 2012,http://mail-archives.apache.org/mod_mbox/ctakes-commits/201209.mbox/<20120924220606.E0B302388B56@eris.apache.org>,chenpei
Mon Sep 24 22:07:16 2012,http://mail-archives.apache.org/mod_mbox/ctakes-commits/201209.mbox/<20120924220606.E0B302388B56@eris.apache.org>,chenpei
Mon Sep 24 22:07:16 2012,http://mail-archives.apache.org/mod_mbox/ctakes-commits/201209.mbox/<20120924220606.E0B302388B56@eris.apache.org>,chenpei
Mon Sep 24 22:07:16 2012,http://mail-archives.apache.org/mod_mbox/ctakes-commits/201209.mbox/<20120924220606.E0B302388B56@eris.apache.org>,chenpei
Mon Sep 24 22:07:16 2012,http://mail-archives.apache.org/mod_mbox/ctakes-commits/201209.mbox/<20120924220606.E0B302388B56@eris.apache.org>,chenpei
Mon Sep 24 22:07:16 2012,http://mail-archives.apache.org/mod_mbox/ctakes-commits/201209.mbox/<20120924220606.E0B302388B56@eris.apache.org>,chenpei
Mon Sep 24 22:07:16 2012,http://mail-archives.apache.org/mod_mbox/ctakes-commits/201209.mbox/<20120924220606.E0B302388B56@eris.apache.org>,chenpei
Mon Sep 24 22:07:16 2012,http://mail-archives.apache.org/mod_mbox/ctakes-commits/201209.mbox/<20120924220606.E0B302388B56@eris.apache.org>,chenpei
Mon Sep 24 22:07:16 2012,http://mail-archives.apache.org/mod_mbox/ctakes-commits/201209.mbox/<20120924220606.E0B302388B56@eris.apache.org>,chenpei
Mon Sep 24 22:07:16 2012,http://mail-archives.apache.org/mod_mbox/ctakes-commits/201209.mbox/<20120924220606.E0B302388B56@eris.apache.org>,chenpei
Mon Sep 24 22:07:16 2012,http://mail-archives.apache.org/mod_mbox/ctakes-commits/201209.mbox/<20120924220606.E0B302388B56@eris.apache.org>,chenpei
Mon Sep 24 22:07:16 2012,http://mail-archives.apache.org/mod_mbox/ctakes-commits/201209.mbox/<20120924220606.E0B302388B56@eris.apache.org>,chenpei
Mon Sep 24 22:07:16 2012,http://mail-archives.apache.org/mod_mbox/ctakes-commits/201209.mbox/<20120924220606.E0B302388B56@eris.apache.org>,chenpei
Mon Sep 24 22:07:16 2012,http://mail-archives.apache.org/mod_mbox/ctakes-commits/201209.mbox/<20120924220606.E0B302388B56@eris.apache.org>,chenpei
Mon Sep 24 22:07:16 2012,http://mail-archives.apache.org/mod_mbox/ctakes-commits/201209.mbox/<20120924220606.E0B302388B56@eris.apache.org>,chenpei
Mon Sep 24 22:07:16 2012,http://mail-archives.apache.org/mod_mbox/ctakes-commits/201209.mbox/<20120924220606.E0B302388B56@eris.apache.org>,chenpei
Mon Sep 24 22:07:16 2012,http://mail-archives.apache.org/mod_mbox/ctakes-commits/201209.mbox/<20120924220606.E0B302388B56@eris.apache.org>,chenpei
Mon Sep 24 22:07:16 2012,http://mail-archives.apache.org/mod_mbox/ctakes-commits/201209.mbox/<20120924220606.E0B302388B56@eris.apache.org>,chenpei
Mon Sep 24 22:07:16 2012,http://mail-archives.apache.org/mod_mbox/ctakes-commits/201209.mbox/<20120924220606.E0B302388B56@eris.apache.org>,chenpei
Mon Sep 24 22:07:16 2012,http://mail-archives.apache.org/mod_mbox/ctakes-commits/201209.mbox/<20120924220606.E0B302388B56@eris.apache.org>,chenpei
Mon Sep 24 22:07:16 2012,http://mail-archives.apache.org/mod_mbox/ctakes-commits/201209.mbox/<20120924220606.E0B302388B56@eris.apache.org>,chenpei
Mon Sep 24 22:07:16 2012,http://mail-archives.apache.org/mod_mbox/ctakes-commits/201209.mbox/<20120924220606.E0B302388B56@eris.apache.org>,chenpei
Mon Sep 24 22:07:16 2012,http://mail-archives.apache.org/mod_mbox/ctakes-commits/201209.mbox/<20120924220606.E0B302388B56@eris.apache.org>,chenpei
Mon Sep 24 22:07:16 2012,http://mail-archives.apache.org/mod_mbox/ctakes-commits/201209.mbox/<20120924220606.E0B302388B56@eris.apache.org>,chenpei
Mon Sep 24 22:07:16 2012,http://mail-archives.apache.org/mod_mbox/ctakes-commits/201209.mbox/<20120924220606.E0B302388B56@eris.apache.org>,chenpei
Mon Sep 24 22:07:16 2012,http://mail-archives.apache.org/mod_mbox/ctakes-commits/201209.mbox/<20120924220606.E0B302388B56@eris.apache.org>,chenpei
Mon Sep 24 22:07:16 2012,http://mail-archives.apache.org/mod_mbox/ctakes-commits/201209.mbox/<20120924220606.E0B302388B56@eris.apache.org>,chenpei
Mon Sep 24 22:07:16 2012,http://mail-archives.apache.org/mod_mbox/ctakes-commits/201209.mbox/<20120924220606.E0B302388B56@eris.apache.org>,chenpei
Mon Sep 24 22:07:16 2012,http://mail-archives.apache.org/mod_mbox/ctakes-commits/201209.mbox/<20120924220606.E0B302388B56@eris.apache.org>,chenpei
Mon Sep 24 22:07:16 2012,http://mail-archives.apache.org/mod_mbox/ctakes-commits/201209.mbox/<20120924220606.E0B302388B56@eris.apache.org>,chenpei
Mon Sep 24 22:07:16 2012,http://mail-archives.apache.org/mod_mbox/ctakes-commits/201209.mbox/<20120924220606.E0B302388B56@eris.apache.org>,chenpei
Mon Sep 24 22:07:16 2012,http://mail-archives.apache.org/mod_mbox/ctakes-commits/201209.mbox/<20120924220606.E0B302388B56@eris.apache.org>,chenpei
Mon Sep 24 22:07:16 2012,http://mail-archives.apache.org/mod_mbox/ctakes-commits/201209.mbox/<20120924220606.E0B302388B56@eris.apache.org>,chenpei
Mon Sep 24 22:07:16 2012,http://mail-archives.apache.org/mod_mbox/ctakes-commits/201209.mbox/<20120924220606.E0B302388B56@eris.apache.org>,chenpei
Mon Sep 24 22:07:16 2012,http://mail-archives.apache.org/mod_mbox/ctakes-commits/201209.mbox/<20120924220606.E0B302388B56@eris.apache.org>,chenpei
Mon Sep 24 22:07:16 2012,http://mail-archives.apache.org/mod_mbox/ctakes-commits/201209.mbox/<20120924220606.E0B302388B56@eris.apache.org>,chenpei
Mon Sep 24 22:07:16 2012,http://mail-archives.apache.org/mod_mbox/ctakes-commits/201209.mbox/<20120924220606.E0B302388B56@eris.apache.org>,chenpei
Mon Sep 24 22:07:16 2012,http://mail-archives.apache.org/mod_mbox/ctakes-commits/201209.mbox/<20120924220606.E0B302388B56@eris.apache.org>,chenpei
Mon Sep 24 22:07:16 2012,http://mail-archives.apache.org/mod_mbox/ctakes-commits/201209.mbox/<20120924220606.E0B302388B56@eris.apache.org>,chenpei
Mon Sep 24 22:07:16 2012,http://mail-archives.apache.org/mod_mbox/ctakes-commits/201209.mbox/<20120924220606.E0B302388B56@eris.apache.org>,chenpei
Mon Sep 24 22:07:16 2012,http://mail-archives.apache.org/mod_mbox/ctakes-commits/201209.mbox/<20120924220606.E0B302388B56@eris.apache.org>,chenpei
Mon Sep 24 22:07:16 2012,http://mail-archives.apache.org/mod_mbox/ctakes-commits/201209.mbox/<20120924220606.E0B302388B56@eris.apache.org>,chenpei
Mon Sep 24 22:07:16 2012,http://mail-archives.apache.org/mod_mbox/ctakes-commits/201209.mbox/<20120924220606.E0B302388B56@eris.apache.org>,chenpei
Mon Sep 24 22:07:16 2012,http://mail-archives.apache.org/mod_mbox/ctakes-commits/201209.mbox/<20120924220606.E0B302388B56@eris.apache.org>,chenpei
Mon Sep 24 22:07:16 2012,http://mail-archives.apache.org/mod_mbox/ctakes-commits/201209.mbox/<20120924220606.E0B302388B56@eris.apache.org>,chenpei
Mon Sep 24 22:07:16 2012,http://mail-archives.apache.org/mod_mbox/ctakes-commits/201209.mbox/<20120924220606.E0B302388B56@eris.apache.org>,chenpei
Mon Sep 24 22:07:16 2012,http://mail-archives.apache.org/mod_mbox/ctakes-commits/201209.mbox/<20120924220606.E0B302388B56@eris.apache.org>,chenpei
Mon Sep 24 22:07:16 2012,http://mail-archives.apache.org/mod_mbox/ctakes-commits/201209.mbox/<20120924220606.E0B302388B56@eris.apache.org>,chenpei
Mon Sep 24 22:07:16 2012,http://mail-archives.apache.org/mod_mbox/ctakes-commits/201209.mbox/<20120924220606.E0B302388B56@eris.apache.org>,chenpei
Mon Sep 24 22:07:16 2012,http://mail-archives.apache.org/mod_mbox/ctakes-commits/201209.mbox/<20120924220606.E0B302388B56@eris.apache.org>,chenpei
Mon Sep 24 22:07:16 2012,http://mail-archives.apache.org/mod_mbox/ctakes-commits/201209.mbox/<20120924220606.E0B302388B56@eris.apache.org>,chenpei
Mon Sep 24 22:07:16 2012,http://mail-archives.apache.org/mod_mbox/ctakes-commits/201209.mbox/<20120924220606.E0B302388B56@eris.apache.org>,chenpei
Mon Sep 24 22:07:16 2012,http://mail-archives.apache.org/mod_mbox/ctakes-commits/201209.mbox/<20120924220606.E0B302388B56@eris.apache.org>,chenpei
Mon Sep 24 22:07:16 2012,http://mail-archives.apache.org/mod_mbox/ctakes-commits/201209.mbox/<20120924220606.E0B302388B56@eris.apache.org>,chenpei
Mon Sep 24 22:07:16 2012,http://mail-archives.apache.org/mod_mbox/ctakes-commits/201209.mbox/<20120924220606.E0B302388B56@eris.apache.org>,chenpei
Mon Sep 24 22:07:16 2012,http://mail-archives.apache.org/mod_mbox/ctakes-commits/201209.mbox/<20120924220606.E0B302388B56@eris.apache.org>,chenpei
Mon Sep 24 22:07:16 2012,http://mail-archives.apache.org/mod_mbox/ctakes-commits/201209.mbox/<20120924220606.E0B302388B56@eris.apache.org>,chenpei
Mon Sep 24 22:07:16 2012,http://mail-archives.apache.org/mod_mbox/ctakes-commits/201209.mbox/<20120924220606.E0B302388B56@eris.apache.org>,chenpei
Mon Sep 24 22:07:16 2012,http://mail-archives.apache.org/mod_mbox/ctakes-commits/201209.mbox/<20120924220606.E0B302388B56@eris.apache.org>,chenpei
Mon Sep 24 22:07:16 2012,http://mail-archives.apache.org/mod_mbox/ctakes-commits/201209.mbox/<20120924220606.E0B302388B56@eris.apache.org>,chenpei
Mon Sep 24 22:07:16 2012,http://mail-archives.apache.org/mod_mbox/ctakes-commits/201209.mbox/<20120924220606.E0B302388B56@eris.apache.org>,chenpei
Mon Sep 24 22:07:16 2012,http://mail-archives.apache.org/mod_mbox/ctakes-commits/201209.mbox/<20120924220606.E0B302388B56@eris.apache.org>,chenpei
Mon Sep 24 22:07:16 2012,http://mail-archives.apache.org/mod_mbox/ctakes-commits/201209.mbox/<20120924220606.E0B302388B56@eris.apache.org>,chenpei
Mon Sep 24 22:07:16 2012,http://mail-archives.apache.org/mod_mbox/ctakes-commits/201209.mbox/<20120924220606.E0B302388B56@eris.apache.org>,chenpei
Mon Sep 24 22:07:16 2012,http://mail-archives.apache.org/mod_mbox/ctakes-commits/201209.mbox/<20120924220606.E0B302388B56@eris.apache.org>,chenpei
Mon Sep 24 22:07:16 2012,http://mail-archives.apache.org/mod_mbox/ctakes-commits/201209.mbox/<20120924220606.E0B302388B56@eris.apache.org>,chenpei
Mon Sep 24 22:07:16 2012,http://mail-archives.apache.org/mod_mbox/ctakes-commits/201209.mbox/<20120924220606.E0B302388B56@eris.apache.org>,chenpei
Mon Sep 24 22:07:16 2012,http://mail-archives.apache.org/mod_mbox/ctakes-commits/201209.mbox/<20120924220606.E0B302388B56@eris.apache.org>,chenpei
Mon Sep 24 22:07:16 2012,http://mail-archives.apache.org/mod_mbox/ctakes-commits/201209.mbox/<20120924220606.E0B302388B56@eris.apache.org>,chenpei
Mon Sep 24 22:07:16 2012,http://mail-archives.apache.org/mod_mbox/ctakes-commits/201209.mbox/<20120924220606.E0B302388B56@eris.apache.org>,chenpei
Mon Sep 24 22:07:16 2012,http://mail-archives.apache.org/mod_mbox/ctakes-commits/201209.mbox/<20120924220606.E0B302388B56@eris.apache.org>,chenpei
Mon Sep 24 22:07:16 2012,http://mail-archives.apache.org/mod_mbox/ctakes-commits/201209.mbox/<20120924220606.E0B302388B56@eris.apache.org>,chenpei
Mon Sep 24 22:07:16 2012,http://mail-archives.apache.org/mod_mbox/ctakes-commits/201209.mbox/<20120924220606.E0B302388B56@eris.apache.org>,chenpei
Mon Sep 24 22:07:16 2012,http://mail-archives.apache.org/mod_mbox/ctakes-commits/201209.mbox/<20120924220606.E0B302388B56@eris.apache.org>,chenpei
Mon Sep 24 22:07:16 2012,http://mail-archives.apache.org/mod_mbox/ctakes-commits/201209.mbox/<20120924220606.E0B302388B56@eris.apache.org>,chenpei
Mon Sep 24 22:07:16 2012,http://mail-archives.apache.org/mod_mbox/ctakes-commits/201209.mbox/<20120924220606.E0B302388B56@eris.apache.org>,chenpei
Mon Sep 24 22:07:16 2012,http://mail-archives.apache.org/mod_mbox/ctakes-commits/201209.mbox/<20120924220606.E0B302388B56@eris.apache.org>,chenpei
Mon Sep 24 22:07:16 2012,http://mail-archives.apache.org/mod_mbox/ctakes-commits/201209.mbox/<20120924220606.E0B302388B56@eris.apache.org>,chenpei
Mon Sep 24 22:07:16 2012,http://mail-archives.apache.org/mod_mbox/ctakes-commits/201209.mbox/<20120924220606.E0B302388B56@eris.apache.org>,chenpei
Mon Sep 24 22:07:16 2012,http://mail-archives.apache.org/mod_mbox/ctakes-commits/201209.mbox/<20120924220606.E0B302388B56@eris.apache.org>,chenpei
Mon Sep 24 22:07:16 2012,http://mail-archives.apache.org/mod_mbox/ctakes-commits/201209.mbox/<20120924220606.E0B302388B56@eris.apache.org>,chenpei
Mon Sep 24 22:07:16 2012,http://mail-archives.apache.org/mod_mbox/ctakes-commits/201209.mbox/<20120924220606.E0B302388B56@eris.apache.org>,chenpei
Mon Sep 24 22:07:16 2012,http://mail-archives.apache.org/mod_mbox/ctakes-commits/201209.mbox/<20120924220606.E0B302388B56@eris.apache.org>,chenpei
Mon Sep 24 22:07:16 2012,http://mail-archives.apache.org/mod_mbox/ctakes-commits/201209.mbox/<20120924220606.E0B302388B56@eris.apache.org>,chenpei
Mon Sep 24 22:07:16 2012,http://mail-archives.apache.org/mod_mbox/ctakes-commits/201209.mbox/<20120924220606.E0B302388B56@eris.apache.org>,chenpei
Mon Sep 24 22:07:16 2012,http://mail-archives.apache.org/mod_mbox/ctakes-commits/201209.mbox/<20120924220606.E0B302388B56@eris.apache.org>,chenpei
Mon Sep 24 22:07:16 2012,http://mail-archives.apache.org/mod_mbox/ctakes-commits/201209.mbox/<20120924220606.E0B302388B56@eris.apache.org>,chenpei
Mon Sep 24 22:07:16 2012,http://mail-archives.apache.org/mod_mbox/ctakes-commits/201209.mbox/<20120924220606.E0B302388B56@eris.apache.org>,chenpei
Mon Sep 24 22:07:16 2012,http://mail-archives.apache.org/mod_mbox/ctakes-commits/201209.mbox/<20120924220606.E0B302388B56@eris.apache.org>,chenpei
Mon Sep 24 22:07:16 2012,http://mail-archives.apache.org/mod_mbox/ctakes-commits/201209.mbox/<20120924220606.E0B302388B56@eris.apache.org>,chenpei
Mon Sep 24 22:07:16 2012,http://mail-archives.apache.org/mod_mbox/ctakes-commits/201209.mbox/<20120924220606.E0B302388B56@eris.apache.org>,chenpei
Mon Sep 24 22:07:16 2012,http://mail-archives.apache.org/mod_mbox/ctakes-commits/201209.mbox/<20120924220606.E0B302388B56@eris.apache.org>,chenpei
Mon Sep 24 22:07:16 2012,http://mail-archives.apache.org/mod_mbox/ctakes-commits/201209.mbox/<20120924220606.E0B302388B56@eris.apache.org>,chenpei
Mon Sep 24 22:07:16 2012,http://mail-archives.apache.org/mod_mbox/ctakes-commits/201209.mbox/<20120924220606.E0B302388B56@eris.apache.org>,chenpei
Mon Sep 24 22:07:16 2012,http://mail-archives.apache.org/mod_mbox/ctakes-commits/201209.mbox/<20120924220606.E0B302388B56@eris.apache.org>,chenpei
Mon Sep 24 22:07:16 2012,http://mail-archives.apache.org/mod_mbox/ctakes-commits/201209.mbox/<20120924220606.E0B302388B56@eris.apache.org>,chenpei
Mon Sep 24 22:07:16 2012,http://mail-archives.apache.org/mod_mbox/ctakes-commits/201209.mbox/<20120924220606.E0B302388B56@eris.apache.org>,chenpei
Mon Sep 24 22:07:16 2012,http://mail-archives.apache.org/mod_mbox/ctakes-commits/201209.mbox/<20120924220606.E0B302388B56@eris.apache.org>,chenpei
Mon Sep 24 22:07:16 2012,http://mail-archives.apache.org/mod_mbox/ctakes-commits/201209.mbox/<20120924220606.E0B302388B56@eris.apache.org>,chenpei
Mon Sep 24 22:07:16 2012,http://mail-archives.apache.org/mod_mbox/ctakes-commits/201209.mbox/<20120924220606.E0B302388B56@eris.apache.org>,chenpei
Mon Sep 24 22:07:16 2012,http://mail-archives.apache.org/mod_mbox/ctakes-commits/201209.mbox/<20120924220606.E0B302388B56@eris.apache.org>,chenpei
Mon Sep 24 22:07:16 2012,http://mail-archives.apache.org/mod_mbox/ctakes-commits/201209.mbox/<20120924220606.E0B302388B56@eris.apache.org>,chenpei
Mon Sep 24 22:07:16 2012,http://mail-archives.apache.org/mod_mbox/ctakes-commits/201209.mbox/<20120924220606.E0B302388B56@eris.apache.org>,chenpei
Mon Sep 24 22:07:16 2012,http://mail-archives.apache.org/mod_mbox/ctakes-commits/201209.mbox/<20120924220606.E0B302388B56@eris.apache.org>,chenpei
Mon Sep 24 22:07:16 2012,http://mail-archives.apache.org/mod_mbox/ctakes-commits/201209.mbox/<20120924220606.E0B302388B56@eris.apache.org>,chenpei
Mon Sep 24 22:07:16 2012,http://mail-archives.apache.org/mod_mbox/ctakes-commits/201209.mbox/<20120924220606.E0B302388B56@eris.apache.org>,chenpei
Mon Sep 24 22:07:16 2012,http://mail-archives.apache.org/mod_mbox/ctakes-commits/201209.mbox/<20120924220606.E0B302388B56@eris.apache.org>,chenpei
Mon Sep 24 22:07:16 2012,http://mail-archives.apache.org/mod_mbox/ctakes-commits/201209.mbox/<20120924220606.E0B302388B56@eris.apache.org>,chenpei
Mon Sep 24 22:07:16 2012,http://mail-archives.apache.org/mod_mbox/ctakes-commits/201209.mbox/<20120924220606.E0B302388B56@eris.apache.org>,chenpei
Mon Sep 24 22:07:16 2012,http://mail-archives.apache.org/mod_mbox/ctakes-commits/201209.mbox/<20120924220606.E0B302388B56@eris.apache.org>,chenpei
Mon Sep 24 22:07:16 2012,http://mail-archives.apache.org/mod_mbox/ctakes-commits/201209.mbox/<20120924220606.E0B302388B56@eris.apache.org>,chenpei
Mon Sep 24 22:07:16 2012,http://mail-archives.apache.org/mod_mbox/ctakes-commits/201209.mbox/<20120924220606.E0B302388B56@eris.apache.org>,chenpei
Mon Sep 24 22:07:16 2012,http://mail-archives.apache.org/mod_mbox/ctakes-commits/201209.mbox/<20120924220606.E0B302388B56@eris.apache.org>,chenpei
Mon Sep 24 22:07:16 2012,http://mail-archives.apache.org/mod_mbox/ctakes-commits/201209.mbox/<20120924220606.E0B302388B56@eris.apache.org>,chenpei
Mon Sep 24 22:07:16 2012,http://mail-archives.apache.org/mod_mbox/ctakes-commits/201209.mbox/<20120924220606.E0B302388B56@eris.apache.org>,chenpei
Mon Sep 24 22:07:16 2012,http://mail-archives.apache.org/mod_mbox/ctakes-commits/201209.mbox/<20120924220606.E0B302388B56@eris.apache.org>,chenpei
Mon Sep 24 22:07:16 2012,http://mail-archives.apache.org/mod_mbox/ctakes-commits/201209.mbox/<20120924220606.E0B302388B56@eris.apache.org>,chenpei
Mon Sep 24 22:07:16 2012,http://mail-archives.apache.org/mod_mbox/ctakes-commits/201209.mbox/<20120924220606.E0B302388B56@eris.apache.org>,chenpei
Mon Sep 24 22:07:16 2012,http://mail-archives.apache.org/mod_mbox/ctakes-commits/201209.mbox/<20120924220606.E0B302388B56@eris.apache.org>,chenpei
Mon Sep 24 22:07:16 2012,http://mail-archives.apache.org/mod_mbox/ctakes-commits/201209.mbox/<20120924220606.E0B302388B56@eris.apache.org>,chenpei
Mon Sep 24 22:07:16 2012,http://mail-archives.apache.org/mod_mbox/ctakes-commits/201209.mbox/<20120924220606.E0B302388B56@eris.apache.org>,chenpei
Mon Sep 24 22:07:16 2012,http://mail-archives.apache.org/mod_mbox/ctakes-commits/201209.mbox/<20120924220606.E0B302388B56@eris.apache.org>,chenpei
Mon Sep 24 22:07:16 2012,http://mail-archives.apache.org/mod_mbox/ctakes-commits/201209.mbox/<20120924220606.E0B302388B56@eris.apache.org>,chenpei
Mon Sep 24 22:07:16 2012,http://mail-archives.apache.org/mod_mbox/ctakes-commits/201209.mbox/<20120924220606.E0B302388B56@eris.apache.org>,chenpei
Mon Sep 24 22:07:16 2012,http://mail-archives.apache.org/mod_mbox/ctakes-commits/201209.mbox/<20120924220606.E0B302388B56@eris.apache.org>,chenpei
Mon Sep 24 22:07:16 2012,http://mail-archives.apache.org/mod_mbox/ctakes-commits/201209.mbox/<20120924220606.E0B302388B56@eris.apache.org>,chenpei
Mon Sep 24 22:07:16 2012,http://mail-archives.apache.org/mod_mbox/ctakes-commits/201209.mbox/<20120924220606.E0B302388B56@eris.apache.org>,chenpei
Mon Sep 24 22:07:16 2012,http://mail-archives.apache.org/mod_mbox/ctakes-commits/201209.mbox/<20120924220606.E0B302388B56@eris.apache.org>,chenpei
Mon Sep 24 22:07:16 2012,http://mail-archives.apache.org/mod_mbox/ctakes-commits/201209.mbox/<20120924220606.E0B302388B56@eris.apache.org>,chenpei
Mon Sep 24 22:07:16 2012,http://mail-archives.apache.org/mod_mbox/ctakes-commits/201209.mbox/<20120924220606.E0B302388B56@eris.apache.org>,chenpei
Mon Sep 24 22:07:16 2012,http://mail-archives.apache.org/mod_mbox/ctakes-commits/201209.mbox/<20120924220606.E0B302388B56@eris.apache.org>,chenpei
Mon Sep 24 22:07:16 2012,http://mail-archives.apache.org/mod_mbox/ctakes-commits/201209.mbox/<20120924220606.E0B302388B56@eris.apache.org>,chenpei
Mon Sep 24 22:07:16 2012,http://mail-archives.apache.org/mod_mbox/ctakes-commits/201209.mbox/<20120924220606.E0B302388B56@eris.apache.org>,chenpei
Mon Sep 24 22:07:16 2012,http://mail-archives.apache.org/mod_mbox/ctakes-commits/201209.mbox/<20120924220606.E0B302388B56@eris.apache.org>,chenpei
Mon Sep 24 22:07:16 2012,http://mail-archives.apache.org/mod_mbox/ctakes-commits/201209.mbox/<20120924220606.E0B302388B56@eris.apache.org>,chenpei
Mon Sep 24 22:07:16 2012,http://mail-archives.apache.org/mod_mbox/ctakes-commits/201209.mbox/<20120924220606.E0B302388B56@eris.apache.org>,chenpei
Mon Sep 24 22:07:16 2012,http://mail-archives.apache.org/mod_mbox/ctakes-commits/201209.mbox/<20120924220606.E0B302388B56@eris.apache.org>,chenpei
Mon Sep 24 22:07:16 2012,http://mail-archives.apache.org/mod_mbox/ctakes-commits/201209.mbox/<20120924220606.E0B302388B56@eris.apache.org>,chenpei
Mon Sep 24 22:07:16 2012,http://mail-archives.apache.org/mod_mbox/ctakes-commits/201209.mbox/<20120924220606.E0B302388B56@eris.apache.org>,chenpei
Mon Sep 24 22:07:16 2012,http://mail-archives.apache.org/mod_mbox/ctakes-commits/201209.mbox/<20120924220606.E0B302388B56@eris.apache.org>,chenpei
Mon Sep 24 22:07:16 2012,http://mail-archives.apache.org/mod_mbox/ctakes-commits/201209.mbox/<20120924220606.E0B302388B56@eris.apache.org>,chenpei
Mon Sep 24 22:07:16 2012,http://mail-archives.apache.org/mod_mbox/ctakes-commits/201209.mbox/<20120924220606.E0B302388B56@eris.apache.org>,chenpei
Mon Sep 24 22:07:16 2012,http://mail-archives.apache.org/mod_mbox/ctakes-commits/201209.mbox/<20120924220606.E0B302388B56@eris.apache.org>,chenpei
Mon Sep 24 22:07:16 2012,http://mail-archives.apache.org/mod_mbox/ctakes-commits/201209.mbox/<20120924220606.E0B302388B56@eris.apache.org>,chenpei
Mon Sep 24 22:07:16 2012,http://mail-archives.apache.org/mod_mbox/ctakes-commits/201209.mbox/<20120924220606.E0B302388B56@eris.apache.org>,chenpei
Mon Sep 24 22:07:16 2012,http://mail-archives.apache.org/mod_mbox/ctakes-commits/201209.mbox/<20120924220606.E0B302388B56@eris.apache.org>,chenpei
Mon Sep 24 22:07:16 2012,http://mail-archives.apache.org/mod_mbox/ctakes-commits/201209.mbox/<20120924220606.E0B302388B56@eris.apache.org>,chenpei
Mon Sep 24 22:07:16 2012,http://mail-archives.apache.org/mod_mbox/ctakes-commits/201209.mbox/<20120924220606.E0B302388B56@eris.apache.org>,chenpei
Mon Sep 24 22:07:16 2012,http://mail-archives.apache.org/mod_mbox/ctakes-commits/201209.mbox/<20120924220606.E0B302388B56@eris.apache.org>,chenpei
Mon Sep 24 22:07:16 2012,http://mail-archives.apache.org/mod_mbox/ctakes-commits/201209.mbox/<20120924220606.E0B302388B56@eris.apache.org>,chenpei
Mon Sep 24 22:07:16 2012,http://mail-archives.apache.org/mod_mbox/ctakes-commits/201209.mbox/<20120924220606.E0B302388B56@eris.apache.org>,chenpei
Mon Sep 24 22:07:16 2012,http://mail-archives.apache.org/mod_mbox/ctakes-commits/201209.mbox/<20120924220606.E0B302388B56@eris.apache.org>,chenpei
Mon Sep 24 22:07:16 2012,http://mail-archives.apache.org/mod_mbox/ctakes-commits/201209.mbox/<20120924220606.E0B302388B56@eris.apache.org>,chenpei
Mon Sep 24 22:07:16 2012,http://mail-archives.apache.org/mod_mbox/ctakes-commits/201209.mbox/<20120924220606.E0B302388B56@eris.apache.org>,chenpei
Mon Sep 24 22:07:16 2012,http://mail-archives.apache.org/mod_mbox/ctakes-commits/201209.mbox/<20120924220606.E0B302388B56@eris.apache.org>,chenpei
Mon Sep 24 22:07:16 2012,http://mail-archives.apache.org/mod_mbox/ctakes-commits/201209.mbox/<20120924220606.E0B302388B56@eris.apache.org>,chenpei
Mon Sep 24 22:07:16 2012,http://mail-archives.apache.org/mod_mbox/ctakes-commits/201209.mbox/<20120924220606.E0B302388B56@eris.apache.org>,chenpei
Mon Sep 24 22:07:16 2012,http://mail-archives.apache.org/mod_mbox/ctakes-commits/201209.mbox/<20120924220606.E0B302388B56@eris.apache.org>,chenpei
Mon Sep 24 22:07:16 2012,http://mail-archives.apache.org/mod_mbox/ctakes-commits/201209.mbox/<20120924220606.E0B302388B56@eris.apache.org>,chenpei
Mon Sep 24 22:07:16 2012,http://mail-archives.apache.org/mod_mbox/ctakes-commits/201209.mbox/<20120924220606.E0B302388B56@eris.apache.org>,chenpei
Mon Sep 24 22:07:16 2012,http://mail-archives.apache.org/mod_mbox/ctakes-commits/201209.mbox/<20120924220606.E0B302388B56@eris.apache.org>,chenpei
Mon Sep 24 22:07:16 2012,http://mail-archives.apache.org/mod_mbox/ctakes-commits/201209.mbox/<20120924220606.E0B302388B56@eris.apache.org>,chenpei
Mon Sep 24 22:07:16 2012,http://mail-archives.apache.org/mod_mbox/ctakes-commits/201209.mbox/<20120924220606.E0B302388B56@eris.apache.org>,chenpei
Mon Sep 24 22:07:16 2012,http://mail-archives.apache.org/mod_mbox/ctakes-commits/201209.mbox/<20120924220606.E0B302388B56@eris.apache.org>,chenpei
Mon Sep 24 22:07:16 2012,http://mail-archives.apache.org/mod_mbox/ctakes-commits/201209.mbox/<20120924220606.E0B302388B56@eris.apache.org>,chenpei
Mon Sep 24 22:07:16 2012,http://mail-archives.apache.org/mod_mbox/ctakes-commits/201209.mbox/<20120924220606.E0B302388B56@eris.apache.org>,chenpei
Mon Sep 24 22:07:16 2012,http://mail-archives.apache.org/mod_mbox/ctakes-commits/201209.mbox/<20120924220606.E0B302388B56@eris.apache.org>,chenpei
Mon Sep 24 22:07:16 2012,http://mail-archives.apache.org/mod_mbox/ctakes-commits/201209.mbox/<20120924220606.E0B302388B56@eris.apache.org>,chenpei
Mon Sep 24 22:07:16 2012,http://mail-archives.apache.org/mod_mbox/ctakes-commits/201209.mbox/<20120924220606.E0B302388B56@eris.apache.org>,chenpei
Mon Sep 24 22:07:16 2012,http://mail-archives.apache.org/mod_mbox/ctakes-commits/201209.mbox/<20120924220606.E0B302388B56@eris.apache.org>,chenpei
Mon Sep 24 22:07:16 2012,http://mail-archives.apache.org/mod_mbox/ctakes-commits/201209.mbox/<20120924220606.E0B302388B56@eris.apache.org>,chenpei
Mon Sep 24 22:07:16 2012,http://mail-archives.apache.org/mod_mbox/ctakes-commits/201209.mbox/<20120924220606.E0B302388B56@eris.apache.org>,chenpei
Mon Sep 24 22:07:16 2012,http://mail-archives.apache.org/mod_mbox/ctakes-commits/201209.mbox/<20120924220606.E0B302388B56@eris.apache.org>,chenpei
Mon Sep 24 22:07:16 2012,http://mail-archives.apache.org/mod_mbox/ctakes-commits/201209.mbox/<20120924220606.E0B302388B56@eris.apache.org>,chenpei
Mon Sep 24 22:07:16 2012,http://mail-archives.apache.org/mod_mbox/ctakes-commits/201209.mbox/<20120924220606.E0B302388B56@eris.apache.org>,chenpei
Mon Sep 24 22:07:16 2012,http://mail-archives.apache.org/mod_mbox/ctakes-commits/201209.mbox/<20120924220606.E0B302388B56@eris.apache.org>,chenpei
Mon Sep 24 22:07:16 2012,http://mail-archives.apache.org/mod_mbox/ctakes-commits/201209.mbox/<20120924220606.E0B302388B56@eris.apache.org>,chenpei
Mon Sep 24 22:07:16 2012,http://mail-archives.apache.org/mod_mbox/ctakes-commits/201209.mbox/<20120924220606.E0B302388B56@eris.apache.org>,chenpei
Mon Sep 24 22:07:16 2012,http://mail-archives.apache.org/mod_mbox/ctakes-commits/201209.mbox/<20120924220606.E0B302388B56@eris.apache.org>,chenpei
Mon Sep 24 22:07:16 2012,http://mail-archives.apache.org/mod_mbox/ctakes-commits/201209.mbox/<20120924220606.E0B302388B56@eris.apache.org>,chenpei
Mon Sep 24 22:07:16 2012,http://mail-archives.apache.org/mod_mbox/ctakes-commits/201209.mbox/<20120924220606.E0B302388B56@eris.apache.org>,chenpei
Mon Sep 24 22:07:16 2012,http://mail-archives.apache.org/mod_mbox/ctakes-commits/201209.mbox/<20120924220606.E0B302388B56@eris.apache.org>,chenpei
Mon Sep 24 22:07:16 2012,http://mail-archives.apache.org/mod_mbox/ctakes-commits/201209.mbox/<20120924220606.E0B302388B56@eris.apache.org>,chenpei
Mon Sep 24 22:07:16 2012,http://mail-archives.apache.org/mod_mbox/ctakes-commits/201209.mbox/<20120924220606.E0B302388B56@eris.apache.org>,chenpei
Mon Sep 24 22:07:16 2012,http://mail-archives.apache.org/mod_mbox/ctakes-commits/201209.mbox/<20120924220606.E0B302388B56@eris.apache.org>,chenpei
Mon Sep 24 22:07:16 2012,http://mail-archives.apache.org/mod_mbox/ctakes-commits/201209.mbox/<20120924220606.E0B302388B56@eris.apache.org>,chenpei
Mon Sep 24 22:07:16 2012,http://mail-archives.apache.org/mod_mbox/ctakes-commits/201209.mbox/<20120924220606.E0B302388B56@eris.apache.org>,chenpei
Mon Sep 24 22:07:16 2012,http://mail-archives.apache.org/mod_mbox/ctakes-commits/201209.mbox/<20120924220606.E0B302388B56@eris.apache.org>,chenpei
Mon Sep 24 22:07:16 2012,http://mail-archives.apache.org/mod_mbox/ctakes-commits/201209.mbox/<20120924220606.E0B302388B56@eris.apache.org>,chenpei
Mon Sep 24 22:07:16 2012,http://mail-archives.apache.org/mod_mbox/ctakes-commits/201209.mbox/<20120924220606.E0B302388B56@eris.apache.org>,chenpei
Mon Sep 24 22:07:16 2012,http://mail-archives.apache.org/mod_mbox/ctakes-commits/201209.mbox/<20120924220606.E0B302388B56@eris.apache.org>,chenpei
Mon Sep 24 22:07:16 2012,http://mail-archives.apache.org/mod_mbox/ctakes-commits/201209.mbox/<20120924220606.E0B302388B56@eris.apache.org>,chenpei
Mon Sep 24 22:07:16 2012,http://mail-archives.apache.org/mod_mbox/ctakes-commits/201209.mbox/<20120924220606.E0B302388B56@eris.apache.org>,chenpei
Mon Sep 24 22:07:16 2012,http://mail-archives.apache.org/mod_mbox/ctakes-commits/201209.mbox/<20120924220606.E0B302388B56@eris.apache.org>,chenpei
Mon Sep 24 22:07:16 2012,http://mail-archives.apache.org/mod_mbox/ctakes-commits/201209.mbox/<20120924220606.E0B302388B56@eris.apache.org>,chenpei
Mon Sep 24 22:07:16 2012,http://mail-archives.apache.org/mod_mbox/ctakes-commits/201209.mbox/<20120924220606.E0B302388B56@eris.apache.org>,chenpei
Mon Sep 24 22:07:16 2012,http://mail-archives.apache.org/mod_mbox/ctakes-commits/201209.mbox/<20120924220606.E0B302388B56@eris.apache.org>,chenpei
Mon Sep 24 22:07:16 2012,http://mail-archives.apache.org/mod_mbox/ctakes-commits/201209.mbox/<20120924220606.E0B302388B56@eris.apache.org>,chenpei
Mon Sep 24 22:07:16 2012,http://mail-archives.apache.org/mod_mbox/ctakes-commits/201209.mbox/<20120924220606.E0B302388B56@eris.apache.org>,chenpei
Mon Sep 24 22:07:16 2012,http://mail-archives.apache.org/mod_mbox/ctakes-commits/201209.mbox/<20120924220606.E0B302388B56@eris.apache.org>,chenpei
Mon Sep 24 22:07:16 2012,http://mail-archives.apache.org/mod_mbox/ctakes-commits/201209.mbox/<20120924220606.E0B302388B56@eris.apache.org>,chenpei
Mon Sep 24 22:07:16 2012,http://mail-archives.apache.org/mod_mbox/ctakes-commits/201209.mbox/<20120924220606.E0B302388B56@eris.apache.org>,chenpei
Mon Sep 24 22:07:16 2012,http://mail-archives.apache.org/mod_mbox/ctakes-commits/201209.mbox/<20120924220606.E0B302388B56@eris.apache.org>,chenpei
Mon Sep 24 22:07:16 2012,http://mail-archives.apache.org/mod_mbox/ctakes-commits/201209.mbox/<20120924220606.E0B302388B56@eris.apache.org>,chenpei
Mon Sep 24 22:07:16 2012,http://mail-archives.apache.org/mod_mbox/ctakes-commits/201209.mbox/<20120924220606.E0B302388B56@eris.apache.org>,chenpei
Mon Sep 24 22:07:16 2012,http://mail-archives.apache.org/mod_mbox/ctakes-commits/201209.mbox/<20120924220606.E0B302388B56@eris.apache.org>,chenpei
Mon Sep 24 22:07:16 2012,http://mail-archives.apache.org/mod_mbox/ctakes-commits/201209.mbox/<20120924220606.E0B302388B56@eris.apache.org>,chenpei
Mon Sep 24 22:07:16 2012,http://mail-archives.apache.org/mod_mbox/ctakes-commits/201209.mbox/<20120924220606.E0B302388B56@eris.apache.org>,chenpei
Mon Sep 24 22:07:16 2012,http://mail-archives.apache.org/mod_mbox/ctakes-commits/201209.mbox/<20120924220606.E0B302388B56@eris.apache.org>,chenpei
Mon Sep 24 22:07:16 2012,http://mail-archives.apache.org/mod_mbox/ctakes-commits/201209.mbox/<20120924220606.E0B302388B56@eris.apache.org>,chenpei
Mon Sep 24 22:07:16 2012,http://mail-archives.apache.org/mod_mbox/ctakes-commits/201209.mbox/<20120924220606.E0B302388B56@eris.apache.org>,chenpei
Mon Sep 24 22:07:16 2012,http://mail-archives.apache.org/mod_mbox/ctakes-commits/201209.mbox/<20120924220606.E0B302388B56@eris.apache.org>,chenpei
Mon Sep 24 22:07:16 2012,http://mail-archives.apache.org/mod_mbox/ctakes-commits/201209.mbox/<20120924220606.E0B302388B56@eris.apache.org>,chenpei
Mon Sep 24 22:07:16 2012,http://mail-archives.apache.org/mod_mbox/ctakes-commits/201209.mbox/<20120924220606.E0B302388B56@eris.apache.org>,chenpei
Mon Sep 24 22:07:16 2012,http://mail-archives.apache.org/mod_mbox/ctakes-commits/201209.mbox/<20120924220606.E0B302388B56@eris.apache.org>,chenpei
Mon Sep 24 22:07:16 2012,http://mail-archives.apache.org/mod_mbox/ctakes-commits/201209.mbox/<20120924220606.E0B302388B56@eris.apache.org>,chenpei
Mon Sep 24 22:07:16 2012,http://mail-archives.apache.org/mod_mbox/ctakes-commits/201209.mbox/<20120924220606.E0B302388B56@eris.apache.org>,chenpei
Mon Sep 24 22:07:16 2012,http://mail-archives.apache.org/mod_mbox/ctakes-commits/201209.mbox/<20120924220606.E0B302388B56@eris.apache.org>,chenpei
Mon Sep 24 22:07:16 2012,http://mail-archives.apache.org/mod_mbox/ctakes-commits/201209.mbox/<20120924220606.E0B302388B56@eris.apache.org>,chenpei
Mon Sep 24 22:07:16 2012,http://mail-archives.apache.org/mod_mbox/ctakes-commits/201209.mbox/<20120924220606.E0B302388B56@eris.apache.org>,chenpei
Mon Sep 24 22:07:16 2012,http://mail-archives.apache.org/mod_mbox/ctakes-commits/201209.mbox/<20120924220606.E0B302388B56@eris.apache.org>,chenpei
Mon Sep 24 22:07:16 2012,http://mail-archives.apache.org/mod_mbox/ctakes-commits/201209.mbox/<20120924220606.E0B302388B56@eris.apache.org>,chenpei
Mon Sep 24 22:07:16 2012,http://mail-archives.apache.org/mod_mbox/ctakes-commits/201209.mbox/<20120924220606.E0B302388B56@eris.apache.org>,chenpei
Mon Sep 24 22:07:16 2012,http://mail-archives.apache.org/mod_mbox/ctakes-commits/201209.mbox/<20120924220606.E0B302388B56@eris.apache.org>,chenpei
Mon Sep 24 22:07:16 2012,http://mail-archives.apache.org/mod_mbox/ctakes-commits/201209.mbox/<20120924220606.E0B302388B56@eris.apache.org>,chenpei
Mon Sep 24 22:07:16 2012,http://mail-archives.apache.org/mod_mbox/ctakes-commits/201209.mbox/<20120924220606.E0B302388B56@eris.apache.org>,chenpei
Mon Sep 24 22:07:16 2012,http://mail-archives.apache.org/mod_mbox/ctakes-commits/201209.mbox/<20120924220606.E0B302388B56@eris.apache.org>,chenpei
Mon Sep 24 22:07:16 2012,http://mail-archives.apache.org/mod_mbox/ctakes-commits/201209.mbox/<20120924220606.E0B302388B56@eris.apache.org>,chenpei
Mon Sep 24 22:07:16 2012,http://mail-archives.apache.org/mod_mbox/ctakes-commits/201209.mbox/<20120924220606.E0B302388B56@eris.apache.org>,chenpei
Mon Sep 24 22:07:16 2012,http://mail-archives.apache.org/mod_mbox/ctakes-commits/201209.mbox/<20120924220606.E0B302388B56@eris.apache.org>,chenpei
Mon Sep 24 22:07:16 2012,http://mail-archives.apache.org/mod_mbox/ctakes-commits/201209.mbox/<20120924220606.E0B302388B56@eris.apache.org>,chenpei
Mon Sep 24 22:07:16 2012,http://mail-archives.apache.org/mod_mbox/ctakes-commits/201209.mbox/<20120924220606.E0B302388B56@eris.apache.org>,chenpei
Mon Sep 24 22:07:16 2012,http://mail-archives.apache.org/mod_mbox/ctakes-commits/201209.mbox/<20120924220606.E0B302388B56@eris.apache.org>,chenpei
Mon Sep 24 22:07:16 2012,http://mail-archives.apache.org/mod_mbox/ctakes-commits/201209.mbox/<20120924220606.E0B302388B56@eris.apache.org>,chenpei
Mon Sep 24 22:07:16 2012,http://mail-archives.apache.org/mod_mbox/ctakes-commits/201209.mbox/<20120924220606.E0B302388B56@eris.apache.org>,chenpei
Mon Sep 24 22:07:16 2012,http://mail-archives.apache.org/mod_mbox/ctakes-commits/201209.mbox/<20120924220606.E0B302388B56@eris.apache.org>,chenpei
Mon Sep 24 22:07:16 2012,http://mail-archives.apache.org/mod_mbox/ctakes-commits/201209.mbox/<20120924220606.E0B302388B56@eris.apache.org>,chenpei
Mon Sep 24 22:07:16 2012,http://mail-archives.apache.org/mod_mbox/ctakes-commits/201209.mbox/<20120924220606.E0B302388B56@eris.apache.org>,chenpei
Mon Sep 24 22:07:16 2012,http://mail-archives.apache.org/mod_mbox/ctakes-commits/201209.mbox/<20120924220606.E0B302388B56@eris.apache.org>,chenpei
Mon Sep 24 22:07:16 2012,http://mail-archives.apache.org/mod_mbox/ctakes-commits/201209.mbox/<20120924220606.E0B302388B56@eris.apache.org>,chenpei
Mon Sep 24 22:07:16 2012,http://mail-archives.apache.org/mod_mbox/ctakes-commits/201209.mbox/<20120924220606.E0B302388B56@eris.apache.org>,chenpei
Mon Sep 24 22:07:16 2012,http://mail-archives.apache.org/mod_mbox/ctakes-commits/201209.mbox/<20120924220606.E0B302388B56@eris.apache.org>,chenpei
Mon Sep 24 22:07:16 2012,http://mail-archives.apache.org/mod_mbox/ctakes-commits/201209.mbox/<20120924220606.E0B302388B56@eris.apache.org>,chenpei
Mon Sep 24 22:07:16 2012,http://mail-archives.apache.org/mod_mbox/ctakes-commits/201209.mbox/<20120924220606.E0B302388B56@eris.apache.org>,chenpei
Mon Sep 24 22:07:16 2012,http://mail-archives.apache.org/mod_mbox/ctakes-commits/201209.mbox/<20120924220606.E0B302388B56@eris.apache.org>,chenpei
Mon Sep 24 22:07:16 2012,http://mail-archives.apache.org/mod_mbox/ctakes-commits/201209.mbox/<20120924220606.E0B302388B56@eris.apache.org>,chenpei
Mon Sep 24 22:07:16 2012,http://mail-archives.apache.org/mod_mbox/ctakes-commits/201209.mbox/<20120924220606.E0B302388B56@eris.apache.org>,chenpei
Mon Sep 24 22:07:16 2012,http://mail-archives.apache.org/mod_mbox/ctakes-commits/201209.mbox/<20120924220606.E0B302388B56@eris.apache.org>,chenpei
Mon Sep 24 22:07:16 2012,http://mail-archives.apache.org/mod_mbox/ctakes-commits/201209.mbox/<20120924220606.E0B302388B56@eris.apache.org>,chenpei
Mon Sep 24 22:07:16 2012,http://mail-archives.apache.org/mod_mbox/ctakes-commits/201209.mbox/<20120924220606.E0B302388B56@eris.apache.org>,chenpei
Mon Sep 24 22:07:16 2012,http://mail-archives.apache.org/mod_mbox/ctakes-commits/201209.mbox/<20120924220606.E0B302388B56@eris.apache.org>,chenpei
Mon Sep 24 22:07:16 2012,http://mail-archives.apache.org/mod_mbox/ctakes-commits/201209.mbox/<20120924220606.E0B302388B56@eris.apache.org>,chenpei
Mon Sep 24 22:07:16 2012,http://mail-archives.apache.org/mod_mbox/ctakes-commits/201209.mbox/<20120924220606.E0B302388B56@eris.apache.org>,chenpei
Mon Sep 24 22:07:16 2012,http://mail-archives.apache.org/mod_mbox/ctakes-commits/201209.mbox/<20120924220606.E0B302388B56@eris.apache.org>,chenpei
Mon Sep 24 22:07:16 2012,http://mail-archives.apache.org/mod_mbox/ctakes-commits/201209.mbox/<20120924220606.E0B302388B56@eris.apache.org>,chenpei
Mon Sep 24 22:07:16 2012,http://mail-archives.apache.org/mod_mbox/ctakes-commits/201209.mbox/<20120924220606.E0B302388B56@eris.apache.org>,chenpei
Mon Sep 24 22:07:16 2012,http://mail-archives.apache.org/mod_mbox/ctakes-commits/201209.mbox/<20120924220606.E0B302388B56@eris.apache.org>,chenpei
Mon Sep 24 22:07:16 2012,http://mail-archives.apache.org/mod_mbox/ctakes-commits/201209.mbox/<20120924220606.E0B302388B56@eris.apache.org>,chenpei
Mon Sep 24 22:07:16 2012,http://mail-archives.apache.org/mod_mbox/ctakes-commits/201209.mbox/<20120924220606.E0B302388B56@eris.apache.org>,chenpei
Mon Sep 24 22:07:16 2012,http://mail-archives.apache.org/mod_mbox/ctakes-commits/201209.mbox/<20120924220606.E0B302388B56@eris.apache.org>,chenpei
Mon Sep 24 22:07:16 2012,http://mail-archives.apache.org/mod_mbox/ctakes-commits/201209.mbox/<20120924220606.E0B302388B56@eris.apache.org>,chenpei
Mon Sep 24 22:07:16 2012,http://mail-archives.apache.org/mod_mbox/ctakes-commits/201209.mbox/<20120924220606.E0B302388B56@eris.apache.org>,chenpei
Mon Sep 24 22:07:16 2012,http://mail-archives.apache.org/mod_mbox/ctakes-commits/201209.mbox/<20120924220606.E0B302388B56@eris.apache.org>,chenpei
Mon Sep 24 22:07:16 2012,http://mail-archives.apache.org/mod_mbox/ctakes-commits/201209.mbox/<20120924220606.E0B302388B56@eris.apache.org>,chenpei
Mon Sep 24 22:07:16 2012,http://mail-archives.apache.org/mod_mbox/ctakes-commits/201209.mbox/<20120924220606.E0B302388B56@eris.apache.org>,chenpei
Mon Sep 24 22:07:16 2012,http://mail-archives.apache.org/mod_mbox/ctakes-commits/201209.mbox/<20120924220606.E0B302388B56@eris.apache.org>,chenpei
Mon Sep 24 22:07:16 2012,http://mail-archives.apache.org/mod_mbox/ctakes-commits/201209.mbox/<20120924220606.E0B302388B56@eris.apache.org>,chenpei
Mon Sep 24 22:07:16 2012,http://mail-archives.apache.org/mod_mbox/ctakes-commits/201209.mbox/<20120924220606.E0B302388B56@eris.apache.org>,chenpei
Mon Sep 24 22:07:16 2012,http://mail-archives.apache.org/mod_mbox/ctakes-commits/201209.mbox/<20120924220606.E0B302388B56@eris.apache.org>,chenpei
Mon Sep 24 22:07:16 2012,http://mail-archives.apache.org/mod_mbox/ctakes-commits/201209.mbox/<20120924220606.E0B302388B56@eris.apache.org>,chenpei
Mon Sep 24 22:07:16 2012,http://mail-archives.apache.org/mod_mbox/ctakes-commits/201209.mbox/<20120924220606.E0B302388B56@eris.apache.org>,chenpei
Mon Sep 24 22:07:16 2012,http://mail-archives.apache.org/mod_mbox/ctakes-commits/201209.mbox/<20120924220606.E0B302388B56@eris.apache.org>,chenpei
Mon Sep 24 22:07:16 2012,http://mail-archives.apache.org/mod_mbox/ctakes-commits/201209.mbox/<20120924220606.E0B302388B56@eris.apache.org>,chenpei
Mon Sep 24 22:07:16 2012,http://mail-archives.apache.org/mod_mbox/ctakes-commits/201209.mbox/<20120924220606.E0B302388B56@eris.apache.org>,chenpei
Mon Sep 24 22:07:16 2012,http://mail-archives.apache.org/mod_mbox/ctakes-commits/201209.mbox/<20120924220606.E0B302388B56@eris.apache.org>,chenpei
Mon Sep 24 22:07:16 2012,http://mail-archives.apache.org/mod_mbox/ctakes-commits/201209.mbox/<20120924220606.E0B302388B56@eris.apache.org>,chenpei
Mon Sep 24 22:07:16 2012,http://mail-archives.apache.org/mod_mbox/ctakes-commits/201209.mbox/<20120924220606.E0B302388B56@eris.apache.org>,chenpei
Mon Sep 24 22:07:16 2012,http://mail-archives.apache.org/mod_mbox/ctakes-commits/201209.mbox/<20120924220606.E0B302388B56@eris.apache.org>,chenpei
Mon Sep 24 22:07:16 2012,http://mail-archives.apache.org/mod_mbox/ctakes-commits/201209.mbox/<20120924220606.E0B302388B56@eris.apache.org>,chenpei
Mon Sep 24 22:07:16 2012,http://mail-archives.apache.org/mod_mbox/ctakes-commits/201209.mbox/<20120924220606.E0B302388B56@eris.apache.org>,chenpei
Mon Sep 24 22:07:16 2012,http://mail-archives.apache.org/mod_mbox/ctakes-commits/201209.mbox/<20120924220606.E0B302388B56@eris.apache.org>,chenpei
Mon Sep 24 22:07:16 2012,http://mail-archives.apache.org/mod_mbox/ctakes-commits/201209.mbox/<20120924220606.E0B302388B56@eris.apache.org>,chenpei
Mon Sep 24 22:07:16 2012,http://mail-archives.apache.org/mod_mbox/ctakes-commits/201209.mbox/<20120924220606.E0B302388B56@eris.apache.org>,chenpei
Mon Sep 24 22:07:16 2012,http://mail-archives.apache.org/mod_mbox/ctakes-commits/201209.mbox/<20120924220606.E0B302388B56@eris.apache.org>,chenpei
Mon Sep 24 22:07:16 2012,http://mail-archives.apache.org/mod_mbox/ctakes-commits/201209.mbox/<20120924220606.E0B302388B56@eris.apache.org>,chenpei
Mon Sep 24 22:07:16 2012,http://mail-archives.apache.org/mod_mbox/ctakes-commits/201209.mbox/<20120924220606.E0B302388B56@eris.apache.org>,chenpei
Mon Sep 24 22:07:16 2012,http://mail-archives.apache.org/mod_mbox/ctakes-commits/201209.mbox/<20120924220606.E0B302388B56@eris.apache.org>,chenpei
Mon Sep 24 22:07:16 2012,http://mail-archives.apache.org/mod_mbox/ctakes-commits/201209.mbox/<20120924220606.E0B302388B56@eris.apache.org>,chenpei
Mon Sep 24 22:07:16 2012,http://mail-archives.apache.org/mod_mbox/ctakes-commits/201209.mbox/<20120924220606.E0B302388B56@eris.apache.org>,chenpei
Mon Sep 24 22:07:16 2012,http://mail-archives.apache.org/mod_mbox/ctakes-commits/201209.mbox/<20120924220606.E0B302388B56@eris.apache.org>,chenpei
Mon Sep 24 22:07:16 2012,http://mail-archives.apache.org/mod_mbox/ctakes-commits/201209.mbox/<20120924220606.E0B302388B56@eris.apache.org>,chenpei
Mon Sep 24 22:07:16 2012,http://mail-archives.apache.org/mod_mbox/ctakes-commits/201209.mbox/<20120924220606.E0B302388B56@eris.apache.org>,chenpei
Mon Sep 24 22:07:16 2012,http://mail-archives.apache.org/mod_mbox/ctakes-commits/201209.mbox/<20120924220606.E0B302388B56@eris.apache.org>,chenpei
Mon Sep 24 22:07:16 2012,http://mail-archives.apache.org/mod_mbox/ctakes-commits/201209.mbox/<20120924220606.E0B302388B56@eris.apache.org>,chenpei
Mon Sep 24 22:07:16 2012,http://mail-archives.apache.org/mod_mbox/ctakes-commits/201209.mbox/<20120924220606.E0B302388B56@eris.apache.org>,chenpei
Mon Sep 24 22:07:16 2012,http://mail-archives.apache.org/mod_mbox/ctakes-commits/201209.mbox/<20120924220606.E0B302388B56@eris.apache.org>,chenpei
Mon Sep 24 22:07:16 2012,http://mail-archives.apache.org/mod_mbox/ctakes-commits/201209.mbox/<20120924220606.E0B302388B56@eris.apache.org>,chenpei
Mon Sep 24 22:07:16 2012,http://mail-archives.apache.org/mod_mbox/ctakes-commits/201209.mbox/<20120924220606.E0B302388B56@eris.apache.org>,chenpei
Mon Sep 24 22:07:16 2012,http://mail-archives.apache.org/mod_mbox/ctakes-commits/201209.mbox/<20120924220606.E0B302388B56@eris.apache.org>,chenpei
Mon Sep 24 22:07:16 2012,http://mail-archives.apache.org/mod_mbox/ctakes-commits/201209.mbox/<20120924220606.E0B302388B56@eris.apache.org>,chenpei
Mon Sep 24 22:07:16 2012,http://mail-archives.apache.org/mod_mbox/ctakes-commits/201209.mbox/<20120924220606.E0B302388B56@eris.apache.org>,chenpei
Mon Sep 24 22:07:16 2012,http://mail-archives.apache.org/mod_mbox/ctakes-commits/201209.mbox/<20120924220606.E0B302388B56@eris.apache.org>,chenpei
Mon Sep 24 22:07:16 2012,http://mail-archives.apache.org/mod_mbox/ctakes-commits/201209.mbox/<20120924220606.E0B302388B56@eris.apache.org>,chenpei
Mon Sep 24 22:07:16 2012,http://mail-archives.apache.org/mod_mbox/ctakes-commits/201209.mbox/<20120924220606.E0B302388B56@eris.apache.org>,chenpei
Mon Sep 24 22:07:16 2012,http://mail-archives.apache.org/mod_mbox/ctakes-commits/201209.mbox/<20120924220606.E0B302388B56@eris.apache.org>,chenpei
Mon Sep 24 22:07:16 2012,http://mail-archives.apache.org/mod_mbox/ctakes-commits/201209.mbox/<20120924220606.E0B302388B56@eris.apache.org>,chenpei
Mon Sep 24 22:07:16 2012,http://mail-archives.apache.org/mod_mbox/ctakes-commits/201209.mbox/<20120924220606.E0B302388B56@eris.apache.org>,chenpei
Mon Sep 24 22:07:16 2012,http://mail-archives.apache.org/mod_mbox/ctakes-commits/201209.mbox/<20120924220606.E0B302388B56@eris.apache.org>,chenpei
Mon Sep 24 22:07:16 2012,http://mail-archives.apache.org/mod_mbox/ctakes-commits/201209.mbox/<20120924220606.E0B302388B56@eris.apache.org>,chenpei
Mon Sep 24 22:07:16 2012,http://mail-archives.apache.org/mod_mbox/ctakes-commits/201209.mbox/<20120924220606.E0B302388B56@eris.apache.org>,chenpei
Mon Sep 24 22:07:16 2012,http://mail-archives.apache.org/mod_mbox/ctakes-commits/201209.mbox/<20120924220606.E0B302388B56@eris.apache.org>,chenpei
Mon Sep 24 22:07:16 2012,http://mail-archives.apache.org/mod_mbox/ctakes-commits/201209.mbox/<20120924220606.E0B302388B56@eris.apache.org>,chenpei
Mon Sep 24 22:07:16 2012,http://mail-archives.apache.org/mod_mbox/ctakes-commits/201209.mbox/<20120924220606.E0B302388B56@eris.apache.org>,chenpei
Mon Sep 24 22:07:16 2012,http://mail-archives.apache.org/mod_mbox/ctakes-commits/201209.mbox/<20120924220606.E0B302388B56@eris.apache.org>,chenpei
Mon Sep 24 22:07:16 2012,http://mail-archives.apache.org/mod_mbox/ctakes-commits/201209.mbox/<20120924220606.E0B302388B56@eris.apache.org>,chenpei
Mon Sep 24 22:07:16 2012,http://mail-archives.apache.org/mod_mbox/ctakes-commits/201209.mbox/<20120924220606.E0B302388B56@eris.apache.org>,chenpei
Mon Sep 24 22:07:16 2012,http://mail-archives.apache.org/mod_mbox/ctakes-commits/201209.mbox/<20120924220606.E0B302388B56@eris.apache.org>,chenpei
Mon Sep 24 22:07:16 2012,http://mail-archives.apache.org/mod_mbox/ctakes-commits/201209.mbox/<20120924220606.E0B302388B56@eris.apache.org>,chenpei
Mon Sep 24 22:07:16 2012,http://mail-archives.apache.org/mod_mbox/ctakes-commits/201209.mbox/<20120924220606.E0B302388B56@eris.apache.org>,chenpei
Mon Sep 24 22:07:16 2012,http://mail-archives.apache.org/mod_mbox/ctakes-commits/201209.mbox/<20120924220606.E0B302388B56@eris.apache.org>,chenpei
Mon Sep 24 22:07:16 2012,http://mail-archives.apache.org/mod_mbox/ctakes-commits/201209.mbox/<20120924220606.E0B302388B56@eris.apache.org>,chenpei
Mon Sep 24 22:07:16 2012,http://mail-archives.apache.org/mod_mbox/ctakes-commits/201209.mbox/<20120924220606.E0B302388B56@eris.apache.org>,chenpei
Mon Sep 24 22:07:16 2012,http://mail-archives.apache.org/mod_mbox/ctakes-commits/201209.mbox/<20120924220606.E0B302388B56@eris.apache.org>,chenpei
Mon Sep 24 22:07:16 2012,http://mail-archives.apache.org/mod_mbox/ctakes-commits/201209.mbox/<20120924220606.E0B302388B56@eris.apache.org>,chenpei
Mon Sep 24 22:07:16 2012,http://mail-archives.apache.org/mod_mbox/ctakes-commits/201209.mbox/<20120924220606.E0B302388B56@eris.apache.org>,chenpei
Mon Sep 24 22:07:16 2012,http://mail-archives.apache.org/mod_mbox/ctakes-commits/201209.mbox/<20120924220606.E0B302388B56@eris.apache.org>,chenpei
Mon Sep 24 22:07:16 2012,http://mail-archives.apache.org/mod_mbox/ctakes-commits/201209.mbox/<20120924220606.E0B302388B56@eris.apache.org>,chenpei
Mon Sep 24 22:07:16 2012,http://mail-archives.apache.org/mod_mbox/ctakes-commits/201209.mbox/<20120924220606.E0B302388B56@eris.apache.org>,chenpei
Mon Sep 24 22:07:16 2012,http://mail-archives.apache.org/mod_mbox/ctakes-commits/201209.mbox/<20120924220606.E0B302388B56@eris.apache.org>,chenpei
Mon Sep 24 22:07:16 2012,http://mail-archives.apache.org/mod_mbox/ctakes-commits/201209.mbox/<20120924220606.E0B302388B56@eris.apache.org>,chenpei
Mon Sep 24 22:07:16 2012,http://mail-archives.apache.org/mod_mbox/ctakes-commits/201209.mbox/<20120924220606.E0B302388B56@eris.apache.org>,chenpei
Mon Sep 24 22:07:16 2012,http://mail-archives.apache.org/mod_mbox/ctakes-commits/201209.mbox/<20120924220606.E0B302388B56@eris.apache.org>,chenpei
Mon Sep 24 22:07:16 2012,http://mail-archives.apache.org/mod_mbox/ctakes-commits/201209.mbox/<20120924220606.E0B302388B56@eris.apache.org>,chenpei
Mon Sep 24 22:07:16 2012,http://mail-archives.apache.org/mod_mbox/ctakes-commits/201209.mbox/<20120924220606.E0B302388B56@eris.apache.org>,chenpei
Mon Sep 24 22:07:16 2012,http://mail-archives.apache.org/mod_mbox/ctakes-commits/201209.mbox/<20120924220606.E0B302388B56@eris.apache.org>,chenpei
Mon Sep 24 22:07:16 2012,http://mail-archives.apache.org/mod_mbox/ctakes-commits/201209.mbox/<20120924220606.E0B302388B56@eris.apache.org>,chenpei
Mon Sep 24 22:07:16 2012,http://mail-archives.apache.org/mod_mbox/ctakes-commits/201209.mbox/<20120924220606.E0B302388B56@eris.apache.org>,chenpei
Mon Sep 24 22:07:16 2012,http://mail-archives.apache.org/mod_mbox/ctakes-commits/201209.mbox/<20120924220606.E0B302388B56@eris.apache.org>,chenpei
Mon Sep 24 22:07:16 2012,http://mail-archives.apache.org/mod_mbox/ctakes-commits/201209.mbox/<20120924220606.E0B302388B56@eris.apache.org>,chenpei
Mon Sep 24 22:07:16 2012,http://mail-archives.apache.org/mod_mbox/ctakes-commits/201209.mbox/<20120924220606.E0B302388B56@eris.apache.org>,chenpei
Mon Sep 24 22:07:16 2012,http://mail-archives.apache.org/mod_mbox/ctakes-commits/201209.mbox/<20120924220606.E0B302388B56@eris.apache.org>,chenpei
Mon Sep 24 22:07:16 2012,http://mail-archives.apache.org/mod_mbox/ctakes-commits/201209.mbox/<20120924220606.E0B302388B56@eris.apache.org>,chenpei
Mon Sep 24 22:07:16 2012,http://mail-archives.apache.org/mod_mbox/ctakes-commits/201209.mbox/<20120924220606.E0B302388B56@eris.apache.org>,chenpei
Mon Sep 24 22:07:16 2012,http://mail-archives.apache.org/mod_mbox/ctakes-commits/201209.mbox/<20120924220606.E0B302388B56@eris.apache.org>,chenpei
Mon Sep 24 22:07:16 2012,http://mail-archives.apache.org/mod_mbox/ctakes-commits/201209.mbox/<20120924220606.E0B302388B56@eris.apache.org>,chenpei
Mon Sep 24 22:07:16 2012,http://mail-archives.apache.org/mod_mbox/ctakes-commits/201209.mbox/<20120924220606.E0B302388B56@eris.apache.org>,chenpei
Mon Sep 24 22:07:16 2012,http://mail-archives.apache.org/mod_mbox/ctakes-commits/201209.mbox/<20120924220606.E0B302388B56@eris.apache.org>,chenpei
Mon Sep 24 22:07:16 2012,http://mail-archives.apache.org/mod_mbox/ctakes-commits/201209.mbox/<20120924220606.E0B302388B56@eris.apache.org>,chenpei
Mon Sep 24 22:07:16 2012,http://mail-archives.apache.org/mod_mbox/ctakes-commits/201209.mbox/<20120924220606.E0B302388B56@eris.apache.org>,chenpei
Mon Sep 24 22:07:16 2012,http://mail-archives.apache.org/mod_mbox/ctakes-commits/201209.mbox/<20120924220606.E0B302388B56@eris.apache.org>,chenpei
Mon Sep 24 22:07:16 2012,http://mail-archives.apache.org/mod_mbox/ctakes-commits/201209.mbox/<20120924220606.E0B302388B56@eris.apache.org>,chenpei
Mon Sep 24 22:07:16 2012,http://mail-archives.apache.org/mod_mbox/ctakes-commits/201209.mbox/<20120924220606.E0B302388B56@eris.apache.org>,chenpei
Mon Sep 24 22:07:16 2012,http://mail-archives.apache.org/mod_mbox/ctakes-commits/201209.mbox/<20120924220606.E0B302388B56@eris.apache.org>,chenpei
Mon Sep 24 22:07:16 2012,http://mail-archives.apache.org/mod_mbox/ctakes-commits/201209.mbox/<20120924220606.E0B302388B56@eris.apache.org>,chenpei
Mon Sep 24 22:07:16 2012,http://mail-archives.apache.org/mod_mbox/ctakes-commits/201209.mbox/<20120924220606.E0B302388B56@eris.apache.org>,chenpei
Mon Sep 24 22:07:16 2012,http://mail-archives.apache.org/mod_mbox/ctakes-commits/201209.mbox/<20120924220606.E0B302388B56@eris.apache.org>,chenpei
Mon Sep 24 22:07:16 2012,http://mail-archives.apache.org/mod_mbox/ctakes-commits/201209.mbox/<20120924220606.E0B302388B56@eris.apache.org>,chenpei
Mon Sep 24 22:07:16 2012,http://mail-archives.apache.org/mod_mbox/ctakes-commits/201209.mbox/<20120924220606.E0B302388B56@eris.apache.org>,chenpei
Mon Sep 24 22:07:16 2012,http://mail-archives.apache.org/mod_mbox/ctakes-commits/201209.mbox/<20120924220606.E0B302388B56@eris.apache.org>,chenpei
Mon Sep 24 22:07:16 2012,http://mail-archives.apache.org/mod_mbox/ctakes-commits/201209.mbox/<20120924220606.E0B302388B56@eris.apache.org>,chenpei
Mon Sep 24 22:07:16 2012,http://mail-archives.apache.org/mod_mbox/ctakes-commits/201209.mbox/<20120924220606.E0B302388B56@eris.apache.org>,chenpei
Mon Sep 24 22:07:16 2012,http://mail-archives.apache.org/mod_mbox/ctakes-commits/201209.mbox/<20120924220606.E0B302388B56@eris.apache.org>,chenpei
Mon Sep 24 22:07:16 2012,http://mail-archives.apache.org/mod_mbox/ctakes-commits/201209.mbox/<20120924220606.E0B302388B56@eris.apache.org>,chenpei
Mon Sep 24 22:07:16 2012,http://mail-archives.apache.org/mod_mbox/ctakes-commits/201209.mbox/<20120924220606.E0B302388B56@eris.apache.org>,chenpei
Mon Sep 24 22:07:16 2012,http://mail-archives.apache.org/mod_mbox/ctakes-commits/201209.mbox/<20120924220606.E0B302388B56@eris.apache.org>,chenpei
Mon Sep 24 22:07:16 2012,http://mail-archives.apache.org/mod_mbox/ctakes-commits/201209.mbox/<20120924220606.E0B302388B56@eris.apache.org>,chenpei
Mon Sep 24 22:07:16 2012,http://mail-archives.apache.org/mod_mbox/ctakes-commits/201209.mbox/<20120924220606.E0B302388B56@eris.apache.org>,chenpei
Mon Sep 24 22:07:16 2012,http://mail-archives.apache.org/mod_mbox/ctakes-commits/201209.mbox/<20120924220606.E0B302388B56@eris.apache.org>,chenpei
Mon Sep 24 22:07:16 2012,http://mail-archives.apache.org/mod_mbox/ctakes-commits/201209.mbox/<20120924220606.E0B302388B56@eris.apache.org>,chenpei
Mon Sep 24 22:07:16 2012,http://mail-archives.apache.org/mod_mbox/ctakes-commits/201209.mbox/<20120924220606.E0B302388B56@eris.apache.org>,chenpei
Mon Sep 24 22:07:16 2012,http://mail-archives.apache.org/mod_mbox/ctakes-commits/201209.mbox/<20120924220606.E0B302388B56@eris.apache.org>,chenpei
Mon Sep 24 22:07:16 2012,http://mail-archives.apache.org/mod_mbox/ctakes-commits/201209.mbox/<20120924220606.E0B302388B56@eris.apache.org>,chenpei
Mon Sep 24 22:07:16 2012,http://mail-archives.apache.org/mod_mbox/ctakes-commits/201209.mbox/<20120924220606.E0B302388B56@eris.apache.org>,chenpei
Mon Sep 24 22:07:16 2012,http://mail-archives.apache.org/mod_mbox/ctakes-commits/201209.mbox/<20120924220606.E0B302388B56@eris.apache.org>,chenpei
Mon Sep 24 22:07:16 2012,http://mail-archives.apache.org/mod_mbox/ctakes-commits/201209.mbox/<20120924220606.E0B302388B56@eris.apache.org>,chenpei
Mon Sep 24 22:07:16 2012,http://mail-archives.apache.org/mod_mbox/ctakes-commits/201209.mbox/<20120924220606.E0B302388B56@eris.apache.org>,chenpei
Mon Sep 24 22:07:16 2012,http://mail-archives.apache.org/mod_mbox/ctakes-commits/201209.mbox/<20120924220606.E0B302388B56@eris.apache.org>,chenpei
Mon Sep 24 22:07:16 2012,http://mail-archives.apache.org/mod_mbox/ctakes-commits/201209.mbox/<20120924220606.E0B302388B56@eris.apache.org>,chenpei
Mon Sep 24 22:07:16 2012,http://mail-archives.apache.org/mod_mbox/ctakes-commits/201209.mbox/<20120924220606.E0B302388B56@eris.apache.org>,chenpei
Mon Sep 24 22:07:16 2012,http://mail-archives.apache.org/mod_mbox/ctakes-commits/201209.mbox/<20120924220606.E0B302388B56@eris.apache.org>,chenpei
Mon Sep 24 22:07:16 2012,http://mail-archives.apache.org/mod_mbox/ctakes-commits/201209.mbox/<20120924220606.E0B302388B56@eris.apache.org>,chenpei
Mon Sep 24 22:07:16 2012,http://mail-archives.apache.org/mod_mbox/ctakes-commits/201209.mbox/<20120924220606.E0B302388B56@eris.apache.org>,chenpei
Mon Sep 24 22:07:16 2012,http://mail-archives.apache.org/mod_mbox/ctakes-commits/201209.mbox/<20120924220606.E0B302388B56@eris.apache.org>,chenpei
Mon Sep 24 22:07:16 2012,http://mail-archives.apache.org/mod_mbox/ctakes-commits/201209.mbox/<20120924220606.E0B302388B56@eris.apache.org>,chenpei
Mon Sep 24 22:07:16 2012,http://mail-archives.apache.org/mod_mbox/ctakes-commits/201209.mbox/<20120924220606.E0B302388B56@eris.apache.org>,chenpei
Mon Sep 24 22:07:16 2012,http://mail-archives.apache.org/mod_mbox/ctakes-commits/201209.mbox/<20120924220606.E0B302388B56@eris.apache.org>,chenpei
Mon Sep 24 22:07:16 2012,http://mail-archives.apache.org/mod_mbox/ctakes-commits/201209.mbox/<20120924220606.E0B302388B56@eris.apache.org>,chenpei
Mon Sep 24 22:07:16 2012,http://mail-archives.apache.org/mod_mbox/ctakes-commits/201209.mbox/<20120924220606.E0B302388B56@eris.apache.org>,chenpei
Mon Sep 24 22:07:16 2012,http://mail-archives.apache.org/mod_mbox/ctakes-commits/201209.mbox/<20120924220606.E0B302388B56@eris.apache.org>,chenpei
Mon Sep 24 22:07:16 2012,http://mail-archives.apache.org/mod_mbox/ctakes-commits/201209.mbox/<20120924220606.E0B302388B56@eris.apache.org>,chenpei
Mon Sep 24 22:07:16 2012,http://mail-archives.apache.org/mod_mbox/ctakes-commits/201209.mbox/<20120924220606.E0B302388B56@eris.apache.org>,chenpei
Mon Sep 24 22:07:16 2012,http://mail-archives.apache.org/mod_mbox/ctakes-commits/201209.mbox/<20120924220606.E0B302388B56@eris.apache.org>,chenpei
Mon Sep 24 22:07:16 2012,http://mail-archives.apache.org/mod_mbox/ctakes-commits/201209.mbox/<20120924220606.E0B302388B56@eris.apache.org>,chenpei
Mon Sep 24 22:07:16 2012,http://mail-archives.apache.org/mod_mbox/ctakes-commits/201209.mbox/<20120924220606.E0B302388B56@eris.apache.org>,chenpei
Mon Sep 24 22:07:16 2012,http://mail-archives.apache.org/mod_mbox/ctakes-commits/201209.mbox/<20120924220606.E0B302388B56@eris.apache.org>,chenpei
Mon Sep 24 22:07:16 2012,http://mail-archives.apache.org/mod_mbox/ctakes-commits/201209.mbox/<20120924220606.E0B302388B56@eris.apache.org>,chenpei
Mon Sep 24 22:07:16 2012,http://mail-archives.apache.org/mod_mbox/ctakes-commits/201209.mbox/<20120924220606.E0B302388B56@eris.apache.org>,chenpei
Mon Sep 24 22:07:16 2012,http://mail-archives.apache.org/mod_mbox/ctakes-commits/201209.mbox/<20120924220606.E0B302388B56@eris.apache.org>,chenpei
Mon Sep 24 22:07:16 2012,http://mail-archives.apache.org/mod_mbox/ctakes-commits/201209.mbox/<20120924220606.E0B302388B56@eris.apache.org>,chenpei
Mon Sep 24 22:07:16 2012,http://mail-archives.apache.org/mod_mbox/ctakes-commits/201209.mbox/<20120924220606.E0B302388B56@eris.apache.org>,chenpei
Mon Sep 24 22:07:16 2012,http://mail-archives.apache.org/mod_mbox/ctakes-commits/201209.mbox/<20120924220606.E0B302388B56@eris.apache.org>,chenpei
Mon Sep 24 22:07:16 2012,http://mail-archives.apache.org/mod_mbox/ctakes-commits/201209.mbox/<20120924220606.E0B302388B56@eris.apache.org>,chenpei
Mon Sep 24 22:07:16 2012,http://mail-archives.apache.org/mod_mbox/ctakes-commits/201209.mbox/<20120924220606.E0B302388B56@eris.apache.org>,chenpei
Mon Sep 24 22:07:16 2012,http://mail-archives.apache.org/mod_mbox/ctakes-commits/201209.mbox/<20120924220606.E0B302388B56@eris.apache.org>,chenpei
Mon Sep 24 22:07:16 2012,http://mail-archives.apache.org/mod_mbox/ctakes-commits/201209.mbox/<20120924220606.E0B302388B56@eris.apache.org>,chenpei
Mon Sep 24 22:07:16 2012,http://mail-archives.apache.org/mod_mbox/ctakes-commits/201209.mbox/<20120924220606.E0B302388B56@eris.apache.org>,chenpei
Mon Sep 24 22:07:16 2012,http://mail-archives.apache.org/mod_mbox/ctakes-commits/201209.mbox/<20120924220606.E0B302388B56@eris.apache.org>,chenpei
Mon Sep 24 22:07:16 2012,http://mail-archives.apache.org/mod_mbox/ctakes-commits/201209.mbox/<20120924220606.E0B302388B56@eris.apache.org>,chenpei
Mon Sep 24 22:07:16 2012,http://mail-archives.apache.org/mod_mbox/ctakes-commits/201209.mbox/<20120924220606.E0B302388B56@eris.apache.org>,chenpei
Mon Sep 24 22:07:16 2012,http://mail-archives.apache.org/mod_mbox/ctakes-commits/201209.mbox/<20120924220606.E0B302388B56@eris.apache.org>,chenpei
Mon Sep 24 22:07:16 2012,http://mail-archives.apache.org/mod_mbox/ctakes-commits/201209.mbox/<20120924220606.E0B302388B56@eris.apache.org>,chenpei
Mon Sep 24 22:07:16 2012,http://mail-archives.apache.org/mod_mbox/ctakes-commits/201209.mbox/<20120924220606.E0B302388B56@eris.apache.org>,chenpei
Mon Sep 24 22:07:16 2012,http://mail-archives.apache.org/mod_mbox/ctakes-commits/201209.mbox/<20120924220606.E0B302388B56@eris.apache.org>,chenpei
Mon Sep 24 22:07:16 2012,http://mail-archives.apache.org/mod_mbox/ctakes-commits/201209.mbox/<20120924220606.E0B302388B56@eris.apache.org>,chenpei
Mon Sep 24 22:07:16 2012,http://mail-archives.apache.org/mod_mbox/ctakes-commits/201209.mbox/<20120924220606.E0B302388B56@eris.apache.org>,chenpei
Mon Sep 24 22:07:16 2012,http://mail-archives.apache.org/mod_mbox/ctakes-commits/201209.mbox/<20120924220606.E0B302388B56@eris.apache.org>,chenpei
Mon Sep 24 22:07:16 2012,http://mail-archives.apache.org/mod_mbox/ctakes-commits/201209.mbox/<20120924220606.E0B302388B56@eris.apache.org>,chenpei
Mon Sep 24 22:07:16 2012,http://mail-archives.apache.org/mod_mbox/ctakes-commits/201209.mbox/<20120924220606.E0B302388B56@eris.apache.org>,chenpei
Mon Sep 24 22:07:16 2012,http://mail-archives.apache.org/mod_mbox/ctakes-commits/201209.mbox/<20120924220606.E0B302388B56@eris.apache.org>,chenpei
Mon Sep 24 22:07:16 2012,http://mail-archives.apache.org/mod_mbox/ctakes-commits/201209.mbox/<20120924220606.E0B302388B56@eris.apache.org>,chenpei
Mon Sep 24 22:07:16 2012,http://mail-archives.apache.org/mod_mbox/ctakes-commits/201209.mbox/<20120924220606.E0B302388B56@eris.apache.org>,chenpei
Mon Sep 24 22:07:16 2012,http://mail-archives.apache.org/mod_mbox/ctakes-commits/201209.mbox/<20120924220606.E0B302388B56@eris.apache.org>,chenpei
Mon Sep 24 22:07:16 2012,http://mail-archives.apache.org/mod_mbox/ctakes-commits/201209.mbox/<20120924220606.E0B302388B56@eris.apache.org>,chenpei
Mon Sep 24 22:07:16 2012,http://mail-archives.apache.org/mod_mbox/ctakes-commits/201209.mbox/<20120924220606.E0B302388B56@eris.apache.org>,chenpei
Mon Sep 24 22:07:16 2012,http://mail-archives.apache.org/mod_mbox/ctakes-commits/201209.mbox/<20120924220606.E0B302388B56@eris.apache.org>,chenpei
Mon Sep 24 22:07:16 2012,http://mail-archives.apache.org/mod_mbox/ctakes-commits/201209.mbox/<20120924220606.E0B302388B56@eris.apache.org>,chenpei
Mon Sep 24 22:07:16 2012,http://mail-archives.apache.org/mod_mbox/ctakes-commits/201209.mbox/<20120924220606.E0B302388B56@eris.apache.org>,chenpei
Mon Sep 24 22:07:16 2012,http://mail-archives.apache.org/mod_mbox/ctakes-commits/201209.mbox/<20120924220606.E0B302388B56@eris.apache.org>,chenpei
Mon Sep 24 22:07:16 2012,http://mail-archives.apache.org/mod_mbox/ctakes-commits/201209.mbox/<20120924220606.E0B302388B56@eris.apache.org>,chenpei
Mon Sep 24 22:07:16 2012,http://mail-archives.apache.org/mod_mbox/ctakes-commits/201209.mbox/<20120924220606.E0B302388B56@eris.apache.org>,chenpei
Mon Sep 24 22:07:16 2012,http://mail-archives.apache.org/mod_mbox/ctakes-commits/201209.mbox/<20120924220606.E0B302388B56@eris.apache.org>,chenpei
Mon Sep 24 22:07:16 2012,http://mail-archives.apache.org/mod_mbox/ctakes-commits/201209.mbox/<20120924220606.E0B302388B56@eris.apache.org>,chenpei
Mon Sep 24 22:07:16 2012,http://mail-archives.apache.org/mod_mbox/ctakes-commits/201209.mbox/<20120924220606.E0B302388B56@eris.apache.org>,chenpei
Mon Sep 24 22:07:16 2012,http://mail-archives.apache.org/mod_mbox/ctakes-commits/201209.mbox/<20120924220606.E0B302388B56@eris.apache.org>,chenpei
Mon Sep 24 22:07:16 2012,http://mail-archives.apache.org/mod_mbox/ctakes-commits/201209.mbox/<20120924220606.E0B302388B56@eris.apache.org>,chenpei
Mon Sep 24 22:07:16 2012,http://mail-archives.apache.org/mod_mbox/ctakes-commits/201209.mbox/<20120924220606.E0B302388B56@eris.apache.org>,chenpei
Mon Sep 24 22:07:16 2012,http://mail-archives.apache.org/mod_mbox/ctakes-commits/201209.mbox/<20120924220606.E0B302388B56@eris.apache.org>,chenpei
Mon Sep 24 22:07:16 2012,http://mail-archives.apache.org/mod_mbox/ctakes-commits/201209.mbox/<20120924220606.E0B302388B56@eris.apache.org>,chenpei
Mon Sep 24 22:07:16 2012,http://mail-archives.apache.org/mod_mbox/ctakes-commits/201209.mbox/<20120924220606.E0B302388B56@eris.apache.org>,chenpei
Mon Sep 24 22:07:16 2012,http://mail-archives.apache.org/mod_mbox/ctakes-commits/201209.mbox/<20120924220606.E0B302388B56@eris.apache.org>,chenpei
Mon Sep 24 22:07:16 2012,http://mail-archives.apache.org/mod_mbox/ctakes-commits/201209.mbox/<20120924220606.E0B302388B56@eris.apache.org>,chenpei
Mon Sep 24 22:07:16 2012,http://mail-archives.apache.org/mod_mbox/ctakes-commits/201209.mbox/<20120924220606.E0B302388B56@eris.apache.org>,chenpei
Mon Sep 24 22:07:16 2012,http://mail-archives.apache.org/mod_mbox/ctakes-commits/201209.mbox/<20120924220606.E0B302388B56@eris.apache.org>,chenpei
Mon Sep 24 22:07:16 2012,http://mail-archives.apache.org/mod_mbox/ctakes-commits/201209.mbox/<20120924220606.E0B302388B56@eris.apache.org>,chenpei
Mon Sep 24 22:07:16 2012,http://mail-archives.apache.org/mod_mbox/ctakes-commits/201209.mbox/<20120924220606.E0B302388B56@eris.apache.org>,chenpei
Mon Sep 24 22:07:16 2012,http://mail-archives.apache.org/mod_mbox/ctakes-commits/201209.mbox/<20120924220606.E0B302388B56@eris.apache.org>,chenpei
Mon Sep 24 22:07:16 2012,http://mail-archives.apache.org/mod_mbox/ctakes-commits/201209.mbox/<20120924220606.E0B302388B56@eris.apache.org>,chenpei
Mon Sep 24 22:07:16 2012,http://mail-archives.apache.org/mod_mbox/ctakes-commits/201209.mbox/<20120924220606.E0B302388B56@eris.apache.org>,chenpei
Mon Sep 24 22:07:16 2012,http://mail-archives.apache.org/mod_mbox/ctakes-commits/201209.mbox/<20120924220606.E0B302388B56@eris.apache.org>,chenpei
Mon Sep 24 22:07:16 2012,http://mail-archives.apache.org/mod_mbox/ctakes-commits/201209.mbox/<20120924220606.E0B302388B56@eris.apache.org>,chenpei
Mon Sep 24 22:07:16 2012,http://mail-archives.apache.org/mod_mbox/ctakes-commits/201209.mbox/<20120924220606.E0B302388B56@eris.apache.org>,chenpei
Mon Sep 24 22:07:16 2012,http://mail-archives.apache.org/mod_mbox/ctakes-commits/201209.mbox/<20120924220606.E0B302388B56@eris.apache.org>,chenpei
Mon Sep 24 22:07:16 2012,http://mail-archives.apache.org/mod_mbox/ctakes-commits/201209.mbox/<20120924220606.E0B302388B56@eris.apache.org>,chenpei
Mon Sep 24 22:07:16 2012,http://mail-archives.apache.org/mod_mbox/ctakes-commits/201209.mbox/<20120924220606.E0B302388B56@eris.apache.org>,chenpei
Mon Sep 24 22:07:16 2012,http://mail-archives.apache.org/mod_mbox/ctakes-commits/201209.mbox/<20120924220606.E0B302388B56@eris.apache.org>,chenpei
Mon Sep 24 22:07:16 2012,http://mail-archives.apache.org/mod_mbox/ctakes-commits/201209.mbox/<20120924220606.E0B302388B56@eris.apache.org>,chenpei
Mon Sep 24 22:07:16 2012,http://mail-archives.apache.org/mod_mbox/ctakes-commits/201209.mbox/<20120924220606.E0B302388B56@eris.apache.org>,chenpei
Mon Sep 24 22:07:16 2012,http://mail-archives.apache.org/mod_mbox/ctakes-commits/201209.mbox/<20120924220606.E0B302388B56@eris.apache.org>,chenpei
Mon Sep 24 22:07:16 2012,http://mail-archives.apache.org/mod_mbox/ctakes-commits/201209.mbox/<20120924220606.E0B302388B56@eris.apache.org>,chenpei
Mon Sep 24 22:07:16 2012,http://mail-archives.apache.org/mod_mbox/ctakes-commits/201209.mbox/<20120924220606.E0B302388B56@eris.apache.org>,chenpei
Mon Sep 24 22:07:16 2012,http://mail-archives.apache.org/mod_mbox/ctakes-commits/201209.mbox/<20120924220606.E0B302388B56@eris.apache.org>,chenpei
Mon Sep 24 22:07:16 2012,http://mail-archives.apache.org/mod_mbox/ctakes-commits/201209.mbox/<20120924220606.E0B302388B56@eris.apache.org>,chenpei
Mon Sep 24 22:07:16 2012,http://mail-archives.apache.org/mod_mbox/ctakes-commits/201209.mbox/<20120924220606.E0B302388B56@eris.apache.org>,chenpei
Mon Sep 24 22:07:16 2012,http://mail-archives.apache.org/mod_mbox/ctakes-commits/201209.mbox/<20120924220606.E0B302388B56@eris.apache.org>,chenpei
Mon Sep 24 22:07:16 2012,http://mail-archives.apache.org/mod_mbox/ctakes-commits/201209.mbox/<20120924220606.E0B302388B56@eris.apache.org>,chenpei
Mon Sep 24 22:07:16 2012,http://mail-archives.apache.org/mod_mbox/ctakes-commits/201209.mbox/<20120924220606.E0B302388B56@eris.apache.org>,chenpei
Mon Sep 24 22:07:16 2012,http://mail-archives.apache.org/mod_mbox/ctakes-commits/201209.mbox/<20120924220606.E0B302388B56@eris.apache.org>,chenpei
Mon Sep 24 22:07:16 2012,http://mail-archives.apache.org/mod_mbox/ctakes-commits/201209.mbox/<20120924220606.E0B302388B56@eris.apache.org>,chenpei
Mon Sep 24 22:07:16 2012,http://mail-archives.apache.org/mod_mbox/ctakes-commits/201209.mbox/<20120924220606.E0B302388B56@eris.apache.org>,chenpei
Mon Sep 24 22:07:16 2012,http://mail-archives.apache.org/mod_mbox/ctakes-commits/201209.mbox/<20120924220606.E0B302388B56@eris.apache.org>,chenpei
Mon Sep 24 22:07:16 2012,http://mail-archives.apache.org/mod_mbox/ctakes-commits/201209.mbox/<20120924220606.E0B302388B56@eris.apache.org>,chenpei
Mon Sep 24 22:07:16 2012,http://mail-archives.apache.org/mod_mbox/ctakes-commits/201209.mbox/<20120924220606.E0B302388B56@eris.apache.org>,chenpei
Mon Sep 24 22:07:16 2012,http://mail-archives.apache.org/mod_mbox/ctakes-commits/201209.mbox/<20120924220606.E0B302388B56@eris.apache.org>,chenpei
Mon Sep 24 22:07:16 2012,http://mail-archives.apache.org/mod_mbox/ctakes-commits/201209.mbox/<20120924220606.E0B302388B56@eris.apache.org>,chenpei
Mon Sep 24 22:07:16 2012,http://mail-archives.apache.org/mod_mbox/ctakes-commits/201209.mbox/<20120924220606.E0B302388B56@eris.apache.org>,chenpei
Mon Sep 24 22:07:16 2012,http://mail-archives.apache.org/mod_mbox/ctakes-commits/201209.mbox/<20120924220606.E0B302388B56@eris.apache.org>,chenpei
Mon Sep 24 22:07:16 2012,http://mail-archives.apache.org/mod_mbox/ctakes-commits/201209.mbox/<20120924220606.E0B302388B56@eris.apache.org>,chenpei
Mon Sep 24 22:07:16 2012,http://mail-archives.apache.org/mod_mbox/ctakes-commits/201209.mbox/<20120924220606.E0B302388B56@eris.apache.org>,chenpei
Mon Sep 24 22:07:16 2012,http://mail-archives.apache.org/mod_mbox/ctakes-commits/201209.mbox/<20120924220606.E0B302388B56@eris.apache.org>,chenpei
Mon Sep 24 22:07:16 2012,http://mail-archives.apache.org/mod_mbox/ctakes-commits/201209.mbox/<20120924220606.E0B302388B56@eris.apache.org>,chenpei
Mon Sep 24 22:07:16 2012,http://mail-archives.apache.org/mod_mbox/ctakes-commits/201209.mbox/<20120924220606.E0B302388B56@eris.apache.org>,chenpei
Mon Sep 24 22:07:16 2012,http://mail-archives.apache.org/mod_mbox/ctakes-commits/201209.mbox/<20120924220606.E0B302388B56@eris.apache.org>,chenpei
Mon Sep 24 22:07:16 2012,http://mail-archives.apache.org/mod_mbox/ctakes-commits/201209.mbox/<20120924220606.E0B302388B56@eris.apache.org>,chenpei
Mon Sep 24 22:07:16 2012,http://mail-archives.apache.org/mod_mbox/ctakes-commits/201209.mbox/<20120924220606.E0B302388B56@eris.apache.org>,chenpei
Mon Sep 24 22:07:16 2012,http://mail-archives.apache.org/mod_mbox/ctakes-commits/201209.mbox/<20120924220606.E0B302388B56@eris.apache.org>,chenpei
Mon Sep 24 22:07:16 2012,http://mail-archives.apache.org/mod_mbox/ctakes-commits/201209.mbox/<20120924220606.E0B302388B56@eris.apache.org>,chenpei
Mon Sep 24 22:07:16 2012,http://mail-archives.apache.org/mod_mbox/ctakes-commits/201209.mbox/<20120924220606.E0B302388B56@eris.apache.org>,chenpei
Mon Sep 24 22:07:16 2012,http://mail-archives.apache.org/mod_mbox/ctakes-commits/201209.mbox/<20120924220606.E0B302388B56@eris.apache.org>,chenpei
Mon Sep 24 22:07:16 2012,http://mail-archives.apache.org/mod_mbox/ctakes-commits/201209.mbox/<20120924220606.E0B302388B56@eris.apache.org>,chenpei
Mon Sep 24 22:07:16 2012,http://mail-archives.apache.org/mod_mbox/ctakes-commits/201209.mbox/<20120924220606.E0B302388B56@eris.apache.org>,chenpei
Mon Sep 24 22:07:16 2012,http://mail-archives.apache.org/mod_mbox/ctakes-commits/201209.mbox/<20120924220606.E0B302388B56@eris.apache.org>,chenpei
Mon Sep 24 22:07:16 2012,http://mail-archives.apache.org/mod_mbox/ctakes-commits/201209.mbox/<20120924220606.E0B302388B56@eris.apache.org>,chenpei
Mon Sep 24 22:07:16 2012,http://mail-archives.apache.org/mod_mbox/ctakes-commits/201209.mbox/<20120924220606.E0B302388B56@eris.apache.org>,chenpei
Mon Sep 24 22:07:16 2012,http://mail-archives.apache.org/mod_mbox/ctakes-commits/201209.mbox/<20120924220606.E0B302388B56@eris.apache.org>,chenpei
Mon Sep 24 22:07:16 2012,http://mail-archives.apache.org/mod_mbox/ctakes-commits/201209.mbox/<20120924220606.E0B302388B56@eris.apache.org>,chenpei
Mon Sep 24 22:07:16 2012,http://mail-archives.apache.org/mod_mbox/ctakes-commits/201209.mbox/<20120924220606.E0B302388B56@eris.apache.org>,chenpei
Mon Sep 24 22:07:16 2012,http://mail-archives.apache.org/mod_mbox/ctakes-commits/201209.mbox/<20120924220606.E0B302388B56@eris.apache.org>,chenpei
Mon Sep 24 22:07:16 2012,http://mail-archives.apache.org/mod_mbox/ctakes-commits/201209.mbox/<20120924220606.E0B302388B56@eris.apache.org>,chenpei
Mon Sep 24 22:07:16 2012,http://mail-archives.apache.org/mod_mbox/ctakes-commits/201209.mbox/<20120924220606.E0B302388B56@eris.apache.org>,chenpei
Mon Sep 24 22:07:16 2012,http://mail-archives.apache.org/mod_mbox/ctakes-commits/201209.mbox/<20120924220606.E0B302388B56@eris.apache.org>,chenpei
Mon Sep 24 22:07:16 2012,http://mail-archives.apache.org/mod_mbox/ctakes-commits/201209.mbox/<20120924220606.E0B302388B56@eris.apache.org>,chenpei
Mon Sep 24 22:07:16 2012,http://mail-archives.apache.org/mod_mbox/ctakes-commits/201209.mbox/<20120924220606.E0B302388B56@eris.apache.org>,chenpei
Mon Sep 24 22:07:16 2012,http://mail-archives.apache.org/mod_mbox/ctakes-commits/201209.mbox/<20120924220606.E0B302388B56@eris.apache.org>,chenpei
Mon Sep 24 22:07:16 2012,http://mail-archives.apache.org/mod_mbox/ctakes-commits/201209.mbox/<20120924220606.E0B302388B56@eris.apache.org>,chenpei
Mon Sep 24 22:07:16 2012,http://mail-archives.apache.org/mod_mbox/ctakes-commits/201209.mbox/<20120924220606.E0B302388B56@eris.apache.org>,chenpei
Mon Sep 24 22:07:16 2012,http://mail-archives.apache.org/mod_mbox/ctakes-commits/201209.mbox/<20120924220606.E0B302388B56@eris.apache.org>,chenpei
Mon Sep 24 22:07:16 2012,http://mail-archives.apache.org/mod_mbox/ctakes-commits/201209.mbox/<20120924220606.E0B302388B56@eris.apache.org>,chenpei
Mon Sep 24 22:07:16 2012,http://mail-archives.apache.org/mod_mbox/ctakes-commits/201209.mbox/<20120924220606.E0B302388B56@eris.apache.org>,chenpei
Mon Sep 24 22:07:16 2012,http://mail-archives.apache.org/mod_mbox/ctakes-commits/201209.mbox/<20120924220606.E0B302388B56@eris.apache.org>,chenpei
Mon Sep 24 22:07:16 2012,http://mail-archives.apache.org/mod_mbox/ctakes-commits/201209.mbox/<20120924220606.E0B302388B56@eris.apache.org>,chenpei
Mon Sep 24 22:07:16 2012,http://mail-archives.apache.org/mod_mbox/ctakes-commits/201209.mbox/<20120924220606.E0B302388B56@eris.apache.org>,chenpei
Mon Sep 24 22:07:16 2012,http://mail-archives.apache.org/mod_mbox/ctakes-commits/201209.mbox/<20120924220606.E0B302388B56@eris.apache.org>,chenpei
Mon Sep 24 22:07:16 2012,http://mail-archives.apache.org/mod_mbox/ctakes-commits/201209.mbox/<20120924220606.E0B302388B56@eris.apache.org>,chenpei
Mon Sep 24 22:07:16 2012,http://mail-archives.apache.org/mod_mbox/ctakes-commits/201209.mbox/<20120924220606.E0B302388B56@eris.apache.org>,chenpei
Mon Sep 24 22:07:16 2012,http://mail-archives.apache.org/mod_mbox/ctakes-commits/201209.mbox/<20120924220606.E0B302388B56@eris.apache.org>,chenpei
Mon Sep 24 22:07:16 2012,http://mail-archives.apache.org/mod_mbox/ctakes-commits/201209.mbox/<20120924220606.E0B302388B56@eris.apache.org>,chenpei
Mon Sep 24 22:07:16 2012,http://mail-archives.apache.org/mod_mbox/ctakes-commits/201209.mbox/<20120924220606.E0B302388B56@eris.apache.org>,chenpei
Mon Sep 24 22:07:16 2012,http://mail-archives.apache.org/mod_mbox/ctakes-commits/201209.mbox/<20120924220606.E0B302388B56@eris.apache.org>,chenpei
Mon Sep 24 22:07:16 2012,http://mail-archives.apache.org/mod_mbox/ctakes-commits/201209.mbox/<20120924220606.E0B302388B56@eris.apache.org>,chenpei
Mon Sep 24 22:07:16 2012,http://mail-archives.apache.org/mod_mbox/ctakes-commits/201209.mbox/<20120924220606.E0B302388B56@eris.apache.org>,chenpei
Mon Sep 24 22:07:16 2012,http://mail-archives.apache.org/mod_mbox/ctakes-commits/201209.mbox/<20120924220606.E0B302388B56@eris.apache.org>,chenpei
Mon Sep 24 22:07:16 2012,http://mail-archives.apache.org/mod_mbox/ctakes-commits/201209.mbox/<20120924220606.E0B302388B56@eris.apache.org>,chenpei
Mon Sep 24 22:07:16 2012,http://mail-archives.apache.org/mod_mbox/ctakes-commits/201209.mbox/<20120924220606.E0B302388B56@eris.apache.org>,chenpei
Mon Sep 24 22:07:16 2012,http://mail-archives.apache.org/mod_mbox/ctakes-commits/201209.mbox/<20120924220606.E0B302388B56@eris.apache.org>,chenpei
Mon Sep 24 22:07:16 2012,http://mail-archives.apache.org/mod_mbox/ctakes-commits/201209.mbox/<20120924220606.E0B302388B56@eris.apache.org>,chenpei
Mon Sep 24 22:07:16 2012,http://mail-archives.apache.org/mod_mbox/ctakes-commits/201209.mbox/<20120924220606.E0B302388B56@eris.apache.org>,chenpei
Mon Sep 24 22:07:16 2012,http://mail-archives.apache.org/mod_mbox/ctakes-commits/201209.mbox/<20120924220606.E0B302388B56@eris.apache.org>,chenpei
Mon Sep 24 22:07:16 2012,http://mail-archives.apache.org/mod_mbox/ctakes-commits/201209.mbox/<20120924220606.E0B302388B56@eris.apache.org>,chenpei
Mon Sep 24 22:07:16 2012,http://mail-archives.apache.org/mod_mbox/ctakes-commits/201209.mbox/<20120924220606.E0B302388B56@eris.apache.org>,chenpei
Mon Sep 24 22:07:16 2012,http://mail-archives.apache.org/mod_mbox/ctakes-commits/201209.mbox/<20120924220606.E0B302388B56@eris.apache.org>,chenpei
Mon Sep 24 22:07:16 2012,http://mail-archives.apache.org/mod_mbox/ctakes-commits/201209.mbox/<20120924220606.E0B302388B56@eris.apache.org>,chenpei
Mon Sep 24 22:07:16 2012,http://mail-archives.apache.org/mod_mbox/ctakes-commits/201209.mbox/<20120924220606.E0B302388B56@eris.apache.org>,chenpei
Mon Sep 24 22:07:16 2012,http://mail-archives.apache.org/mod_mbox/ctakes-commits/201209.mbox/<20120924220606.E0B302388B56@eris.apache.org>,chenpei
Mon Sep 24 22:07:16 2012,http://mail-archives.apache.org/mod_mbox/ctakes-commits/201209.mbox/<20120924220606.E0B302388B56@eris.apache.org>,chenpei
Mon Sep 24 22:07:16 2012,http://mail-archives.apache.org/mod_mbox/ctakes-commits/201209.mbox/<20120924220606.E0B302388B56@eris.apache.org>,chenpei
Mon Sep 24 22:07:16 2012,http://mail-archives.apache.org/mod_mbox/ctakes-commits/201209.mbox/<20120924220606.E0B302388B56@eris.apache.org>,chenpei
Mon Sep 24 22:07:16 2012,http://mail-archives.apache.org/mod_mbox/ctakes-commits/201209.mbox/<20120924220606.E0B302388B56@eris.apache.org>,chenpei
Mon Sep 24 22:07:16 2012,http://mail-archives.apache.org/mod_mbox/ctakes-commits/201209.mbox/<20120924220606.E0B302388B56@eris.apache.org>,chenpei
Mon Sep 24 22:07:16 2012,http://mail-archives.apache.org/mod_mbox/ctakes-commits/201209.mbox/<20120924220606.E0B302388B56@eris.apache.org>,chenpei
Mon Sep 24 22:07:16 2012,http://mail-archives.apache.org/mod_mbox/ctakes-commits/201209.mbox/<20120924220606.E0B302388B56@eris.apache.org>,chenpei
Mon Sep 24 22:07:16 2012,http://mail-archives.apache.org/mod_mbox/ctakes-commits/201209.mbox/<20120924220606.E0B302388B56@eris.apache.org>,chenpei
Mon Sep 24 22:07:16 2012,http://mail-archives.apache.org/mod_mbox/ctakes-commits/201209.mbox/<20120924220606.E0B302388B56@eris.apache.org>,chenpei
Mon Sep 24 22:07:16 2012,http://mail-archives.apache.org/mod_mbox/ctakes-commits/201209.mbox/<20120924220606.E0B302388B56@eris.apache.org>,chenpei
Mon Sep 24 22:07:16 2012,http://mail-archives.apache.org/mod_mbox/ctakes-commits/201209.mbox/<20120924220606.E0B302388B56@eris.apache.org>,chenpei
Mon Sep 24 22:07:16 2012,http://mail-archives.apache.org/mod_mbox/ctakes-commits/201209.mbox/<20120924220606.E0B302388B56@eris.apache.org>,chenpei
Mon Sep 24 22:07:16 2012,http://mail-archives.apache.org/mod_mbox/ctakes-commits/201209.mbox/<20120924220606.E0B302388B56@eris.apache.org>,chenpei
Mon Sep 24 22:07:16 2012,http://mail-archives.apache.org/mod_mbox/ctakes-commits/201209.mbox/<20120924220606.E0B302388B56@eris.apache.org>,chenpei
Mon Sep 24 22:07:16 2012,http://mail-archives.apache.org/mod_mbox/ctakes-commits/201209.mbox/<20120924220606.E0B302388B56@eris.apache.org>,chenpei
Mon Sep 24 22:07:16 2012,http://mail-archives.apache.org/mod_mbox/ctakes-commits/201209.mbox/<20120924220606.E0B302388B56@eris.apache.org>,chenpei
Mon Sep 24 22:07:16 2012,http://mail-archives.apache.org/mod_mbox/ctakes-commits/201209.mbox/<20120924220606.E0B302388B56@eris.apache.org>,chenpei
Mon Sep 24 22:07:16 2012,http://mail-archives.apache.org/mod_mbox/ctakes-commits/201209.mbox/<20120924220606.E0B302388B56@eris.apache.org>,chenpei
Mon Sep 24 22:07:16 2012,http://mail-archives.apache.org/mod_mbox/ctakes-commits/201209.mbox/<20120924220606.E0B302388B56@eris.apache.org>,chenpei
Mon Sep 24 22:07:16 2012,http://mail-archives.apache.org/mod_mbox/ctakes-commits/201209.mbox/<20120924220606.E0B302388B56@eris.apache.org>,chenpei
Mon Sep 24 22:07:16 2012,http://mail-archives.apache.org/mod_mbox/ctakes-commits/201209.mbox/<20120924220606.E0B302388B56@eris.apache.org>,chenpei
Mon Sep 24 22:07:16 2012,http://mail-archives.apache.org/mod_mbox/ctakes-commits/201209.mbox/<20120924220606.E0B302388B56@eris.apache.org>,chenpei
Mon Sep 24 22:07:16 2012,http://mail-archives.apache.org/mod_mbox/ctakes-commits/201209.mbox/<20120924220606.E0B302388B56@eris.apache.org>,chenpei
Mon Sep 24 22:07:16 2012,http://mail-archives.apache.org/mod_mbox/ctakes-commits/201209.mbox/<20120924220606.E0B302388B56@eris.apache.org>,chenpei
Mon Sep 24 22:07:16 2012,http://mail-archives.apache.org/mod_mbox/ctakes-commits/201209.mbox/<20120924220606.E0B302388B56@eris.apache.org>,chenpei
Mon Sep 24 22:07:16 2012,http://mail-archives.apache.org/mod_mbox/ctakes-commits/201209.mbox/<20120924220606.E0B302388B56@eris.apache.org>,chenpei
Mon Sep 24 22:07:16 2012,http://mail-archives.apache.org/mod_mbox/ctakes-commits/201209.mbox/<20120924220606.E0B302388B56@eris.apache.org>,chenpei
Mon Sep 24 22:07:16 2012,http://mail-archives.apache.org/mod_mbox/ctakes-commits/201209.mbox/<20120924220606.E0B302388B56@eris.apache.org>,chenpei
Mon Sep 24 22:07:16 2012,http://mail-archives.apache.org/mod_mbox/ctakes-commits/201209.mbox/<20120924220606.E0B302388B56@eris.apache.org>,chenpei
Mon Sep 24 22:07:16 2012,http://mail-archives.apache.org/mod_mbox/ctakes-commits/201209.mbox/<20120924220606.E0B302388B56@eris.apache.org>,chenpei
Mon Sep 24 22:07:16 2012,http://mail-archives.apache.org/mod_mbox/ctakes-commits/201209.mbox/<20120924220606.E0B302388B56@eris.apache.org>,chenpei
Mon Sep 24 22:07:16 2012,http://mail-archives.apache.org/mod_mbox/ctakes-commits/201209.mbox/<20120924220606.E0B302388B56@eris.apache.org>,chenpei
Mon Sep 24 22:07:16 2012,http://mail-archives.apache.org/mod_mbox/ctakes-commits/201209.mbox/<20120924220606.E0B302388B56@eris.apache.org>,chenpei
Mon Sep 24 22:07:16 2012,http://mail-archives.apache.org/mod_mbox/ctakes-commits/201209.mbox/<20120924220606.E0B302388B56@eris.apache.org>,chenpei
Mon Sep 24 22:07:16 2012,http://mail-archives.apache.org/mod_mbox/ctakes-commits/201209.mbox/<20120924220606.E0B302388B56@eris.apache.org>,chenpei
Mon Sep 24 22:07:16 2012,http://mail-archives.apache.org/mod_mbox/ctakes-commits/201209.mbox/<20120924220606.E0B302388B56@eris.apache.org>,chenpei
Mon Sep 24 22:07:16 2012,http://mail-archives.apache.org/mod_mbox/ctakes-commits/201209.mbox/<20120924220606.E0B302388B56@eris.apache.org>,chenpei
Mon Sep 24 22:07:16 2012,http://mail-archives.apache.org/mod_mbox/ctakes-commits/201209.mbox/<20120924220606.E0B302388B56@eris.apache.org>,chenpei
Mon Sep 24 22:07:16 2012,http://mail-archives.apache.org/mod_mbox/ctakes-commits/201209.mbox/<20120924220606.E0B302388B56@eris.apache.org>,chenpei
Mon Sep 24 22:07:16 2012,http://mail-archives.apache.org/mod_mbox/ctakes-commits/201209.mbox/<20120924220606.E0B302388B56@eris.apache.org>,chenpei
Mon Sep 24 22:07:16 2012,http://mail-archives.apache.org/mod_mbox/ctakes-commits/201209.mbox/<20120924220606.E0B302388B56@eris.apache.org>,chenpei
Mon Sep 24 22:07:16 2012,http://mail-archives.apache.org/mod_mbox/ctakes-commits/201209.mbox/<20120924220606.E0B302388B56@eris.apache.org>,chenpei
Mon Sep 24 22:07:16 2012,http://mail-archives.apache.org/mod_mbox/ctakes-commits/201209.mbox/<20120924220606.E0B302388B56@eris.apache.org>,chenpei
Mon Sep 24 22:07:16 2012,http://mail-archives.apache.org/mod_mbox/ctakes-commits/201209.mbox/<20120924220606.E0B302388B56@eris.apache.org>,chenpei
Mon Sep 24 22:07:16 2012,http://mail-archives.apache.org/mod_mbox/ctakes-commits/201209.mbox/<20120924220606.E0B302388B56@eris.apache.org>,chenpei
Mon Sep 24 22:07:16 2012,http://mail-archives.apache.org/mod_mbox/ctakes-commits/201209.mbox/<20120924220606.E0B302388B56@eris.apache.org>,chenpei
Mon Sep 24 22:07:16 2012,http://mail-archives.apache.org/mod_mbox/ctakes-commits/201209.mbox/<20120924220606.E0B302388B56@eris.apache.org>,chenpei
Mon Sep 24 22:07:16 2012,http://mail-archives.apache.org/mod_mbox/ctakes-commits/201209.mbox/<20120924220606.E0B302388B56@eris.apache.org>,chenpei
Mon Sep 24 22:07:16 2012,http://mail-archives.apache.org/mod_mbox/ctakes-commits/201209.mbox/<20120924220606.E0B302388B56@eris.apache.org>,chenpei
Mon Sep 24 22:07:16 2012,http://mail-archives.apache.org/mod_mbox/ctakes-commits/201209.mbox/<20120924220606.E0B302388B56@eris.apache.org>,chenpei
Mon Sep 24 22:07:16 2012,http://mail-archives.apache.org/mod_mbox/ctakes-commits/201209.mbox/<20120924220606.E0B302388B56@eris.apache.org>,chenpei
Mon Sep 24 22:07:16 2012,http://mail-archives.apache.org/mod_mbox/ctakes-commits/201209.mbox/<20120924220606.E0B302388B56@eris.apache.org>,chenpei
Mon Sep 24 22:07:16 2012,http://mail-archives.apache.org/mod_mbox/ctakes-commits/201209.mbox/<20120924220606.E0B302388B56@eris.apache.org>,chenpei
Mon Sep 24 22:07:16 2012,http://mail-archives.apache.org/mod_mbox/ctakes-commits/201209.mbox/<20120924220606.E0B302388B56@eris.apache.org>,chenpei
Mon Sep 24 22:07:16 2012,http://mail-archives.apache.org/mod_mbox/ctakes-commits/201209.mbox/<20120924220606.E0B302388B56@eris.apache.org>,chenpei
Mon Sep 24 22:07:16 2012,http://mail-archives.apache.org/mod_mbox/ctakes-commits/201209.mbox/<20120924220606.E0B302388B56@eris.apache.org>,chenpei
Mon Sep 24 22:07:16 2012,http://mail-archives.apache.org/mod_mbox/ctakes-commits/201209.mbox/<20120924220606.E0B302388B56@eris.apache.org>,chenpei
Mon Sep 24 22:07:16 2012,http://mail-archives.apache.org/mod_mbox/ctakes-commits/201209.mbox/<20120924220606.E0B302388B56@eris.apache.org>,chenpei
Mon Sep 24 22:07:16 2012,http://mail-archives.apache.org/mod_mbox/ctakes-commits/201209.mbox/<20120924220606.E0B302388B56@eris.apache.org>,chenpei
Mon Sep 24 22:07:16 2012,http://mail-archives.apache.org/mod_mbox/ctakes-commits/201209.mbox/<20120924220606.E0B302388B56@eris.apache.org>,chenpei
Mon Sep 24 22:07:16 2012,http://mail-archives.apache.org/mod_mbox/ctakes-commits/201209.mbox/<20120924220606.E0B302388B56@eris.apache.org>,chenpei
Mon Sep 24 22:07:16 2012,http://mail-archives.apache.org/mod_mbox/ctakes-commits/201209.mbox/<20120924220606.E0B302388B56@eris.apache.org>,chenpei
Mon Sep 24 22:07:16 2012,http://mail-archives.apache.org/mod_mbox/ctakes-commits/201209.mbox/<20120924220606.E0B302388B56@eris.apache.org>,chenpei
Mon Sep 24 22:07:16 2012,http://mail-archives.apache.org/mod_mbox/ctakes-commits/201209.mbox/<20120924220606.E0B302388B56@eris.apache.org>,chenpei
Mon Sep 24 22:07:16 2012,http://mail-archives.apache.org/mod_mbox/ctakes-commits/201209.mbox/<20120924220606.E0B302388B56@eris.apache.org>,chenpei
Mon Sep 24 22:07:16 2012,http://mail-archives.apache.org/mod_mbox/ctakes-commits/201209.mbox/<20120924220606.E0B302388B56@eris.apache.org>,chenpei
Mon Sep 24 22:07:16 2012,http://mail-archives.apache.org/mod_mbox/ctakes-commits/201209.mbox/<20120924220606.E0B302388B56@eris.apache.org>,chenpei
Mon Sep 24 22:07:16 2012,http://mail-archives.apache.org/mod_mbox/ctakes-commits/201209.mbox/<20120924220606.E0B302388B56@eris.apache.org>,chenpei
Mon Sep 24 22:07:16 2012,http://mail-archives.apache.org/mod_mbox/ctakes-commits/201209.mbox/<20120924220606.E0B302388B56@eris.apache.org>,chenpei
Mon Sep 24 22:07:16 2012,http://mail-archives.apache.org/mod_mbox/ctakes-commits/201209.mbox/<20120924220606.E0B302388B56@eris.apache.org>,chenpei
Mon Sep 24 22:07:16 2012,http://mail-archives.apache.org/mod_mbox/ctakes-commits/201209.mbox/<20120924220606.E0B302388B56@eris.apache.org>,chenpei
Mon Sep 24 22:07:16 2012,http://mail-archives.apache.org/mod_mbox/ctakes-commits/201209.mbox/<20120924220606.E0B302388B56@eris.apache.org>,chenpei
Mon Sep 24 22:07:16 2012,http://mail-archives.apache.org/mod_mbox/ctakes-commits/201209.mbox/<20120924220606.E0B302388B56@eris.apache.org>,chenpei
Mon Sep 24 22:07:16 2012,http://mail-archives.apache.org/mod_mbox/ctakes-commits/201209.mbox/<20120924220606.E0B302388B56@eris.apache.org>,chenpei
Mon Sep 24 22:07:16 2012,http://mail-archives.apache.org/mod_mbox/ctakes-commits/201209.mbox/<20120924220606.E0B302388B56@eris.apache.org>,chenpei
Mon Sep 24 22:07:16 2012,http://mail-archives.apache.org/mod_mbox/ctakes-commits/201209.mbox/<20120924220606.E0B302388B56@eris.apache.org>,chenpei
Mon Sep 24 22:07:16 2012,http://mail-archives.apache.org/mod_mbox/ctakes-commits/201209.mbox/<20120924220606.E0B302388B56@eris.apache.org>,chenpei
Mon Sep 24 22:07:16 2012,http://mail-archives.apache.org/mod_mbox/ctakes-commits/201209.mbox/<20120924220606.E0B302388B56@eris.apache.org>,chenpei
Mon Sep 24 22:07:16 2012,http://mail-archives.apache.org/mod_mbox/ctakes-commits/201209.mbox/<20120924220606.E0B302388B56@eris.apache.org>,chenpei
Mon Sep 24 22:07:16 2012,http://mail-archives.apache.org/mod_mbox/ctakes-commits/201209.mbox/<20120924220606.E0B302388B56@eris.apache.org>,chenpei
Mon Sep 24 22:07:16 2012,http://mail-archives.apache.org/mod_mbox/ctakes-commits/201209.mbox/<20120924220606.E0B302388B56@eris.apache.org>,chenpei
Mon Sep 24 22:07:16 2012,http://mail-archives.apache.org/mod_mbox/ctakes-commits/201209.mbox/<20120924220606.E0B302388B56@eris.apache.org>,chenpei
Mon Sep 24 22:07:16 2012,http://mail-archives.apache.org/mod_mbox/ctakes-commits/201209.mbox/<20120924220606.E0B302388B56@eris.apache.org>,chenpei
Mon Sep 24 22:07:16 2012,http://mail-archives.apache.org/mod_mbox/ctakes-commits/201209.mbox/<20120924220606.E0B302388B56@eris.apache.org>,chenpei
Mon Sep 24 22:07:16 2012,http://mail-archives.apache.org/mod_mbox/ctakes-commits/201209.mbox/<20120924220606.DAC1C2388ADA@eris.apache.org>,chenpei
Mon Sep 24 22:07:16 2012,http://mail-archives.apache.org/mod_mbox/ctakes-commits/201209.mbox/<20120924220606.E0B302388B56@eris.apache.org>,chenpei
Mon Sep 24 22:07:16 2012,http://mail-archives.apache.org/mod_mbox/ctakes-commits/201209.mbox/<20120924220606.E0B302388B56@eris.apache.org>,chenpei
Mon Sep 24 22:07:16 2012,http://mail-archives.apache.org/mod_mbox/ctakes-commits/201209.mbox/<20120924220606.E0B302388B56@eris.apache.org>,chenpei
Mon Sep 24 22:07:16 2012,http://mail-archives.apache.org/mod_mbox/ctakes-commits/201209.mbox/<20120924220606.E0B302388B56@eris.apache.org>,chenpei
Mon Sep 24 22:07:16 2012,http://mail-archives.apache.org/mod_mbox/ctakes-commits/201209.mbox/<20120924220606.E0B302388B56@eris.apache.org>,chenpei
Mon Sep 24 22:07:16 2012,http://mail-archives.apache.org/mod_mbox/ctakes-commits/201209.mbox/<20120924220606.E0B302388B56@eris.apache.org>,chenpei
Mon Sep 24 22:07:16 2012,http://mail-archives.apache.org/mod_mbox/ctakes-commits/201209.mbox/<20120924220606.E0B302388B56@eris.apache.org>,chenpei
Mon Sep 24 22:07:16 2012,http://mail-archives.apache.org/mod_mbox/ctakes-commits/201209.mbox/<20120924220606.E0B302388B56@eris.apache.org>,chenpei
Mon Sep 24 22:07:16 2012,http://mail-archives.apache.org/mod_mbox/ctakes-commits/201209.mbox/<20120924220606.E0B302388B56@eris.apache.org>,chenpei
Mon Sep 24 22:07:16 2012,http://mail-archives.apache.org/mod_mbox/ctakes-commits/201209.mbox/<20120924220606.E0B302388B56@eris.apache.org>,chenpei
Mon Sep 24 22:07:16 2012,http://mail-archives.apache.org/mod_mbox/ctakes-commits/201209.mbox/<20120924220606.E0B302388B56@eris.apache.org>,chenpei
Mon Sep 24 22:07:16 2012,http://mail-archives.apache.org/mod_mbox/ctakes-commits/201209.mbox/<20120924220606.E0B302388B56@eris.apache.org>,chenpei
Mon Sep 24 22:07:16 2012,http://mail-archives.apache.org/mod_mbox/ctakes-commits/201209.mbox/<20120924220606.E0B302388B56@eris.apache.org>,chenpei
Mon Sep 24 22:07:16 2012,http://mail-archives.apache.org/mod_mbox/ctakes-commits/201209.mbox/<20120924220606.E0B302388B56@eris.apache.org>,chenpei
Mon Sep 24 22:07:16 2012,http://mail-archives.apache.org/mod_mbox/ctakes-commits/201209.mbox/<20120924220606.E0B302388B56@eris.apache.org>,chenpei
Mon Sep 24 22:07:16 2012,http://mail-archives.apache.org/mod_mbox/ctakes-commits/201209.mbox/<20120924220606.E0B302388B56@eris.apache.org>,chenpei
Mon Sep 24 22:07:16 2012,http://mail-archives.apache.org/mod_mbox/ctakes-commits/201209.mbox/<20120924220606.E0B302388B56@eris.apache.org>,chenpei
Mon Sep 24 22:07:16 2012,http://mail-archives.apache.org/mod_mbox/ctakes-commits/201209.mbox/<20120924220606.E0B302388B56@eris.apache.org>,chenpei
Mon Sep 24 22:07:16 2012,http://mail-archives.apache.org/mod_mbox/ctakes-commits/201209.mbox/<20120924220606.E0B302388B56@eris.apache.org>,chenpei
Mon Sep 24 22:07:16 2012,http://mail-archives.apache.org/mod_mbox/ctakes-commits/201209.mbox/<20120924220606.E0B302388B56@eris.apache.org>,chenpei
Mon Sep 24 22:07:16 2012,http://mail-archives.apache.org/mod_mbox/ctakes-commits/201209.mbox/<20120924220606.E0B302388B56@eris.apache.org>,chenpei
Mon Sep 24 22:07:16 2012,http://mail-archives.apache.org/mod_mbox/ctakes-commits/201209.mbox/<20120924220606.E0B302388B56@eris.apache.org>,chenpei
Mon Sep 24 22:07:16 2012,http://mail-archives.apache.org/mod_mbox/ctakes-commits/201209.mbox/<20120924220606.E0B302388B56@eris.apache.org>,chenpei
Mon Sep 24 22:07:16 2012,http://mail-archives.apache.org/mod_mbox/ctakes-commits/201209.mbox/<20120924220606.E0B302388B56@eris.apache.org>,chenpei
Mon Sep 24 22:07:16 2012,http://mail-archives.apache.org/mod_mbox/ctakes-commits/201209.mbox/<20120924220606.E0B302388B56@eris.apache.org>,chenpei
Mon Sep 24 22:07:16 2012,http://mail-archives.apache.org/mod_mbox/ctakes-commits/201209.mbox/<20120924220606.E0B302388B56@eris.apache.org>,chenpei
Mon Sep 24 22:07:16 2012,http://mail-archives.apache.org/mod_mbox/ctakes-commits/201209.mbox/<20120924220606.E0B302388B56@eris.apache.org>,chenpei
Mon Sep 24 22:07:16 2012,http://mail-archives.apache.org/mod_mbox/ctakes-commits/201209.mbox/<20120924220606.E0B302388B56@eris.apache.org>,chenpei
Mon Sep 24 22:07:16 2012,http://mail-archives.apache.org/mod_mbox/ctakes-commits/201209.mbox/<20120924220606.E0B302388B56@eris.apache.org>,chenpei
Mon Sep 24 22:07:16 2012,http://mail-archives.apache.org/mod_mbox/ctakes-commits/201209.mbox/<20120924220606.E0B302388B56@eris.apache.org>,chenpei
Mon Sep 24 22:07:16 2012,http://mail-archives.apache.org/mod_mbox/ctakes-commits/201209.mbox/<20120924220606.E0B302388B56@eris.apache.org>,chenpei
Mon Sep 24 22:07:16 2012,http://mail-archives.apache.org/mod_mbox/ctakes-commits/201209.mbox/<20120924220606.E0B302388B56@eris.apache.org>,chenpei
Mon Sep 24 22:07:16 2012,http://mail-archives.apache.org/mod_mbox/ctakes-commits/201209.mbox/<20120924220606.E0B302388B56@eris.apache.org>,chenpei
Mon Sep 24 22:07:16 2012,http://mail-archives.apache.org/mod_mbox/ctakes-commits/201209.mbox/<20120924220606.E0B302388B56@eris.apache.org>,chenpei
Mon Sep 24 22:07:16 2012,http://mail-archives.apache.org/mod_mbox/ctakes-commits/201209.mbox/<20120924220606.E0B302388B56@eris.apache.org>,chenpei
Mon Sep 24 22:07:16 2012,http://mail-archives.apache.org/mod_mbox/ctakes-commits/201209.mbox/<20120924220606.E0B302388B56@eris.apache.org>,chenpei
Mon Sep 24 22:07:16 2012,http://mail-archives.apache.org/mod_mbox/ctakes-commits/201209.mbox/<20120924220606.E0B302388B56@eris.apache.org>,chenpei
Mon Sep 24 22:07:16 2012,http://mail-archives.apache.org/mod_mbox/ctakes-commits/201209.mbox/<20120924220606.E0B302388B56@eris.apache.org>,chenpei
Mon Sep 24 22:07:16 2012,http://mail-archives.apache.org/mod_mbox/ctakes-commits/201209.mbox/<20120924220606.E0B302388B56@eris.apache.org>,chenpei
Mon Sep 24 22:07:16 2012,http://mail-archives.apache.org/mod_mbox/ctakes-commits/201209.mbox/<20120924220606.E0B302388B56@eris.apache.org>,chenpei
Mon Sep 24 22:07:16 2012,http://mail-archives.apache.org/mod_mbox/ctakes-commits/201209.mbox/<20120924220606.E0B302388B56@eris.apache.org>,chenpei
Mon Sep 24 22:07:16 2012,http://mail-archives.apache.org/mod_mbox/ctakes-commits/201209.mbox/<20120924220606.E0B302388B56@eris.apache.org>,chenpei
Mon Sep 24 22:07:16 2012,http://mail-archives.apache.org/mod_mbox/ctakes-commits/201209.mbox/<20120924220606.E0B302388B56@eris.apache.org>,chenpei
Mon Sep 24 22:07:16 2012,http://mail-archives.apache.org/mod_mbox/ctakes-commits/201209.mbox/<20120924220606.E0B302388B56@eris.apache.org>,chenpei
Mon Sep 24 22:07:16 2012,http://mail-archives.apache.org/mod_mbox/ctakes-commits/201209.mbox/<20120924220606.E0B302388B56@eris.apache.org>,chenpei
Mon Sep 24 22:07:16 2012,http://mail-archives.apache.org/mod_mbox/ctakes-commits/201209.mbox/<20120924220606.E0B302388B56@eris.apache.org>,chenpei
Mon Sep 24 22:07:16 2012,http://mail-archives.apache.org/mod_mbox/ctakes-commits/201209.mbox/<20120924220606.E0B302388B56@eris.apache.org>,chenpei
Mon Sep 24 22:07:16 2012,http://mail-archives.apache.org/mod_mbox/ctakes-commits/201209.mbox/<20120924220606.E0B302388B56@eris.apache.org>,chenpei
Mon Sep 24 22:07:16 2012,http://mail-archives.apache.org/mod_mbox/ctakes-commits/201209.mbox/<20120924220606.E0B302388B56@eris.apache.org>,chenpei
Mon Sep 24 22:07:16 2012,http://mail-archives.apache.org/mod_mbox/ctakes-commits/201209.mbox/<20120924220606.E0B302388B56@eris.apache.org>,chenpei
Mon Sep 24 22:07:16 2012,http://mail-archives.apache.org/mod_mbox/ctakes-commits/201209.mbox/<20120924220606.E0B302388B56@eris.apache.org>,chenpei
Mon Sep 24 22:07:16 2012,http://mail-archives.apache.org/mod_mbox/ctakes-commits/201209.mbox/<20120924220606.E0B302388B56@eris.apache.org>,chenpei
Mon Sep 24 22:07:16 2012,http://mail-archives.apache.org/mod_mbox/ctakes-commits/201209.mbox/<20120924220606.E0B302388B56@eris.apache.org>,chenpei
Mon Sep 24 22:07:16 2012,http://mail-archives.apache.org/mod_mbox/ctakes-commits/201209.mbox/<20120924220606.E0B302388B56@eris.apache.org>,chenpei
Mon Sep 24 22:07:16 2012,http://mail-archives.apache.org/mod_mbox/ctakes-commits/201209.mbox/<20120924220606.E0B302388B56@eris.apache.org>,chenpei
Mon Sep 24 22:07:16 2012,http://mail-archives.apache.org/mod_mbox/ctakes-commits/201209.mbox/<20120924220606.E0B302388B56@eris.apache.org>,chenpei
Mon Sep 24 22:07:16 2012,http://mail-archives.apache.org/mod_mbox/ctakes-commits/201209.mbox/<20120924220606.E0B302388B56@eris.apache.org>,chenpei
Mon Sep 24 22:07:16 2012,http://mail-archives.apache.org/mod_mbox/ctakes-commits/201209.mbox/<20120924220606.E0B302388B56@eris.apache.org>,chenpei
Mon Sep 24 22:07:16 2012,http://mail-archives.apache.org/mod_mbox/ctakes-commits/201209.mbox/<20120924220606.E0B302388B56@eris.apache.org>,chenpei
Mon Sep 24 22:07:16 2012,http://mail-archives.apache.org/mod_mbox/ctakes-commits/201209.mbox/<20120924220606.E0B302388B56@eris.apache.org>,chenpei
Mon Sep 24 22:07:16 2012,http://mail-archives.apache.org/mod_mbox/ctakes-commits/201209.mbox/<20120924220606.E0B302388B56@eris.apache.org>,chenpei
Mon Sep 24 22:07:16 2012,http://mail-archives.apache.org/mod_mbox/ctakes-commits/201209.mbox/<20120924220606.E0B302388B56@eris.apache.org>,chenpei
Mon Sep 24 22:07:16 2012,http://mail-archives.apache.org/mod_mbox/ctakes-commits/201209.mbox/<20120924220606.E0B302388B56@eris.apache.org>,chenpei
Mon Sep 24 22:07:16 2012,http://mail-archives.apache.org/mod_mbox/ctakes-commits/201209.mbox/<20120924220606.E0B302388B56@eris.apache.org>,chenpei
Mon Sep 24 22:07:16 2012,http://mail-archives.apache.org/mod_mbox/ctakes-commits/201209.mbox/<20120924220606.E0B302388B56@eris.apache.org>,chenpei
Mon Sep 24 22:07:16 2012,http://mail-archives.apache.org/mod_mbox/ctakes-commits/201209.mbox/<20120924220606.E0B302388B56@eris.apache.org>,chenpei
Mon Sep 24 22:07:16 2012,http://mail-archives.apache.org/mod_mbox/ctakes-commits/201209.mbox/<20120924220606.E0B302388B56@eris.apache.org>,chenpei
Mon Sep 24 22:07:16 2012,http://mail-archives.apache.org/mod_mbox/ctakes-commits/201209.mbox/<20120924220606.E0B302388B56@eris.apache.org>,chenpei
Mon Sep 24 22:07:16 2012,http://mail-archives.apache.org/mod_mbox/ctakes-commits/201209.mbox/<20120924220606.E0B302388B56@eris.apache.org>,chenpei
Mon Sep 24 22:07:16 2012,http://mail-archives.apache.org/mod_mbox/ctakes-commits/201209.mbox/<20120924220606.E0B302388B56@eris.apache.org>,chenpei
Mon Sep 24 22:07:16 2012,http://mail-archives.apache.org/mod_mbox/ctakes-commits/201209.mbox/<20120924220606.E0B302388B56@eris.apache.org>,chenpei
Mon Sep 24 22:07:16 2012,http://mail-archives.apache.org/mod_mbox/ctakes-commits/201209.mbox/<20120924220606.E0B302388B56@eris.apache.org>,chenpei
Mon Sep 24 22:07:16 2012,http://mail-archives.apache.org/mod_mbox/ctakes-commits/201209.mbox/<20120924220606.E0B302388B56@eris.apache.org>,chenpei
Mon Sep 24 22:07:16 2012,http://mail-archives.apache.org/mod_mbox/ctakes-commits/201209.mbox/<20120924220606.E0B302388B56@eris.apache.org>,chenpei
Mon Sep 24 22:07:16 2012,http://mail-archives.apache.org/mod_mbox/ctakes-commits/201209.mbox/<20120924220606.E0B302388B56@eris.apache.org>,chenpei
Mon Sep 24 22:07:16 2012,http://mail-archives.apache.org/mod_mbox/ctakes-commits/201209.mbox/<20120924220606.E0B302388B56@eris.apache.org>,chenpei
Mon Sep 24 22:07:16 2012,http://mail-archives.apache.org/mod_mbox/ctakes-commits/201209.mbox/<20120924220606.E0B302388B56@eris.apache.org>,chenpei
Mon Sep 24 22:07:16 2012,http://mail-archives.apache.org/mod_mbox/ctakes-commits/201209.mbox/<20120924220606.E0B302388B56@eris.apache.org>,chenpei
Mon Sep 24 22:07:16 2012,http://mail-archives.apache.org/mod_mbox/ctakes-commits/201209.mbox/<20120924220606.E0B302388B56@eris.apache.org>,chenpei
Mon Sep 24 22:07:16 2012,http://mail-archives.apache.org/mod_mbox/ctakes-commits/201209.mbox/<20120924220606.E0B302388B56@eris.apache.org>,chenpei
Mon Sep 24 22:07:16 2012,http://mail-archives.apache.org/mod_mbox/ctakes-commits/201209.mbox/<20120924220606.E0B302388B56@eris.apache.org>,chenpei
Mon Sep 24 22:07:16 2012,http://mail-archives.apache.org/mod_mbox/ctakes-commits/201209.mbox/<20120924220606.E0B302388B56@eris.apache.org>,chenpei
Mon Sep 24 22:07:16 2012,http://mail-archives.apache.org/mod_mbox/ctakes-commits/201209.mbox/<20120924220606.E0B302388B56@eris.apache.org>,chenpei
Mon Sep 24 22:07:16 2012,http://mail-archives.apache.org/mod_mbox/ctakes-commits/201209.mbox/<20120924220606.E0B302388B56@eris.apache.org>,chenpei
Mon Sep 24 22:07:16 2012,http://mail-archives.apache.org/mod_mbox/ctakes-commits/201209.mbox/<20120924220606.E0B302388B56@eris.apache.org>,chenpei
Mon Sep 24 22:07:16 2012,http://mail-archives.apache.org/mod_mbox/ctakes-commits/201209.mbox/<20120924220606.E0B302388B56@eris.apache.org>,chenpei
Mon Sep 24 22:07:16 2012,http://mail-archives.apache.org/mod_mbox/ctakes-commits/201209.mbox/<20120924220606.E0B302388B56@eris.apache.org>,chenpei
Mon Sep 24 22:07:16 2012,http://mail-archives.apache.org/mod_mbox/ctakes-commits/201209.mbox/<20120924220606.E0B302388B56@eris.apache.org>,chenpei
Mon Sep 24 22:07:16 2012,http://mail-archives.apache.org/mod_mbox/ctakes-commits/201209.mbox/<20120924220606.E0B302388B56@eris.apache.org>,chenpei
Mon Sep 24 22:07:16 2012,http://mail-archives.apache.org/mod_mbox/ctakes-commits/201209.mbox/<20120924220606.E0B302388B56@eris.apache.org>,chenpei
Mon Sep 24 22:07:16 2012,http://mail-archives.apache.org/mod_mbox/ctakes-commits/201209.mbox/<20120924220606.E0B302388B56@eris.apache.org>,chenpei
Mon Sep 24 22:07:16 2012,http://mail-archives.apache.org/mod_mbox/ctakes-commits/201209.mbox/<20120924220606.E0B302388B56@eris.apache.org>,chenpei
Mon Sep 24 22:07:16 2012,http://mail-archives.apache.org/mod_mbox/ctakes-commits/201209.mbox/<20120924220606.E0B302388B56@eris.apache.org>,chenpei
Mon Sep 24 22:07:16 2012,http://mail-archives.apache.org/mod_mbox/ctakes-commits/201209.mbox/<20120924220606.E0B302388B56@eris.apache.org>,chenpei
Mon Sep 24 22:07:16 2012,http://mail-archives.apache.org/mod_mbox/ctakes-commits/201209.mbox/<20120924220606.E0B302388B56@eris.apache.org>,chenpei
Mon Sep 24 22:07:16 2012,http://mail-archives.apache.org/mod_mbox/ctakes-commits/201209.mbox/<20120924220606.E0B302388B56@eris.apache.org>,chenpei
Mon Sep 24 22:07:16 2012,http://mail-archives.apache.org/mod_mbox/ctakes-commits/201209.mbox/<20120924220606.E0B302388B56@eris.apache.org>,chenpei
Mon Sep 24 22:07:16 2012,http://mail-archives.apache.org/mod_mbox/ctakes-commits/201209.mbox/<20120924220606.E0B302388B56@eris.apache.org>,chenpei
Mon Sep 24 22:07:16 2012,http://mail-archives.apache.org/mod_mbox/ctakes-commits/201209.mbox/<20120924220606.E0B302388B56@eris.apache.org>,chenpei
Mon Sep 24 22:07:16 2012,http://mail-archives.apache.org/mod_mbox/ctakes-commits/201209.mbox/<20120924220606.E0B302388B56@eris.apache.org>,chenpei
Mon Sep 24 22:07:16 2012,http://mail-archives.apache.org/mod_mbox/ctakes-commits/201209.mbox/<20120924220606.E0B302388B56@eris.apache.org>,chenpei
Mon Sep 24 22:07:16 2012,http://mail-archives.apache.org/mod_mbox/ctakes-commits/201209.mbox/<20120924220606.E0B302388B56@eris.apache.org>,chenpei
Mon Sep 24 22:07:16 2012,http://mail-archives.apache.org/mod_mbox/ctakes-commits/201209.mbox/<20120924220606.E0B302388B56@eris.apache.org>,chenpei
Mon Sep 24 22:07:16 2012,http://mail-archives.apache.org/mod_mbox/ctakes-commits/201209.mbox/<20120924220606.E0B302388B56@eris.apache.org>,chenpei
Mon Sep 24 22:07:16 2012,http://mail-archives.apache.org/mod_mbox/ctakes-commits/201209.mbox/<20120924220606.E0B302388B56@eris.apache.org>,chenpei
Mon Sep 24 22:07:16 2012,http://mail-archives.apache.org/mod_mbox/ctakes-commits/201209.mbox/<20120924220606.E0B302388B56@eris.apache.org>,chenpei
Mon Sep 24 22:07:16 2012,http://mail-archives.apache.org/mod_mbox/ctakes-commits/201209.mbox/<20120924220606.E0B302388B56@eris.apache.org>,chenpei
Mon Sep 24 22:07:16 2012,http://mail-archives.apache.org/mod_mbox/ctakes-commits/201209.mbox/<20120924220606.E0B302388B56@eris.apache.org>,chenpei
Mon Sep 24 22:07:16 2012,http://mail-archives.apache.org/mod_mbox/ctakes-commits/201209.mbox/<20120924220606.E0B302388B56@eris.apache.org>,chenpei
Mon Sep 24 22:07:16 2012,http://mail-archives.apache.org/mod_mbox/ctakes-commits/201209.mbox/<20120924220606.E0B302388B56@eris.apache.org>,chenpei
Mon Sep 24 22:07:16 2012,http://mail-archives.apache.org/mod_mbox/ctakes-commits/201209.mbox/<20120924220606.E0B302388B56@eris.apache.org>,chenpei
Mon Sep 24 22:07:16 2012,http://mail-archives.apache.org/mod_mbox/ctakes-commits/201209.mbox/<20120924220606.E0B302388B56@eris.apache.org>,chenpei
Mon Sep 24 22:07:16 2012,http://mail-archives.apache.org/mod_mbox/ctakes-commits/201209.mbox/<20120924220606.E0B302388B56@eris.apache.org>,chenpei
Mon Sep 24 22:07:16 2012,http://mail-archives.apache.org/mod_mbox/ctakes-commits/201209.mbox/<20120924220606.E0B302388B56@eris.apache.org>,chenpei
Mon Sep 24 22:07:16 2012,http://mail-archives.apache.org/mod_mbox/ctakes-commits/201209.mbox/<20120924220606.E0B302388B56@eris.apache.org>,chenpei
Mon Sep 24 22:07:16 2012,http://mail-archives.apache.org/mod_mbox/ctakes-commits/201209.mbox/<20120924220606.E0B302388B56@eris.apache.org>,chenpei
Mon Sep 24 22:07:16 2012,http://mail-archives.apache.org/mod_mbox/ctakes-commits/201209.mbox/<20120924220606.E0B302388B56@eris.apache.org>,chenpei
Mon Sep 24 22:07:16 2012,http://mail-archives.apache.org/mod_mbox/ctakes-commits/201209.mbox/<20120924220606.E0B302388B56@eris.apache.org>,chenpei
Mon Sep 24 22:07:16 2012,http://mail-archives.apache.org/mod_mbox/ctakes-commits/201209.mbox/<20120924220606.E0B302388B56@eris.apache.org>,chenpei
Mon Sep 24 22:07:16 2012,http://mail-archives.apache.org/mod_mbox/ctakes-commits/201209.mbox/<20120924220606.E0B302388B56@eris.apache.org>,chenpei
Mon Sep 24 22:07:16 2012,http://mail-archives.apache.org/mod_mbox/ctakes-commits/201209.mbox/<20120924220606.E0B302388B56@eris.apache.org>,chenpei
Mon Sep 24 22:07:16 2012,http://mail-archives.apache.org/mod_mbox/ctakes-commits/201209.mbox/<20120924220606.E0B302388B56@eris.apache.org>,chenpei
Mon Sep 24 22:07:16 2012,http://mail-archives.apache.org/mod_mbox/ctakes-commits/201209.mbox/<20120924220606.E0B302388B56@eris.apache.org>,chenpei
Mon Sep 24 22:07:16 2012,http://mail-archives.apache.org/mod_mbox/ctakes-commits/201209.mbox/<20120924220606.E0B302388B56@eris.apache.org>,chenpei
Mon Sep 24 22:07:16 2012,http://mail-archives.apache.org/mod_mbox/ctakes-commits/201209.mbox/<20120924220606.E0B302388B56@eris.apache.org>,chenpei
Mon Sep 24 22:07:16 2012,http://mail-archives.apache.org/mod_mbox/ctakes-commits/201209.mbox/<20120924220606.E0B302388B56@eris.apache.org>,chenpei
Mon Sep 24 22:07:16 2012,http://mail-archives.apache.org/mod_mbox/ctakes-commits/201209.mbox/<20120924220606.E0B302388B56@eris.apache.org>,chenpei
Mon Sep 24 22:07:16 2012,http://mail-archives.apache.org/mod_mbox/ctakes-commits/201209.mbox/<20120924220606.E0B302388B56@eris.apache.org>,chenpei
Mon Sep 24 22:07:16 2012,http://mail-archives.apache.org/mod_mbox/ctakes-commits/201209.mbox/<20120924220606.E0B302388B56@eris.apache.org>,chenpei
Mon Sep 24 22:07:16 2012,http://mail-archives.apache.org/mod_mbox/ctakes-commits/201209.mbox/<20120924220606.E0B302388B56@eris.apache.org>,chenpei
Mon Sep 24 22:07:16 2012,http://mail-archives.apache.org/mod_mbox/ctakes-commits/201209.mbox/<20120924220606.E0B302388B56@eris.apache.org>,chenpei
Mon Sep 24 22:07:16 2012,http://mail-archives.apache.org/mod_mbox/ctakes-commits/201209.mbox/<20120924220606.E0B302388B56@eris.apache.org>,chenpei
Mon Sep 24 22:07:16 2012,http://mail-archives.apache.org/mod_mbox/ctakes-commits/201209.mbox/<20120924220606.E0B302388B56@eris.apache.org>,chenpei
Mon Sep 24 22:07:16 2012,http://mail-archives.apache.org/mod_mbox/ctakes-commits/201209.mbox/<20120924220606.E0B302388B56@eris.apache.org>,chenpei
Mon Sep 24 22:07:16 2012,http://mail-archives.apache.org/mod_mbox/ctakes-commits/201209.mbox/<20120924220606.E0B302388B56@eris.apache.org>,chenpei
Mon Sep 24 22:07:16 2012,http://mail-archives.apache.org/mod_mbox/ctakes-commits/201209.mbox/<20120924220606.E0B302388B56@eris.apache.org>,chenpei
Mon Sep 24 22:07:16 2012,http://mail-archives.apache.org/mod_mbox/ctakes-commits/201209.mbox/<20120924220606.E0B302388B56@eris.apache.org>,chenpei
Mon Sep 24 22:07:16 2012,http://mail-archives.apache.org/mod_mbox/ctakes-commits/201209.mbox/<20120924220606.E0B302388B56@eris.apache.org>,chenpei
Mon Sep 24 22:07:16 2012,http://mail-archives.apache.org/mod_mbox/ctakes-commits/201209.mbox/<20120924220606.E0B302388B56@eris.apache.org>,chenpei
Mon Sep 24 22:07:16 2012,http://mail-archives.apache.org/mod_mbox/ctakes-commits/201209.mbox/<20120924220606.E0B302388B56@eris.apache.org>,chenpei
Mon Sep 24 22:07:16 2012,http://mail-archives.apache.org/mod_mbox/ctakes-commits/201209.mbox/<20120924220606.E0B302388B56@eris.apache.org>,chenpei
Mon Sep 24 22:07:16 2012,http://mail-archives.apache.org/mod_mbox/ctakes-commits/201209.mbox/<20120924220606.E0B302388B56@eris.apache.org>,chenpei
Mon Sep 24 22:07:16 2012,http://mail-archives.apache.org/mod_mbox/ctakes-commits/201209.mbox/<20120924220606.E0B302388B56@eris.apache.org>,chenpei
Mon Sep 24 22:07:16 2012,http://mail-archives.apache.org/mod_mbox/ctakes-commits/201209.mbox/<20120924220606.E0B302388B56@eris.apache.org>,chenpei
Mon Sep 24 22:07:16 2012,http://mail-archives.apache.org/mod_mbox/ctakes-commits/201209.mbox/<20120924220606.E0B302388B56@eris.apache.org>,chenpei
Mon Sep 24 22:07:16 2012,http://mail-archives.apache.org/mod_mbox/ctakes-commits/201209.mbox/<20120924220606.E0B302388B56@eris.apache.org>,chenpei
Mon Sep 24 22:07:16 2012,http://mail-archives.apache.org/mod_mbox/ctakes-commits/201209.mbox/<20120924220606.E0B302388B56@eris.apache.org>,chenpei
Mon Sep 24 22:07:16 2012,http://mail-archives.apache.org/mod_mbox/ctakes-commits/201209.mbox/<20120924220606.E0B302388B56@eris.apache.org>,chenpei
Mon Sep 24 22:07:16 2012,http://mail-archives.apache.org/mod_mbox/ctakes-commits/201209.mbox/<20120924220606.E0B302388B56@eris.apache.org>,chenpei
Mon Sep 24 22:07:16 2012,http://mail-archives.apache.org/mod_mbox/ctakes-commits/201209.mbox/<20120924220606.E0B302388B56@eris.apache.org>,chenpei
Mon Sep 24 22:07:16 2012,http://mail-archives.apache.org/mod_mbox/ctakes-commits/201209.mbox/<20120924220606.E0B302388B56@eris.apache.org>,chenpei
Mon Sep 24 22:07:16 2012,http://mail-archives.apache.org/mod_mbox/ctakes-commits/201209.mbox/<20120924220606.E0B302388B56@eris.apache.org>,chenpei
Mon Sep 24 22:07:16 2012,http://mail-archives.apache.org/mod_mbox/ctakes-commits/201209.mbox/<20120924220606.E0B302388B56@eris.apache.org>,chenpei
Mon Sep 24 22:07:16 2012,http://mail-archives.apache.org/mod_mbox/ctakes-commits/201209.mbox/<20120924220606.E0B302388B56@eris.apache.org>,chenpei
Mon Sep 24 22:07:16 2012,http://mail-archives.apache.org/mod_mbox/ctakes-commits/201209.mbox/<20120924220606.E0B302388B56@eris.apache.org>,chenpei
Mon Sep 24 22:07:16 2012,http://mail-archives.apache.org/mod_mbox/ctakes-commits/201209.mbox/<20120924220606.E0B302388B56@eris.apache.org>,chenpei
Mon Sep 24 22:07:16 2012,http://mail-archives.apache.org/mod_mbox/ctakes-commits/201209.mbox/<20120924220606.E0B302388B56@eris.apache.org>,chenpei
Mon Sep 24 22:07:16 2012,http://mail-archives.apache.org/mod_mbox/ctakes-commits/201209.mbox/<20120924220606.E0B302388B56@eris.apache.org>,chenpei
Mon Sep 24 22:07:16 2012,http://mail-archives.apache.org/mod_mbox/ctakes-commits/201209.mbox/<20120924220606.E0B302388B56@eris.apache.org>,chenpei
Mon Sep 24 22:07:16 2012,http://mail-archives.apache.org/mod_mbox/ctakes-commits/201209.mbox/<20120924220606.E0B302388B56@eris.apache.org>,chenpei
Mon Sep 24 22:07:16 2012,http://mail-archives.apache.org/mod_mbox/ctakes-commits/201209.mbox/<20120924220606.E0B302388B56@eris.apache.org>,chenpei
Mon Sep 24 22:07:16 2012,http://mail-archives.apache.org/mod_mbox/ctakes-commits/201209.mbox/<20120924220606.E0B302388B56@eris.apache.org>,chenpei
Mon Sep 24 22:07:16 2012,http://mail-archives.apache.org/mod_mbox/ctakes-commits/201209.mbox/<20120924220606.E0B302388B56@eris.apache.org>,chenpei
Mon Sep 24 22:07:16 2012,http://mail-archives.apache.org/mod_mbox/ctakes-commits/201209.mbox/<20120924220606.E0B302388B56@eris.apache.org>,chenpei
Mon Sep 24 22:07:16 2012,http://mail-archives.apache.org/mod_mbox/ctakes-commits/201209.mbox/<20120924220606.E0B302388B56@eris.apache.org>,chenpei
Mon Sep 24 22:07:16 2012,http://mail-archives.apache.org/mod_mbox/ctakes-commits/201209.mbox/<20120924220606.E0B302388B56@eris.apache.org>,chenpei
Mon Sep 24 22:07:16 2012,http://mail-archives.apache.org/mod_mbox/ctakes-commits/201209.mbox/<20120924220606.E0B302388B56@eris.apache.org>,chenpei
Mon Sep 24 22:07:16 2012,http://mail-archives.apache.org/mod_mbox/ctakes-commits/201209.mbox/<20120924220606.E0B302388B56@eris.apache.org>,chenpei
Mon Sep 24 22:07:16 2012,http://mail-archives.apache.org/mod_mbox/ctakes-commits/201209.mbox/<20120924220606.E0B302388B56@eris.apache.org>,chenpei
Mon Sep 24 22:07:16 2012,http://mail-archives.apache.org/mod_mbox/ctakes-commits/201209.mbox/<20120924220606.E0B302388B56@eris.apache.org>,chenpei
Mon Sep 24 22:07:16 2012,http://mail-archives.apache.org/mod_mbox/ctakes-commits/201209.mbox/<20120924220606.E0B302388B56@eris.apache.org>,chenpei
Mon Sep 24 22:07:16 2012,http://mail-archives.apache.org/mod_mbox/ctakes-commits/201209.mbox/<20120924220606.E0B302388B56@eris.apache.org>,chenpei
Mon Sep 24 22:07:16 2012,http://mail-archives.apache.org/mod_mbox/ctakes-commits/201209.mbox/<20120924220606.E0B302388B56@eris.apache.org>,chenpei
Mon Sep 24 22:07:16 2012,http://mail-archives.apache.org/mod_mbox/ctakes-commits/201209.mbox/<20120924220606.E0B302388B56@eris.apache.org>,chenpei
Mon Sep 24 22:07:16 2012,http://mail-archives.apache.org/mod_mbox/ctakes-commits/201209.mbox/<20120924220606.E0B302388B56@eris.apache.org>,chenpei
Mon Sep 24 22:07:16 2012,http://mail-archives.apache.org/mod_mbox/ctakes-commits/201209.mbox/<20120924220606.E0B302388B56@eris.apache.org>,chenpei
Mon Sep 24 22:07:16 2012,http://mail-archives.apache.org/mod_mbox/ctakes-commits/201209.mbox/<20120924220606.E0B302388B56@eris.apache.org>,chenpei
Mon Sep 24 22:07:16 2012,http://mail-archives.apache.org/mod_mbox/ctakes-commits/201209.mbox/<20120924220606.E0B302388B56@eris.apache.org>,chenpei
Mon Sep 24 22:07:16 2012,http://mail-archives.apache.org/mod_mbox/ctakes-commits/201209.mbox/<20120924220606.E0B302388B56@eris.apache.org>,chenpei
Mon Sep 24 22:07:16 2012,http://mail-archives.apache.org/mod_mbox/ctakes-commits/201209.mbox/<20120924220606.E0B302388B56@eris.apache.org>,chenpei
Mon Sep 24 22:07:16 2012,http://mail-archives.apache.org/mod_mbox/ctakes-commits/201209.mbox/<20120924220606.E0B302388B56@eris.apache.org>,chenpei
Mon Sep 24 22:07:16 2012,http://mail-archives.apache.org/mod_mbox/ctakes-commits/201209.mbox/<20120924220606.E0B302388B56@eris.apache.org>,chenpei
Mon Sep 24 22:07:16 2012,http://mail-archives.apache.org/mod_mbox/ctakes-commits/201209.mbox/<20120924220606.E0B302388B56@eris.apache.org>,chenpei
Mon Sep 24 22:07:16 2012,http://mail-archives.apache.org/mod_mbox/ctakes-commits/201209.mbox/<20120924220606.E0B302388B56@eris.apache.org>,chenpei
Mon Sep 24 22:07:16 2012,http://mail-archives.apache.org/mod_mbox/ctakes-commits/201209.mbox/<20120924220606.E0B302388B56@eris.apache.org>,chenpei
Mon Sep 24 22:07:16 2012,http://mail-archives.apache.org/mod_mbox/ctakes-commits/201209.mbox/<20120924220606.E0B302388B56@eris.apache.org>,chenpei
Mon Sep 24 22:07:16 2012,http://mail-archives.apache.org/mod_mbox/ctakes-commits/201209.mbox/<20120924220606.E0B302388B56@eris.apache.org>,chenpei
Mon Sep 24 22:07:16 2012,http://mail-archives.apache.org/mod_mbox/ctakes-commits/201209.mbox/<20120924220606.E0B302388B56@eris.apache.org>,chenpei
Mon Sep 24 22:07:16 2012,http://mail-archives.apache.org/mod_mbox/ctakes-commits/201209.mbox/<20120924220606.E0B302388B56@eris.apache.org>,chenpei
Mon Sep 24 22:07:16 2012,http://mail-archives.apache.org/mod_mbox/ctakes-commits/201209.mbox/<20120924220606.E0B302388B56@eris.apache.org>,chenpei
Mon Sep 24 22:07:16 2012,http://mail-archives.apache.org/mod_mbox/ctakes-commits/201209.mbox/<20120924220606.E0B302388B56@eris.apache.org>,chenpei
Mon Sep 24 22:07:16 2012,http://mail-archives.apache.org/mod_mbox/ctakes-commits/201209.mbox/<20120924220606.E0B302388B56@eris.apache.org>,chenpei
Mon Sep 24 22:07:16 2012,http://mail-archives.apache.org/mod_mbox/ctakes-commits/201209.mbox/<20120924220606.E0B302388B56@eris.apache.org>,chenpei
Mon Sep 24 22:07:16 2012,http://mail-archives.apache.org/mod_mbox/ctakes-commits/201209.mbox/<20120924220606.E0B302388B56@eris.apache.org>,chenpei
Mon Sep 24 22:07:16 2012,http://mail-archives.apache.org/mod_mbox/ctakes-commits/201209.mbox/<20120924220606.E0B302388B56@eris.apache.org>,chenpei
Mon Sep 24 22:07:16 2012,http://mail-archives.apache.org/mod_mbox/ctakes-commits/201209.mbox/<20120924220606.E0B302388B56@eris.apache.org>,chenpei
Mon Sep 24 22:07:16 2012,http://mail-archives.apache.org/mod_mbox/ctakes-commits/201209.mbox/<20120924220606.E0B302388B56@eris.apache.org>,chenpei
Mon Sep 24 22:07:16 2012,http://mail-archives.apache.org/mod_mbox/ctakes-commits/201209.mbox/<20120924220606.E0B302388B56@eris.apache.org>,chenpei
Mon Sep 24 22:07:16 2012,http://mail-archives.apache.org/mod_mbox/ctakes-commits/201209.mbox/<20120924220606.E0B302388B56@eris.apache.org>,chenpei
Mon Sep 24 22:07:16 2012,http://mail-archives.apache.org/mod_mbox/ctakes-commits/201209.mbox/<20120924220606.E0B302388B56@eris.apache.org>,chenpei
Mon Sep 24 22:07:16 2012,http://mail-archives.apache.org/mod_mbox/ctakes-commits/201209.mbox/<20120924220606.E0B302388B56@eris.apache.org>,chenpei
Mon Sep 24 22:07:16 2012,http://mail-archives.apache.org/mod_mbox/ctakes-commits/201209.mbox/<20120924220606.E0B302388B56@eris.apache.org>,chenpei
Mon Sep 24 22:07:16 2012,http://mail-archives.apache.org/mod_mbox/ctakes-commits/201209.mbox/<20120924220606.E0B302388B56@eris.apache.org>,chenpei
Mon Sep 24 22:07:16 2012,http://mail-archives.apache.org/mod_mbox/ctakes-commits/201209.mbox/<20120924220606.E0B302388B56@eris.apache.org>,chenpei
Mon Sep 24 22:07:16 2012,http://mail-archives.apache.org/mod_mbox/ctakes-commits/201209.mbox/<20120924220606.E0B302388B56@eris.apache.org>,chenpei
Mon Sep 24 22:07:16 2012,http://mail-archives.apache.org/mod_mbox/ctakes-commits/201209.mbox/<20120924220606.E0B302388B56@eris.apache.org>,chenpei
Mon Sep 24 22:07:16 2012,http://mail-archives.apache.org/mod_mbox/ctakes-commits/201209.mbox/<20120924220606.E0B302388B56@eris.apache.org>,chenpei
Mon Sep 24 22:07:16 2012,http://mail-archives.apache.org/mod_mbox/ctakes-commits/201209.mbox/<20120924220606.E0B302388B56@eris.apache.org>,chenpei
Mon Sep 24 22:07:16 2012,http://mail-archives.apache.org/mod_mbox/ctakes-commits/201209.mbox/<20120924220606.E0B302388B56@eris.apache.org>,chenpei
Mon Sep 24 22:07:16 2012,http://mail-archives.apache.org/mod_mbox/ctakes-commits/201209.mbox/<20120924220606.E0B302388B56@eris.apache.org>,chenpei
Mon Sep 24 22:07:16 2012,http://mail-archives.apache.org/mod_mbox/ctakes-commits/201209.mbox/<20120924220606.E0B302388B56@eris.apache.org>,chenpei
Mon Sep 24 22:07:16 2012,http://mail-archives.apache.org/mod_mbox/ctakes-commits/201209.mbox/<20120924220606.E0B302388B56@eris.apache.org>,chenpei
Mon Sep 24 22:07:16 2012,http://mail-archives.apache.org/mod_mbox/ctakes-commits/201209.mbox/<20120924220606.E0B302388B56@eris.apache.org>,chenpei
Mon Sep 24 22:07:16 2012,http://mail-archives.apache.org/mod_mbox/ctakes-commits/201209.mbox/<20120924220606.E0B302388B56@eris.apache.org>,chenpei
Mon Sep 24 22:07:16 2012,http://mail-archives.apache.org/mod_mbox/ctakes-commits/201209.mbox/<20120924220606.E0B302388B56@eris.apache.org>,chenpei
Mon Sep 24 22:07:16 2012,http://mail-archives.apache.org/mod_mbox/ctakes-commits/201209.mbox/<20120924220606.E0B302388B56@eris.apache.org>,chenpei
Mon Sep 24 22:07:16 2012,http://mail-archives.apache.org/mod_mbox/ctakes-commits/201209.mbox/<20120924220606.E0B302388B56@eris.apache.org>,chenpei
Mon Sep 24 22:07:16 2012,http://mail-archives.apache.org/mod_mbox/ctakes-commits/201209.mbox/<20120924220606.E0B302388B56@eris.apache.org>,chenpei
Mon Sep 24 22:07:16 2012,http://mail-archives.apache.org/mod_mbox/ctakes-commits/201209.mbox/<20120924220606.E0B302388B56@eris.apache.org>,chenpei
Mon Sep 24 22:07:16 2012,http://mail-archives.apache.org/mod_mbox/ctakes-commits/201209.mbox/<20120924220606.E0B302388B56@eris.apache.org>,chenpei
Mon Sep 24 22:07:16 2012,http://mail-archives.apache.org/mod_mbox/ctakes-commits/201209.mbox/<20120924220606.E0B302388B56@eris.apache.org>,chenpei
Mon Sep 24 22:07:16 2012,http://mail-archives.apache.org/mod_mbox/ctakes-commits/201209.mbox/<20120924220606.E0B302388B56@eris.apache.org>,chenpei
Mon Sep 24 22:07:16 2012,http://mail-archives.apache.org/mod_mbox/ctakes-commits/201209.mbox/<20120924220606.E0B302388B56@eris.apache.org>,chenpei
Mon Sep 24 22:07:16 2012,http://mail-archives.apache.org/mod_mbox/ctakes-commits/201209.mbox/<20120924220606.E0B302388B56@eris.apache.org>,chenpei
Mon Sep 24 22:07:16 2012,http://mail-archives.apache.org/mod_mbox/ctakes-commits/201209.mbox/<20120924220606.E0B302388B56@eris.apache.org>,chenpei
Mon Sep 24 22:07:16 2012,http://mail-archives.apache.org/mod_mbox/ctakes-commits/201209.mbox/<20120924220606.E0B302388B56@eris.apache.org>,chenpei
Mon Sep 24 22:07:16 2012,http://mail-archives.apache.org/mod_mbox/ctakes-commits/201209.mbox/<20120924220606.E0B302388B56@eris.apache.org>,chenpei
Mon Sep 24 22:07:16 2012,http://mail-archives.apache.org/mod_mbox/ctakes-commits/201209.mbox/<20120924220606.E0B302388B56@eris.apache.org>,chenpei
Mon Sep 24 22:07:16 2012,http://mail-archives.apache.org/mod_mbox/ctakes-commits/201209.mbox/<20120924220606.E0B302388B56@eris.apache.org>,chenpei
Mon Sep 24 22:07:16 2012,http://mail-archives.apache.org/mod_mbox/ctakes-commits/201209.mbox/<20120924220606.E0B302388B56@eris.apache.org>,chenpei
Mon Sep 24 22:07:16 2012,http://mail-archives.apache.org/mod_mbox/ctakes-commits/201209.mbox/<20120924220606.E0B302388B56@eris.apache.org>,chenpei
Mon Sep 24 22:07:16 2012,http://mail-archives.apache.org/mod_mbox/ctakes-commits/201209.mbox/<20120924220606.E0B302388B56@eris.apache.org>,chenpei
Mon Sep 24 22:07:16 2012,http://mail-archives.apache.org/mod_mbox/ctakes-commits/201209.mbox/<20120924220606.E0B302388B56@eris.apache.org>,chenpei
Mon Sep 24 22:07:16 2012,http://mail-archives.apache.org/mod_mbox/ctakes-commits/201209.mbox/<20120924220606.E0B302388B56@eris.apache.org>,chenpei
Mon Sep 24 22:07:16 2012,http://mail-archives.apache.org/mod_mbox/ctakes-commits/201209.mbox/<20120924220606.E0B302388B56@eris.apache.org>,chenpei
Mon Sep 24 22:07:16 2012,http://mail-archives.apache.org/mod_mbox/ctakes-commits/201209.mbox/<20120924220606.E0B302388B56@eris.apache.org>,chenpei
Mon Sep 24 22:07:16 2012,http://mail-archives.apache.org/mod_mbox/ctakes-commits/201209.mbox/<20120924220606.E0B302388B56@eris.apache.org>,chenpei
Mon Sep 24 22:07:16 2012,http://mail-archives.apache.org/mod_mbox/ctakes-commits/201209.mbox/<20120924220606.E0B302388B56@eris.apache.org>,chenpei
Mon Sep 24 22:07:16 2012,http://mail-archives.apache.org/mod_mbox/ctakes-commits/201209.mbox/<20120924220606.E0B302388B56@eris.apache.org>,chenpei
Mon Sep 24 22:07:16 2012,http://mail-archives.apache.org/mod_mbox/ctakes-commits/201209.mbox/<20120924220606.E0B302388B56@eris.apache.org>,chenpei
Mon Sep 24 22:07:16 2012,http://mail-archives.apache.org/mod_mbox/ctakes-commits/201209.mbox/<20120924220606.E0B302388B56@eris.apache.org>,chenpei
Mon Sep 24 22:07:16 2012,http://mail-archives.apache.org/mod_mbox/ctakes-commits/201209.mbox/<20120924220606.E0B302388B56@eris.apache.org>,chenpei
Mon Sep 24 22:07:16 2012,http://mail-archives.apache.org/mod_mbox/ctakes-commits/201209.mbox/<20120924220606.E0B302388B56@eris.apache.org>,chenpei
Mon Sep 24 22:07:16 2012,http://mail-archives.apache.org/mod_mbox/ctakes-commits/201209.mbox/<20120924220606.E0B302388B56@eris.apache.org>,chenpei
Mon Sep 24 22:07:16 2012,http://mail-archives.apache.org/mod_mbox/ctakes-commits/201209.mbox/<20120924220606.E0B302388B56@eris.apache.org>,chenpei
Mon Sep 24 22:07:16 2012,http://mail-archives.apache.org/mod_mbox/ctakes-commits/201209.mbox/<20120924220606.E0B302388B56@eris.apache.org>,chenpei
Mon Sep 24 22:07:16 2012,http://mail-archives.apache.org/mod_mbox/ctakes-commits/201209.mbox/<20120924220606.E0B302388B56@eris.apache.org>,chenpei
Mon Sep 24 22:07:16 2012,http://mail-archives.apache.org/mod_mbox/ctakes-commits/201209.mbox/<20120924220606.E0B302388B56@eris.apache.org>,chenpei
Mon Sep 24 22:07:16 2012,http://mail-archives.apache.org/mod_mbox/ctakes-commits/201209.mbox/<20120924220606.E0B302388B56@eris.apache.org>,chenpei
Mon Sep 24 22:07:16 2012,http://mail-archives.apache.org/mod_mbox/ctakes-commits/201209.mbox/<20120924220606.E0B302388B56@eris.apache.org>,chenpei
Mon Sep 24 22:07:16 2012,http://mail-archives.apache.org/mod_mbox/ctakes-commits/201209.mbox/<20120924220606.E0B302388B56@eris.apache.org>,chenpei
Mon Sep 24 22:07:16 2012,http://mail-archives.apache.org/mod_mbox/ctakes-commits/201209.mbox/<20120924220606.E0B302388B56@eris.apache.org>,chenpei
Mon Sep 24 22:07:16 2012,http://mail-archives.apache.org/mod_mbox/ctakes-commits/201209.mbox/<20120924220606.E0B302388B56@eris.apache.org>,chenpei
Mon Sep 24 22:07:16 2012,http://mail-archives.apache.org/mod_mbox/ctakes-commits/201209.mbox/<20120924220606.DAC1C2388ADA@eris.apache.org>,chenpei
Mon Sep 24 22:07:16 2012,http://mail-archives.apache.org/mod_mbox/ctakes-commits/201209.mbox/<20120924220606.DAC1C2388ADA@eris.apache.org>,chenpei
Mon Sep 24 22:07:16 2012,http://mail-archives.apache.org/mod_mbox/ctakes-commits/201209.mbox/<20120924220606.DAC1C2388ADA@eris.apache.org>,chenpei
Mon Sep 24 22:07:16 2012,http://mail-archives.apache.org/mod_mbox/ctakes-commits/201209.mbox/<20120924220606.DAC1C2388ADA@eris.apache.org>,chenpei
Mon Sep 24 22:07:16 2012,http://mail-archives.apache.org/mod_mbox/ctakes-commits/201209.mbox/<20120924220606.DAC1C2388ADA@eris.apache.org>,chenpei
Mon Sep 24 22:07:16 2012,http://mail-archives.apache.org/mod_mbox/ctakes-commits/201209.mbox/<20120924220606.DAC1C2388ADA@eris.apache.org>,chenpei
Mon Sep 24 22:07:16 2012,http://mail-archives.apache.org/mod_mbox/ctakes-commits/201209.mbox/<20120924220606.DAC1C2388ADA@eris.apache.org>,chenpei
Mon Sep 24 22:07:16 2012,http://mail-archives.apache.org/mod_mbox/ctakes-commits/201209.mbox/<20120924220606.DAC1C2388ADA@eris.apache.org>,chenpei
Mon Sep 24 22:07:16 2012,http://mail-archives.apache.org/mod_mbox/ctakes-commits/201209.mbox/<20120924220606.DAC1C2388ADA@eris.apache.org>,chenpei
Mon Sep 24 22:07:16 2012,http://mail-archives.apache.org/mod_mbox/ctakes-commits/201209.mbox/<20120924220606.DAC1C2388ADA@eris.apache.org>,chenpei
Mon Sep 24 22:07:16 2012,http://mail-archives.apache.org/mod_mbox/ctakes-commits/201209.mbox/<20120924220606.DAC1C2388ADA@eris.apache.org>,chenpei
Mon Sep 24 22:07:16 2012,http://mail-archives.apache.org/mod_mbox/ctakes-commits/201209.mbox/<20120924220606.DAC1C2388ADA@eris.apache.org>,chenpei
Mon Sep 24 22:07:16 2012,http://mail-archives.apache.org/mod_mbox/ctakes-commits/201209.mbox/<20120924220606.DAC1C2388ADA@eris.apache.org>,chenpei
Mon Sep 24 22:07:16 2012,http://mail-archives.apache.org/mod_mbox/ctakes-commits/201209.mbox/<20120924220606.DAC1C2388ADA@eris.apache.org>,chenpei
Mon Sep 24 22:07:16 2012,http://mail-archives.apache.org/mod_mbox/ctakes-commits/201209.mbox/<20120924220606.DAC1C2388ADA@eris.apache.org>,chenpei
Mon Sep 24 22:07:16 2012,http://mail-archives.apache.org/mod_mbox/ctakes-commits/201209.mbox/<20120924220606.DAC1C2388ADA@eris.apache.org>,chenpei
Mon Sep 24 22:07:16 2012,http://mail-archives.apache.org/mod_mbox/ctakes-commits/201209.mbox/<20120924220606.DAC1C2388ADA@eris.apache.org>,chenpei
Mon Sep 24 22:07:16 2012,http://mail-archives.apache.org/mod_mbox/ctakes-commits/201209.mbox/<20120924220606.DAC1C2388ADA@eris.apache.org>,chenpei
Mon Sep 24 22:07:16 2012,http://mail-archives.apache.org/mod_mbox/ctakes-commits/201209.mbox/<20120924220606.DAC1C2388ADA@eris.apache.org>,chenpei
Mon Sep 24 22:07:16 2012,http://mail-archives.apache.org/mod_mbox/ctakes-commits/201209.mbox/<20120924220606.DAC1C2388ADA@eris.apache.org>,chenpei
Mon Sep 24 22:07:16 2012,http://mail-archives.apache.org/mod_mbox/ctakes-commits/201209.mbox/<20120924220606.DAC1C2388ADA@eris.apache.org>,chenpei
Mon Sep 24 22:07:16 2012,http://mail-archives.apache.org/mod_mbox/ctakes-commits/201209.mbox/<20120924220606.DAC1C2388ADA@eris.apache.org>,chenpei
Mon Sep 24 22:07:16 2012,http://mail-archives.apache.org/mod_mbox/ctakes-commits/201209.mbox/<20120924220606.DAC1C2388ADA@eris.apache.org>,chenpei
Mon Sep 24 22:07:16 2012,http://mail-archives.apache.org/mod_mbox/ctakes-commits/201209.mbox/<20120924220606.DAC1C2388ADA@eris.apache.org>,chenpei
Mon Sep 24 22:07:16 2012,http://mail-archives.apache.org/mod_mbox/ctakes-commits/201209.mbox/<20120924220606.DAC1C2388ADA@eris.apache.org>,chenpei
Mon Sep 24 22:07:16 2012,http://mail-archives.apache.org/mod_mbox/ctakes-commits/201209.mbox/<20120924220606.DAC1C2388ADA@eris.apache.org>,chenpei
Mon Sep 24 22:07:16 2012,http://mail-archives.apache.org/mod_mbox/ctakes-commits/201209.mbox/<20120924220606.DAC1C2388ADA@eris.apache.org>,chenpei
Mon Sep 24 22:07:16 2012,http://mail-archives.apache.org/mod_mbox/ctakes-commits/201209.mbox/<20120924220606.DAC1C2388ADA@eris.apache.org>,chenpei
Mon Sep 24 22:07:16 2012,http://mail-archives.apache.org/mod_mbox/ctakes-commits/201209.mbox/<20120924220606.DAC1C2388ADA@eris.apache.org>,chenpei
Mon Sep 24 22:07:16 2012,http://mail-archives.apache.org/mod_mbox/ctakes-commits/201209.mbox/<20120924220606.DAC1C2388ADA@eris.apache.org>,chenpei
Mon Sep 24 22:07:16 2012,http://mail-archives.apache.org/mod_mbox/ctakes-commits/201209.mbox/<20120924220606.DAC1C2388ADA@eris.apache.org>,chenpei
Mon Sep 24 22:07:16 2012,http://mail-archives.apache.org/mod_mbox/ctakes-commits/201209.mbox/<20120924220606.DAC1C2388ADA@eris.apache.org>,chenpei
Mon Sep 24 22:07:16 2012,http://mail-archives.apache.org/mod_mbox/ctakes-commits/201209.mbox/<20120924220606.DAC1C2388ADA@eris.apache.org>,chenpei
Mon Sep 24 22:07:16 2012,http://mail-archives.apache.org/mod_mbox/ctakes-commits/201209.mbox/<20120924220606.DAC1C2388ADA@eris.apache.org>,chenpei
Mon Sep 24 22:07:16 2012,http://mail-archives.apache.org/mod_mbox/ctakes-commits/201209.mbox/<20120924220606.DAC1C2388ADA@eris.apache.org>,chenpei
Mon Sep 24 22:07:16 2012,http://mail-archives.apache.org/mod_mbox/ctakes-commits/201209.mbox/<20120924220606.DAC1C2388ADA@eris.apache.org>,chenpei
Mon Sep 24 22:07:16 2012,http://mail-archives.apache.org/mod_mbox/ctakes-commits/201209.mbox/<20120924220606.DAC1C2388ADA@eris.apache.org>,chenpei
Mon Sep 24 22:07:16 2012,http://mail-archives.apache.org/mod_mbox/ctakes-commits/201209.mbox/<20120924220606.DAC1C2388ADA@eris.apache.org>,chenpei
Mon Sep 24 22:07:16 2012,http://mail-archives.apache.org/mod_mbox/ctakes-commits/201209.mbox/<20120924220606.DAC1C2388ADA@eris.apache.org>,chenpei
Mon Sep 24 22:07:16 2012,http://mail-archives.apache.org/mod_mbox/ctakes-commits/201209.mbox/<20120924220606.DAC1C2388ADA@eris.apache.org>,chenpei
Mon Sep 24 22:07:16 2012,http://mail-archives.apache.org/mod_mbox/ctakes-commits/201209.mbox/<20120924220606.DAC1C2388ADA@eris.apache.org>,chenpei
Mon Sep 24 22:07:16 2012,http://mail-archives.apache.org/mod_mbox/ctakes-commits/201209.mbox/<20120924220606.DAC1C2388ADA@eris.apache.org>,chenpei
Mon Sep 24 22:07:16 2012,http://mail-archives.apache.org/mod_mbox/ctakes-commits/201209.mbox/<20120924220606.DAC1C2388ADA@eris.apache.org>,chenpei
Mon Sep 24 22:07:16 2012,http://mail-archives.apache.org/mod_mbox/ctakes-commits/201209.mbox/<20120924220606.DAC1C2388ADA@eris.apache.org>,chenpei
Mon Sep 24 22:07:16 2012,http://mail-archives.apache.org/mod_mbox/ctakes-commits/201209.mbox/<20120924220606.DAC1C2388ADA@eris.apache.org>,chenpei
Mon Sep 24 22:07:16 2012,http://mail-archives.apache.org/mod_mbox/ctakes-commits/201209.mbox/<20120924220606.DAC1C2388ADA@eris.apache.org>,chenpei
Mon Sep 24 22:07:16 2012,http://mail-archives.apache.org/mod_mbox/ctakes-commits/201209.mbox/<20120924220606.DAC1C2388ADA@eris.apache.org>,chenpei
Mon Sep 24 22:07:16 2012,http://mail-archives.apache.org/mod_mbox/ctakes-commits/201209.mbox/<20120924220606.DAC1C2388ADA@eris.apache.org>,chenpei
Mon Sep 24 22:07:16 2012,http://mail-archives.apache.org/mod_mbox/ctakes-commits/201209.mbox/<20120924220606.DAC1C2388ADA@eris.apache.org>,chenpei
Mon Sep 24 22:07:16 2012,http://mail-archives.apache.org/mod_mbox/ctakes-commits/201209.mbox/<20120924220606.DAC1C2388ADA@eris.apache.org>,chenpei
Mon Sep 24 22:07:16 2012,http://mail-archives.apache.org/mod_mbox/ctakes-commits/201209.mbox/<20120924220606.DAC1C2388ADA@eris.apache.org>,chenpei
Mon Sep 24 22:07:16 2012,http://mail-archives.apache.org/mod_mbox/ctakes-commits/201209.mbox/<20120924220606.DAC1C2388ADA@eris.apache.org>,chenpei
Mon Sep 24 22:07:16 2012,http://mail-archives.apache.org/mod_mbox/ctakes-commits/201209.mbox/<20120924220606.DAC1C2388ADA@eris.apache.org>,chenpei
Mon Sep 24 22:07:16 2012,http://mail-archives.apache.org/mod_mbox/ctakes-commits/201209.mbox/<20120924220606.DAC1C2388ADA@eris.apache.org>,chenpei
Mon Sep 24 22:07:16 2012,http://mail-archives.apache.org/mod_mbox/ctakes-commits/201209.mbox/<20120924220606.DAC1C2388ADA@eris.apache.org>,chenpei
Mon Sep 24 22:07:16 2012,http://mail-archives.apache.org/mod_mbox/ctakes-commits/201209.mbox/<20120924220606.DAC1C2388ADA@eris.apache.org>,chenpei
Mon Sep 24 22:07:16 2012,http://mail-archives.apache.org/mod_mbox/ctakes-commits/201209.mbox/<20120924220606.DAC1C2388ADA@eris.apache.org>,chenpei
Mon Sep 24 22:07:16 2012,http://mail-archives.apache.org/mod_mbox/ctakes-commits/201209.mbox/<20120924220606.DAC1C2388ADA@eris.apache.org>,chenpei
Mon Sep 24 22:07:16 2012,http://mail-archives.apache.org/mod_mbox/ctakes-commits/201209.mbox/<20120924220606.DAC1C2388ADA@eris.apache.org>,chenpei
Mon Sep 24 22:07:16 2012,http://mail-archives.apache.org/mod_mbox/ctakes-commits/201209.mbox/<20120924220606.DAC1C2388ADA@eris.apache.org>,chenpei
Mon Sep 24 22:07:16 2012,http://mail-archives.apache.org/mod_mbox/ctakes-commits/201209.mbox/<20120924220606.DAC1C2388ADA@eris.apache.org>,chenpei
Mon Sep 24 22:07:16 2012,http://mail-archives.apache.org/mod_mbox/ctakes-commits/201209.mbox/<20120924220606.DAC1C2388ADA@eris.apache.org>,chenpei
Mon Sep 24 22:07:16 2012,http://mail-archives.apache.org/mod_mbox/ctakes-commits/201209.mbox/<20120924220606.DAC1C2388ADA@eris.apache.org>,chenpei
Mon Sep 24 22:07:16 2012,http://mail-archives.apache.org/mod_mbox/ctakes-commits/201209.mbox/<20120924220606.DAC1C2388ADA@eris.apache.org>,chenpei
Mon Sep 24 22:07:16 2012,http://mail-archives.apache.org/mod_mbox/ctakes-commits/201209.mbox/<20120924220606.DAC1C2388ADA@eris.apache.org>,chenpei
Mon Sep 24 22:07:16 2012,http://mail-archives.apache.org/mod_mbox/ctakes-commits/201209.mbox/<20120924220606.DAC1C2388ADA@eris.apache.org>,chenpei
Mon Sep 24 22:07:16 2012,http://mail-archives.apache.org/mod_mbox/ctakes-commits/201209.mbox/<20120924220606.DAC1C2388ADA@eris.apache.org>,chenpei
Mon Sep 24 22:07:16 2012,http://mail-archives.apache.org/mod_mbox/ctakes-commits/201209.mbox/<20120924220606.DAC1C2388ADA@eris.apache.org>,chenpei
Mon Sep 24 22:07:16 2012,http://mail-archives.apache.org/mod_mbox/ctakes-commits/201209.mbox/<20120924220606.DAC1C2388ADA@eris.apache.org>,chenpei
Mon Sep 24 22:07:16 2012,http://mail-archives.apache.org/mod_mbox/ctakes-commits/201209.mbox/<20120924220606.DAC1C2388ADA@eris.apache.org>,chenpei
Mon Sep 24 22:07:16 2012,http://mail-archives.apache.org/mod_mbox/ctakes-commits/201209.mbox/<20120924220606.DAC1C2388ADA@eris.apache.org>,chenpei
Mon Sep 24 22:07:16 2012,http://mail-archives.apache.org/mod_mbox/ctakes-commits/201209.mbox/<20120924220606.DAC1C2388ADA@eris.apache.org>,chenpei
Mon Sep 24 22:07:16 2012,http://mail-archives.apache.org/mod_mbox/ctakes-commits/201209.mbox/<20120924220606.DAC1C2388ADA@eris.apache.org>,chenpei
Mon Sep 24 22:07:16 2012,http://mail-archives.apache.org/mod_mbox/ctakes-commits/201209.mbox/<20120924220606.DAC1C2388ADA@eris.apache.org>,chenpei
Mon Sep 24 22:07:16 2012,http://mail-archives.apache.org/mod_mbox/ctakes-commits/201209.mbox/<20120924220606.DAC1C2388ADA@eris.apache.org>,chenpei
Mon Sep 24 22:07:16 2012,http://mail-archives.apache.org/mod_mbox/ctakes-commits/201209.mbox/<20120924220606.DAC1C2388ADA@eris.apache.org>,chenpei
Mon Sep 24 22:07:16 2012,http://mail-archives.apache.org/mod_mbox/ctakes-commits/201209.mbox/<20120924220606.DAC1C2388ADA@eris.apache.org>,chenpei
Mon Sep 24 22:07:16 2012,http://mail-archives.apache.org/mod_mbox/ctakes-commits/201209.mbox/<20120924220606.DAC1C2388ADA@eris.apache.org>,chenpei
Mon Sep 24 22:07:16 2012,http://mail-archives.apache.org/mod_mbox/ctakes-commits/201209.mbox/<20120924220606.DAC1C2388ADA@eris.apache.org>,chenpei
Mon Sep 24 22:07:16 2012,http://mail-archives.apache.org/mod_mbox/ctakes-commits/201209.mbox/<20120924220606.DAC1C2388ADA@eris.apache.org>,chenpei
Mon Sep 24 22:07:16 2012,http://mail-archives.apache.org/mod_mbox/ctakes-commits/201209.mbox/<20120924220606.DAC1C2388ADA@eris.apache.org>,chenpei
Mon Sep 24 22:07:16 2012,http://mail-archives.apache.org/mod_mbox/ctakes-commits/201209.mbox/<20120924220606.DAC1C2388ADA@eris.apache.org>,chenpei
Mon Sep 24 22:07:16 2012,http://mail-archives.apache.org/mod_mbox/ctakes-commits/201209.mbox/<20120924220606.DAC1C2388ADA@eris.apache.org>,chenpei
Mon Sep 24 22:07:16 2012,http://mail-archives.apache.org/mod_mbox/ctakes-commits/201209.mbox/<20120924220606.DAC1C2388ADA@eris.apache.org>,chenpei
Mon Sep 24 22:07:16 2012,http://mail-archives.apache.org/mod_mbox/ctakes-commits/201209.mbox/<20120924220606.DAC1C2388ADA@eris.apache.org>,chenpei
Mon Sep 24 22:07:16 2012,http://mail-archives.apache.org/mod_mbox/ctakes-commits/201209.mbox/<20120924220606.DAC1C2388ADA@eris.apache.org>,chenpei
Mon Sep 24 22:07:16 2012,http://mail-archives.apache.org/mod_mbox/ctakes-commits/201209.mbox/<20120924220606.DAC1C2388ADA@eris.apache.org>,chenpei
Mon Sep 24 22:07:16 2012,http://mail-archives.apache.org/mod_mbox/ctakes-commits/201209.mbox/<20120924220606.DAC1C2388ADA@eris.apache.org>,chenpei
Mon Sep 24 22:07:16 2012,http://mail-archives.apache.org/mod_mbox/ctakes-commits/201209.mbox/<20120924220606.DAC1C2388ADA@eris.apache.org>,chenpei
Mon Sep 24 22:07:16 2012,http://mail-archives.apache.org/mod_mbox/ctakes-commits/201209.mbox/<20120924220606.DAC1C2388ADA@eris.apache.org>,chenpei
Mon Sep 24 22:07:16 2012,http://mail-archives.apache.org/mod_mbox/ctakes-commits/201209.mbox/<20120924220606.DAC1C2388ADA@eris.apache.org>,chenpei
Mon Sep 24 22:07:16 2012,http://mail-archives.apache.org/mod_mbox/ctakes-commits/201209.mbox/<20120924220606.DAC1C2388ADA@eris.apache.org>,chenpei
Mon Sep 24 22:07:16 2012,http://mail-archives.apache.org/mod_mbox/ctakes-commits/201209.mbox/<20120924220606.DAC1C2388ADA@eris.apache.org>,chenpei
Mon Sep 24 22:07:16 2012,http://mail-archives.apache.org/mod_mbox/ctakes-commits/201209.mbox/<20120924220606.DAC1C2388ADA@eris.apache.org>,chenpei
Mon Sep 24 22:07:16 2012,http://mail-archives.apache.org/mod_mbox/ctakes-commits/201209.mbox/<20120924220606.DAC1C2388ADA@eris.apache.org>,chenpei
Mon Sep 24 22:07:16 2012,http://mail-archives.apache.org/mod_mbox/ctakes-commits/201209.mbox/<20120924220606.DAC1C2388ADA@eris.apache.org>,chenpei
Mon Sep 24 22:07:16 2012,http://mail-archives.apache.org/mod_mbox/ctakes-commits/201209.mbox/<20120924220606.DAC1C2388ADA@eris.apache.org>,chenpei
Mon Sep 24 22:07:16 2012,http://mail-archives.apache.org/mod_mbox/ctakes-commits/201209.mbox/<20120924220606.DAC1C2388ADA@eris.apache.org>,chenpei
Mon Sep 24 22:07:16 2012,http://mail-archives.apache.org/mod_mbox/ctakes-commits/201209.mbox/<20120924220606.DAC1C2388ADA@eris.apache.org>,chenpei
Mon Sep 24 22:07:16 2012,http://mail-archives.apache.org/mod_mbox/ctakes-commits/201209.mbox/<20120924220606.DAC1C2388ADA@eris.apache.org>,chenpei
Mon Sep 24 22:07:16 2012,http://mail-archives.apache.org/mod_mbox/ctakes-commits/201209.mbox/<20120924220606.DAC1C2388ADA@eris.apache.org>,chenpei
Mon Sep 24 22:07:16 2012,http://mail-archives.apache.org/mod_mbox/ctakes-commits/201209.mbox/<20120924220606.DAC1C2388ADA@eris.apache.org>,chenpei
Mon Sep 24 22:07:16 2012,http://mail-archives.apache.org/mod_mbox/ctakes-commits/201209.mbox/<20120924220606.DAC1C2388ADA@eris.apache.org>,chenpei
Mon Sep 24 22:07:16 2012,http://mail-archives.apache.org/mod_mbox/ctakes-commits/201209.mbox/<20120924220606.DAC1C2388ADA@eris.apache.org>,chenpei
Mon Sep 24 22:07:16 2012,http://mail-archives.apache.org/mod_mbox/ctakes-commits/201209.mbox/<20120924220606.DAC1C2388ADA@eris.apache.org>,chenpei
Mon Sep 24 22:07:16 2012,http://mail-archives.apache.org/mod_mbox/ctakes-commits/201209.mbox/<20120924220606.DAC1C2388ADA@eris.apache.org>,chenpei
Mon Sep 24 22:07:16 2012,http://mail-archives.apache.org/mod_mbox/ctakes-commits/201209.mbox/<20120924220606.DAC1C2388ADA@eris.apache.org>,chenpei
Mon Sep 24 22:07:16 2012,http://mail-archives.apache.org/mod_mbox/ctakes-commits/201209.mbox/<20120924220606.DAC1C2388ADA@eris.apache.org>,chenpei
Mon Sep 24 22:07:16 2012,http://mail-archives.apache.org/mod_mbox/ctakes-commits/201209.mbox/<20120924220606.DAC1C2388ADA@eris.apache.org>,chenpei
Mon Sep 24 22:07:16 2012,http://mail-archives.apache.org/mod_mbox/ctakes-commits/201209.mbox/<20120924220606.DAC1C2388ADA@eris.apache.org>,chenpei
Mon Sep 24 22:07:16 2012,http://mail-archives.apache.org/mod_mbox/ctakes-commits/201209.mbox/<20120924220606.DAC1C2388ADA@eris.apache.org>,chenpei
Mon Sep 24 22:07:16 2012,http://mail-archives.apache.org/mod_mbox/ctakes-commits/201209.mbox/<20120924220606.DAC1C2388ADA@eris.apache.org>,chenpei
Mon Sep 24 22:07:16 2012,http://mail-archives.apache.org/mod_mbox/ctakes-commits/201209.mbox/<20120924220606.DAC1C2388ADA@eris.apache.org>,chenpei
Mon Sep 24 22:07:16 2012,http://mail-archives.apache.org/mod_mbox/ctakes-commits/201209.mbox/<20120924220606.DAC1C2388ADA@eris.apache.org>,chenpei
Mon Sep 24 22:07:16 2012,http://mail-archives.apache.org/mod_mbox/ctakes-commits/201209.mbox/<20120924220606.DAC1C2388ADA@eris.apache.org>,chenpei
Mon Sep 24 22:07:16 2012,http://mail-archives.apache.org/mod_mbox/ctakes-commits/201209.mbox/<20120924220606.DAC1C2388ADA@eris.apache.org>,chenpei
Mon Sep 24 22:07:16 2012,http://mail-archives.apache.org/mod_mbox/ctakes-commits/201209.mbox/<20120924220606.DAC1C2388ADA@eris.apache.org>,chenpei
Mon Sep 24 22:07:16 2012,http://mail-archives.apache.org/mod_mbox/ctakes-commits/201209.mbox/<20120924220606.DAC1C2388ADA@eris.apache.org>,chenpei
Mon Sep 24 22:07:16 2012,http://mail-archives.apache.org/mod_mbox/ctakes-commits/201209.mbox/<20120924220606.DAC1C2388ADA@eris.apache.org>,chenpei
Mon Sep 24 22:07:16 2012,http://mail-archives.apache.org/mod_mbox/ctakes-commits/201209.mbox/<20120924220606.DAC1C2388ADA@eris.apache.org>,chenpei
Mon Sep 24 22:07:16 2012,http://mail-archives.apache.org/mod_mbox/ctakes-commits/201209.mbox/<20120924220606.DAC1C2388ADA@eris.apache.org>,chenpei
Mon Sep 24 22:07:16 2012,http://mail-archives.apache.org/mod_mbox/ctakes-commits/201209.mbox/<20120924220606.DAC1C2388ADA@eris.apache.org>,chenpei
Mon Sep 24 22:07:16 2012,http://mail-archives.apache.org/mod_mbox/ctakes-commits/201209.mbox/<20120924220606.DAC1C2388ADA@eris.apache.org>,chenpei
Mon Sep 24 22:07:16 2012,http://mail-archives.apache.org/mod_mbox/ctakes-commits/201209.mbox/<20120924220606.DAC1C2388ADA@eris.apache.org>,chenpei
Mon Sep 24 22:07:16 2012,http://mail-archives.apache.org/mod_mbox/ctakes-commits/201209.mbox/<20120924220606.DAC1C2388ADA@eris.apache.org>,chenpei
Mon Sep 24 22:07:16 2012,http://mail-archives.apache.org/mod_mbox/ctakes-commits/201209.mbox/<20120924220606.DAC1C2388ADA@eris.apache.org>,chenpei
Mon Sep 24 22:07:16 2012,http://mail-archives.apache.org/mod_mbox/ctakes-commits/201209.mbox/<20120924220606.DAC1C2388ADA@eris.apache.org>,chenpei
Mon Sep 24 22:07:16 2012,http://mail-archives.apache.org/mod_mbox/ctakes-commits/201209.mbox/<20120924220606.DAC1C2388ADA@eris.apache.org>,chenpei
Mon Sep 24 22:07:16 2012,http://mail-archives.apache.org/mod_mbox/ctakes-commits/201209.mbox/<20120924220606.DAC1C2388ADA@eris.apache.org>,chenpei
Mon Sep 24 22:07:16 2012,http://mail-archives.apache.org/mod_mbox/ctakes-commits/201209.mbox/<20120924220606.DAC1C2388ADA@eris.apache.org>,chenpei
Mon Sep 24 22:07:16 2012,http://mail-archives.apache.org/mod_mbox/ctakes-commits/201209.mbox/<20120924220606.DAC1C2388ADA@eris.apache.org>,chenpei
Mon Sep 24 22:07:16 2012,http://mail-archives.apache.org/mod_mbox/ctakes-commits/201209.mbox/<20120924220606.DAC1C2388ADA@eris.apache.org>,chenpei
Mon Sep 24 22:07:16 2012,http://mail-archives.apache.org/mod_mbox/ctakes-commits/201209.mbox/<20120924220606.DAC1C2388ADA@eris.apache.org>,chenpei
Mon Sep 24 22:07:16 2012,http://mail-archives.apache.org/mod_mbox/ctakes-commits/201209.mbox/<20120924220606.DAC1C2388ADA@eris.apache.org>,chenpei
Mon Sep 24 22:07:16 2012,http://mail-archives.apache.org/mod_mbox/ctakes-commits/201209.mbox/<20120924220606.DAC1C2388ADA@eris.apache.org>,chenpei
Mon Sep 24 22:07:16 2012,http://mail-archives.apache.org/mod_mbox/ctakes-commits/201209.mbox/<20120924220606.DAC1C2388ADA@eris.apache.org>,chenpei
Mon Sep 24 22:07:16 2012,http://mail-archives.apache.org/mod_mbox/ctakes-commits/201209.mbox/<20120924220606.DAC1C2388ADA@eris.apache.org>,chenpei
Mon Sep 24 22:07:16 2012,http://mail-archives.apache.org/mod_mbox/ctakes-commits/201209.mbox/<20120924220606.DAC1C2388ADA@eris.apache.org>,chenpei
Mon Sep 24 22:07:16 2012,http://mail-archives.apache.org/mod_mbox/ctakes-commits/201209.mbox/<20120924220606.DAC1C2388ADA@eris.apache.org>,chenpei
Mon Sep 24 22:07:16 2012,http://mail-archives.apache.org/mod_mbox/ctakes-commits/201209.mbox/<20120924220606.DAC1C2388ADA@eris.apache.org>,chenpei
Mon Sep 24 22:07:16 2012,http://mail-archives.apache.org/mod_mbox/ctakes-commits/201209.mbox/<20120924220606.DAC1C2388ADA@eris.apache.org>,chenpei
Mon Sep 24 22:07:16 2012,http://mail-archives.apache.org/mod_mbox/ctakes-commits/201209.mbox/<20120924220606.DAC1C2388ADA@eris.apache.org>,chenpei
Mon Sep 24 22:07:16 2012,http://mail-archives.apache.org/mod_mbox/ctakes-commits/201209.mbox/<20120924220606.DAC1C2388ADA@eris.apache.org>,chenpei
Mon Sep 24 22:07:16 2012,http://mail-archives.apache.org/mod_mbox/ctakes-commits/201209.mbox/<20120924220606.DAC1C2388ADA@eris.apache.org>,chenpei
Mon Sep 24 22:07:16 2012,http://mail-archives.apache.org/mod_mbox/ctakes-commits/201209.mbox/<20120924220606.DAC1C2388ADA@eris.apache.org>,chenpei
Mon Sep 24 22:07:16 2012,http://mail-archives.apache.org/mod_mbox/ctakes-commits/201209.mbox/<20120924220606.DAC1C2388ADA@eris.apache.org>,chenpei
Mon Sep 24 22:07:16 2012,http://mail-archives.apache.org/mod_mbox/ctakes-commits/201209.mbox/<20120924220606.DAC1C2388ADA@eris.apache.org>,chenpei
Mon Sep 24 22:07:16 2012,http://mail-archives.apache.org/mod_mbox/ctakes-commits/201209.mbox/<20120924220606.DAC1C2388ADA@eris.apache.org>,chenpei
Mon Sep 24 22:07:16 2012,http://mail-archives.apache.org/mod_mbox/ctakes-commits/201209.mbox/<20120924220606.DAC1C2388ADA@eris.apache.org>,chenpei
Mon Sep 24 22:07:16 2012,http://mail-archives.apache.org/mod_mbox/ctakes-commits/201209.mbox/<20120924220606.DAC1C2388ADA@eris.apache.org>,chenpei
Mon Sep 24 22:07:16 2012,http://mail-archives.apache.org/mod_mbox/ctakes-commits/201209.mbox/<20120924220606.DAC1C2388ADA@eris.apache.org>,chenpei
Mon Sep 24 22:07:16 2012,http://mail-archives.apache.org/mod_mbox/ctakes-commits/201209.mbox/<20120924220606.DAC1C2388ADA@eris.apache.org>,chenpei
Mon Sep 24 22:07:16 2012,http://mail-archives.apache.org/mod_mbox/ctakes-commits/201209.mbox/<20120924220606.DAC1C2388ADA@eris.apache.org>,chenpei
Mon Sep 24 22:07:16 2012,http://mail-archives.apache.org/mod_mbox/ctakes-commits/201209.mbox/<20120924220606.DAC1C2388ADA@eris.apache.org>,chenpei
Mon Sep 24 22:07:16 2012,http://mail-archives.apache.org/mod_mbox/ctakes-commits/201209.mbox/<20120924220606.DAC1C2388ADA@eris.apache.org>,chenpei
Mon Sep 24 22:07:16 2012,http://mail-archives.apache.org/mod_mbox/ctakes-commits/201209.mbox/<20120924220606.DAC1C2388ADA@eris.apache.org>,chenpei
Mon Sep 24 22:07:16 2012,http://mail-archives.apache.org/mod_mbox/ctakes-commits/201209.mbox/<20120924220606.DAC1C2388ADA@eris.apache.org>,chenpei
Mon Sep 24 22:07:16 2012,http://mail-archives.apache.org/mod_mbox/ctakes-commits/201209.mbox/<20120924220606.DAC1C2388ADA@eris.apache.org>,chenpei
Mon Sep 24 22:07:16 2012,http://mail-archives.apache.org/mod_mbox/ctakes-commits/201209.mbox/<20120924220606.DAC1C2388ADA@eris.apache.org>,chenpei
Mon Sep 24 22:07:16 2012,http://mail-archives.apache.org/mod_mbox/ctakes-commits/201209.mbox/<20120924220606.DAC1C2388ADA@eris.apache.org>,chenpei
Mon Sep 24 22:07:16 2012,http://mail-archives.apache.org/mod_mbox/ctakes-commits/201209.mbox/<20120924220606.DAC1C2388ADA@eris.apache.org>,chenpei
Mon Sep 24 22:07:16 2012,http://mail-archives.apache.org/mod_mbox/ctakes-commits/201209.mbox/<20120924220606.DAC1C2388ADA@eris.apache.org>,chenpei
Mon Sep 24 22:07:16 2012,http://mail-archives.apache.org/mod_mbox/ctakes-commits/201209.mbox/<20120924220606.DAC1C2388ADA@eris.apache.org>,chenpei
Mon Sep 24 22:07:16 2012,http://mail-archives.apache.org/mod_mbox/ctakes-commits/201209.mbox/<20120924220606.DAC1C2388ADA@eris.apache.org>,chenpei
Mon Sep 24 22:07:16 2012,http://mail-archives.apache.org/mod_mbox/ctakes-commits/201209.mbox/<20120924220606.DAC1C2388ADA@eris.apache.org>,chenpei
Mon Sep 24 22:07:16 2012,http://mail-archives.apache.org/mod_mbox/ctakes-commits/201209.mbox/<20120924220606.DAC1C2388ADA@eris.apache.org>,chenpei
Mon Sep 24 22:07:16 2012,http://mail-archives.apache.org/mod_mbox/ctakes-commits/201209.mbox/<20120924220606.DAC1C2388ADA@eris.apache.org>,chenpei
Mon Sep 24 22:07:16 2012,http://mail-archives.apache.org/mod_mbox/ctakes-commits/201209.mbox/<20120924220606.DAC1C2388ADA@eris.apache.org>,chenpei
Mon Sep 24 22:07:16 2012,http://mail-archives.apache.org/mod_mbox/ctakes-commits/201209.mbox/<20120924220606.DAC1C2388ADA@eris.apache.org>,chenpei
Mon Sep 24 22:07:16 2012,http://mail-archives.apache.org/mod_mbox/ctakes-commits/201209.mbox/<20120924220606.DAC1C2388ADA@eris.apache.org>,chenpei
Mon Sep 24 22:07:16 2012,http://mail-archives.apache.org/mod_mbox/ctakes-commits/201209.mbox/<20120924220606.DAC1C2388ADA@eris.apache.org>,chenpei
Mon Sep 24 22:07:16 2012,http://mail-archives.apache.org/mod_mbox/ctakes-commits/201209.mbox/<20120924220606.DAC1C2388ADA@eris.apache.org>,chenpei
Mon Sep 24 22:07:16 2012,http://mail-archives.apache.org/mod_mbox/ctakes-commits/201209.mbox/<20120924220606.DAC1C2388ADA@eris.apache.org>,chenpei
Mon Sep 24 22:07:16 2012,http://mail-archives.apache.org/mod_mbox/ctakes-commits/201209.mbox/<20120924220606.DAC1C2388ADA@eris.apache.org>,chenpei
Mon Sep 24 22:07:16 2012,http://mail-archives.apache.org/mod_mbox/ctakes-commits/201209.mbox/<20120924220606.DAC1C2388ADA@eris.apache.org>,chenpei
Mon Sep 24 22:07:16 2012,http://mail-archives.apache.org/mod_mbox/ctakes-commits/201209.mbox/<20120924220606.DAC1C2388ADA@eris.apache.org>,chenpei
Mon Sep 24 22:07:16 2012,http://mail-archives.apache.org/mod_mbox/ctakes-commits/201209.mbox/<20120924220606.DAC1C2388ADA@eris.apache.org>,chenpei
Mon Sep 24 22:07:16 2012,http://mail-archives.apache.org/mod_mbox/ctakes-commits/201209.mbox/<20120924220606.DAC1C2388ADA@eris.apache.org>,chenpei
Mon Sep 24 22:07:16 2012,http://mail-archives.apache.org/mod_mbox/ctakes-commits/201209.mbox/<20120924220606.DAC1C2388ADA@eris.apache.org>,chenpei
Mon Sep 24 22:07:16 2012,http://mail-archives.apache.org/mod_mbox/ctakes-commits/201209.mbox/<20120924220606.DAC1C2388ADA@eris.apache.org>,chenpei
Mon Sep 24 22:07:16 2012,http://mail-archives.apache.org/mod_mbox/ctakes-commits/201209.mbox/<20120924220606.DAC1C2388ADA@eris.apache.org>,chenpei
Mon Sep 24 22:07:16 2012,http://mail-archives.apache.org/mod_mbox/ctakes-commits/201209.mbox/<20120924220606.DAC1C2388ADA@eris.apache.org>,chenpei
Mon Sep 24 22:07:16 2012,http://mail-archives.apache.org/mod_mbox/ctakes-commits/201209.mbox/<20120924220606.DAC1C2388ADA@eris.apache.org>,chenpei
Mon Sep 24 22:07:16 2012,http://mail-archives.apache.org/mod_mbox/ctakes-commits/201209.mbox/<20120924220606.DAC1C2388ADA@eris.apache.org>,chenpei
Mon Sep 24 22:07:16 2012,http://mail-archives.apache.org/mod_mbox/ctakes-commits/201209.mbox/<20120924220606.DAC1C2388ADA@eris.apache.org>,chenpei
Mon Sep 24 22:07:16 2012,http://mail-archives.apache.org/mod_mbox/ctakes-commits/201209.mbox/<20120924220606.DAC1C2388ADA@eris.apache.org>,chenpei
Mon Sep 24 22:07:16 2012,http://mail-archives.apache.org/mod_mbox/ctakes-commits/201209.mbox/<20120924220606.DAC1C2388ADA@eris.apache.org>,chenpei
Mon Sep 24 22:07:16 2012,http://mail-archives.apache.org/mod_mbox/ctakes-commits/201209.mbox/<20120924220606.DAC1C2388ADA@eris.apache.org>,chenpei
Mon Sep 24 22:07:16 2012,http://mail-archives.apache.org/mod_mbox/ctakes-commits/201209.mbox/<20120924220606.DAC1C2388ADA@eris.apache.org>,chenpei
Mon Sep 24 22:07:16 2012,http://mail-archives.apache.org/mod_mbox/ctakes-commits/201209.mbox/<20120924220606.DAC1C2388ADA@eris.apache.org>,chenpei
Mon Sep 24 22:07:16 2012,http://mail-archives.apache.org/mod_mbox/ctakes-commits/201209.mbox/<20120924220606.DAC1C2388ADA@eris.apache.org>,chenpei
Mon Sep 24 22:07:16 2012,http://mail-archives.apache.org/mod_mbox/ctakes-commits/201209.mbox/<20120924220606.DAC1C2388ADA@eris.apache.org>,chenpei
Mon Sep 24 22:07:16 2012,http://mail-archives.apache.org/mod_mbox/ctakes-commits/201209.mbox/<20120924220606.DAC1C2388ADA@eris.apache.org>,chenpei
Mon Sep 24 22:07:16 2012,http://mail-archives.apache.org/mod_mbox/ctakes-commits/201209.mbox/<20120924220606.DAC1C2388ADA@eris.apache.org>,chenpei
Mon Sep 24 22:07:16 2012,http://mail-archives.apache.org/mod_mbox/ctakes-commits/201209.mbox/<20120924220606.DAC1C2388ADA@eris.apache.org>,chenpei
Mon Sep 24 22:07:16 2012,http://mail-archives.apache.org/mod_mbox/ctakes-commits/201209.mbox/<20120924220606.DAC1C2388ADA@eris.apache.org>,chenpei
Mon Sep 24 22:07:16 2012,http://mail-archives.apache.org/mod_mbox/ctakes-commits/201209.mbox/<20120924220606.DAC1C2388ADA@eris.apache.org>,chenpei
Mon Sep 24 22:07:16 2012,http://mail-archives.apache.org/mod_mbox/ctakes-commits/201209.mbox/<20120924220606.DAC1C2388ADA@eris.apache.org>,chenpei
Mon Sep 24 22:07:16 2012,http://mail-archives.apache.org/mod_mbox/ctakes-commits/201209.mbox/<20120924220606.DAC1C2388ADA@eris.apache.org>,chenpei
Mon Sep 24 22:07:16 2012,http://mail-archives.apache.org/mod_mbox/ctakes-commits/201209.mbox/<20120924220606.DAC1C2388ADA@eris.apache.org>,chenpei
Mon Sep 24 22:07:16 2012,http://mail-archives.apache.org/mod_mbox/ctakes-commits/201209.mbox/<20120924220606.DAC1C2388ADA@eris.apache.org>,chenpei
Mon Sep 24 22:07:16 2012,http://mail-archives.apache.org/mod_mbox/ctakes-commits/201209.mbox/<20120924220606.DAC1C2388ADA@eris.apache.org>,chenpei
Mon Sep 24 22:07:16 2012,http://mail-archives.apache.org/mod_mbox/ctakes-commits/201209.mbox/<20120924220606.DAC1C2388ADA@eris.apache.org>,chenpei
Mon Sep 24 22:07:16 2012,http://mail-archives.apache.org/mod_mbox/ctakes-commits/201209.mbox/<20120924220606.DAC1C2388ADA@eris.apache.org>,chenpei
Mon Sep 24 22:07:16 2012,http://mail-archives.apache.org/mod_mbox/ctakes-commits/201209.mbox/<20120924220606.DAC1C2388ADA@eris.apache.org>,chenpei
Mon Sep 24 22:07:16 2012,http://mail-archives.apache.org/mod_mbox/ctakes-commits/201209.mbox/<20120924220606.DAC1C2388ADA@eris.apache.org>,chenpei
Mon Sep 24 22:07:16 2012,http://mail-archives.apache.org/mod_mbox/ctakes-commits/201209.mbox/<20120924220606.DAC1C2388ADA@eris.apache.org>,chenpei
Mon Sep 24 22:07:16 2012,http://mail-archives.apache.org/mod_mbox/ctakes-commits/201209.mbox/<20120924220606.DAC1C2388ADA@eris.apache.org>,chenpei
Mon Sep 24 22:07:16 2012,http://mail-archives.apache.org/mod_mbox/ctakes-commits/201209.mbox/<20120924220606.DAC1C2388ADA@eris.apache.org>,chenpei
Mon Sep 24 22:07:16 2012,http://mail-archives.apache.org/mod_mbox/ctakes-commits/201209.mbox/<20120924220606.DAC1C2388ADA@eris.apache.org>,chenpei
Mon Sep 24 22:07:16 2012,http://mail-archives.apache.org/mod_mbox/ctakes-commits/201209.mbox/<20120924220606.DAC1C2388ADA@eris.apache.org>,chenpei
Mon Sep 24 22:07:16 2012,http://mail-archives.apache.org/mod_mbox/ctakes-commits/201209.mbox/<20120924220606.DAC1C2388ADA@eris.apache.org>,chenpei
Mon Sep 24 22:07:16 2012,http://mail-archives.apache.org/mod_mbox/ctakes-commits/201209.mbox/<20120924220606.DAC1C2388ADA@eris.apache.org>,chenpei
Mon Sep 24 22:07:16 2012,http://mail-archives.apache.org/mod_mbox/ctakes-commits/201209.mbox/<20120924220606.DAC1C2388ADA@eris.apache.org>,chenpei
Mon Sep 24 22:07:16 2012,http://mail-archives.apache.org/mod_mbox/ctakes-commits/201209.mbox/<20120924220606.DAC1C2388ADA@eris.apache.org>,chenpei
Mon Sep 24 22:07:16 2012,http://mail-archives.apache.org/mod_mbox/ctakes-commits/201209.mbox/<20120924220606.DAC1C2388ADA@eris.apache.org>,chenpei
Mon Sep 24 22:07:16 2012,http://mail-archives.apache.org/mod_mbox/ctakes-commits/201209.mbox/<20120924220606.DAC1C2388ADA@eris.apache.org>,chenpei
Mon Sep 24 22:07:16 2012,http://mail-archives.apache.org/mod_mbox/ctakes-commits/201209.mbox/<20120924220606.DAC1C2388ADA@eris.apache.org>,chenpei
Mon Sep 24 22:07:16 2012,http://mail-archives.apache.org/mod_mbox/ctakes-commits/201209.mbox/<20120924220606.DAC1C2388ADA@eris.apache.org>,chenpei
Mon Sep 24 22:07:16 2012,http://mail-archives.apache.org/mod_mbox/ctakes-commits/201209.mbox/<20120924220606.DAC1C2388ADA@eris.apache.org>,chenpei
Mon Sep 24 22:07:16 2012,http://mail-archives.apache.org/mod_mbox/ctakes-commits/201209.mbox/<20120924220606.DAC1C2388ADA@eris.apache.org>,chenpei
Mon Sep 24 22:07:16 2012,http://mail-archives.apache.org/mod_mbox/ctakes-commits/201209.mbox/<20120924220606.DAC1C2388ADA@eris.apache.org>,chenpei
Mon Sep 24 22:07:16 2012,http://mail-archives.apache.org/mod_mbox/ctakes-commits/201209.mbox/<20120924220606.DAC1C2388ADA@eris.apache.org>,chenpei
Mon Sep 24 22:07:16 2012,http://mail-archives.apache.org/mod_mbox/ctakes-commits/201209.mbox/<20120924220606.DAC1C2388ADA@eris.apache.org>,chenpei
Mon Sep 24 22:07:16 2012,http://mail-archives.apache.org/mod_mbox/ctakes-commits/201209.mbox/<20120924220606.DAC1C2388ADA@eris.apache.org>,chenpei
Mon Sep 24 22:07:16 2012,http://mail-archives.apache.org/mod_mbox/ctakes-commits/201209.mbox/<20120924220606.DAC1C2388ADA@eris.apache.org>,chenpei
Mon Sep 24 22:07:16 2012,http://mail-archives.apache.org/mod_mbox/ctakes-commits/201209.mbox/<20120924220606.DAC1C2388ADA@eris.apache.org>,chenpei
Mon Sep 24 22:07:16 2012,http://mail-archives.apache.org/mod_mbox/ctakes-commits/201209.mbox/<20120924220606.DAC1C2388ADA@eris.apache.org>,chenpei
Mon Sep 24 22:07:16 2012,http://mail-archives.apache.org/mod_mbox/ctakes-commits/201209.mbox/<20120924220606.DAC1C2388ADA@eris.apache.org>,chenpei
Mon Sep 24 22:07:16 2012,http://mail-archives.apache.org/mod_mbox/ctakes-commits/201209.mbox/<20120924220606.DAC1C2388ADA@eris.apache.org>,chenpei
Mon Sep 24 22:07:16 2012,http://mail-archives.apache.org/mod_mbox/ctakes-commits/201209.mbox/<20120924220606.DAC1C2388ADA@eris.apache.org>,chenpei
Mon Sep 24 22:07:16 2012,http://mail-archives.apache.org/mod_mbox/ctakes-commits/201209.mbox/<20120924220606.DAC1C2388ADA@eris.apache.org>,chenpei
Mon Sep 24 22:07:16 2012,http://mail-archives.apache.org/mod_mbox/ctakes-commits/201209.mbox/<20120924220606.DAC1C2388ADA@eris.apache.org>,chenpei
Mon Sep 24 22:07:16 2012,http://mail-archives.apache.org/mod_mbox/ctakes-commits/201209.mbox/<20120924220606.DAC1C2388ADA@eris.apache.org>,chenpei
Mon Sep 24 22:07:16 2012,http://mail-archives.apache.org/mod_mbox/ctakes-commits/201209.mbox/<20120924220606.DAC1C2388ADA@eris.apache.org>,chenpei
Mon Sep 24 22:07:16 2012,http://mail-archives.apache.org/mod_mbox/ctakes-commits/201209.mbox/<20120924220606.DAC1C2388ADA@eris.apache.org>,chenpei
Mon Sep 24 22:07:16 2012,http://mail-archives.apache.org/mod_mbox/ctakes-commits/201209.mbox/<20120924220606.DAC1C2388ADA@eris.apache.org>,chenpei
Mon Sep 24 22:07:16 2012,http://mail-archives.apache.org/mod_mbox/ctakes-commits/201209.mbox/<20120924220606.DAC1C2388ADA@eris.apache.org>,chenpei
Mon Sep 24 22:07:16 2012,http://mail-archives.apache.org/mod_mbox/ctakes-commits/201209.mbox/<20120924220606.DAC1C2388ADA@eris.apache.org>,chenpei
Mon Sep 24 22:07:16 2012,http://mail-archives.apache.org/mod_mbox/ctakes-commits/201209.mbox/<20120924220606.DAC1C2388ADA@eris.apache.org>,chenpei
Mon Sep 24 22:07:16 2012,http://mail-archives.apache.org/mod_mbox/ctakes-commits/201209.mbox/<20120924220606.DAC1C2388ADA@eris.apache.org>,chenpei
Mon Sep 24 22:07:16 2012,http://mail-archives.apache.org/mod_mbox/ctakes-commits/201209.mbox/<20120924220606.DAC1C2388ADA@eris.apache.org>,chenpei
Mon Sep 24 22:07:16 2012,http://mail-archives.apache.org/mod_mbox/ctakes-commits/201209.mbox/<20120924220606.DAC1C2388ADA@eris.apache.org>,chenpei
Mon Sep 24 22:07:16 2012,http://mail-archives.apache.org/mod_mbox/ctakes-commits/201209.mbox/<20120924220606.DAC1C2388ADA@eris.apache.org>,chenpei
Mon Sep 24 22:07:16 2012,http://mail-archives.apache.org/mod_mbox/ctakes-commits/201209.mbox/<20120924220606.DAC1C2388ADA@eris.apache.org>,chenpei
Mon Sep 24 22:07:16 2012,http://mail-archives.apache.org/mod_mbox/ctakes-commits/201209.mbox/<20120924220606.DAC1C2388ADA@eris.apache.org>,chenpei
Mon Sep 24 22:07:16 2012,http://mail-archives.apache.org/mod_mbox/ctakes-commits/201209.mbox/<20120924220606.DAC1C2388ADA@eris.apache.org>,chenpei
Mon Sep 24 22:07:16 2012,http://mail-archives.apache.org/mod_mbox/ctakes-commits/201209.mbox/<20120924220606.DAC1C2388ADA@eris.apache.org>,chenpei
Mon Sep 24 22:07:16 2012,http://mail-archives.apache.org/mod_mbox/ctakes-commits/201209.mbox/<20120924220606.DAC1C2388ADA@eris.apache.org>,chenpei
Mon Sep 24 22:07:16 2012,http://mail-archives.apache.org/mod_mbox/ctakes-commits/201209.mbox/<20120924220606.DAC1C2388ADA@eris.apache.org>,chenpei
Mon Sep 24 22:07:16 2012,http://mail-archives.apache.org/mod_mbox/ctakes-commits/201209.mbox/<20120924220606.DAC1C2388ADA@eris.apache.org>,chenpei
Mon Sep 24 22:07:16 2012,http://mail-archives.apache.org/mod_mbox/ctakes-commits/201209.mbox/<20120924220606.DAC1C2388ADA@eris.apache.org>,chenpei
Mon Sep 24 22:07:16 2012,http://mail-archives.apache.org/mod_mbox/ctakes-commits/201209.mbox/<20120924220606.DAC1C2388ADA@eris.apache.org>,chenpei
Mon Sep 24 22:07:16 2012,http://mail-archives.apache.org/mod_mbox/ctakes-commits/201209.mbox/<20120924220606.DAC1C2388ADA@eris.apache.org>,chenpei
Mon Sep 24 22:07:16 2012,http://mail-archives.apache.org/mod_mbox/ctakes-commits/201209.mbox/<20120924220606.DAC1C2388ADA@eris.apache.org>,chenpei
Mon Sep 24 22:07:16 2012,http://mail-archives.apache.org/mod_mbox/ctakes-commits/201209.mbox/<20120924220606.DAC1C2388ADA@eris.apache.org>,chenpei
Mon Sep 24 22:07:16 2012,http://mail-archives.apache.org/mod_mbox/ctakes-commits/201209.mbox/<20120924220606.DAC1C2388ADA@eris.apache.org>,chenpei
Mon Sep 24 22:07:16 2012,http://mail-archives.apache.org/mod_mbox/ctakes-commits/201209.mbox/<20120924220606.DAC1C2388ADA@eris.apache.org>,chenpei
Mon Sep 24 22:07:16 2012,http://mail-archives.apache.org/mod_mbox/ctakes-commits/201209.mbox/<20120924220606.DAC1C2388ADA@eris.apache.org>,chenpei
Mon Sep 24 22:07:16 2012,http://mail-archives.apache.org/mod_mbox/ctakes-commits/201209.mbox/<20120924220606.DAC1C2388ADA@eris.apache.org>,chenpei
Mon Sep 24 22:07:16 2012,http://mail-archives.apache.org/mod_mbox/ctakes-commits/201209.mbox/<20120924220606.DAC1C2388ADA@eris.apache.org>,chenpei
Mon Sep 24 22:07:16 2012,http://mail-archives.apache.org/mod_mbox/ctakes-commits/201209.mbox/<20120924220606.DAC1C2388ADA@eris.apache.org>,chenpei
Mon Sep 24 22:07:16 2012,http://mail-archives.apache.org/mod_mbox/ctakes-commits/201209.mbox/<20120924220606.DAC1C2388ADA@eris.apache.org>,chenpei
Mon Sep 24 22:07:16 2012,http://mail-archives.apache.org/mod_mbox/ctakes-commits/201209.mbox/<20120924220606.DAC1C2388ADA@eris.apache.org>,chenpei
Mon Sep 24 22:07:16 2012,http://mail-archives.apache.org/mod_mbox/ctakes-commits/201209.mbox/<20120924220606.DAC1C2388ADA@eris.apache.org>,chenpei
Mon Sep 24 22:07:16 2012,http://mail-archives.apache.org/mod_mbox/ctakes-commits/201209.mbox/<20120924220606.DAC1C2388ADA@eris.apache.org>,chenpei
Mon Sep 24 22:07:16 2012,http://mail-archives.apache.org/mod_mbox/ctakes-commits/201209.mbox/<20120924220606.DAC1C2388ADA@eris.apache.org>,chenpei
Mon Sep 24 22:07:16 2012,http://mail-archives.apache.org/mod_mbox/ctakes-commits/201209.mbox/<20120924220606.DAC1C2388ADA@eris.apache.org>,chenpei
Mon Sep 24 22:07:16 2012,http://mail-archives.apache.org/mod_mbox/ctakes-commits/201209.mbox/<20120924220606.DAC1C2388ADA@eris.apache.org>,chenpei
Mon Sep 24 22:07:16 2012,http://mail-archives.apache.org/mod_mbox/ctakes-commits/201209.mbox/<20120924220606.DAC1C2388ADA@eris.apache.org>,chenpei
Mon Sep 24 22:07:16 2012,http://mail-archives.apache.org/mod_mbox/ctakes-commits/201209.mbox/<20120924220606.DAC1C2388ADA@eris.apache.org>,chenpei
Mon Sep 24 22:07:16 2012,http://mail-archives.apache.org/mod_mbox/ctakes-commits/201209.mbox/<20120924220606.DAC1C2388ADA@eris.apache.org>,chenpei
Mon Sep 24 22:07:16 2012,http://mail-archives.apache.org/mod_mbox/ctakes-commits/201209.mbox/<20120924220606.DAC1C2388ADA@eris.apache.org>,chenpei
Mon Sep 24 22:07:16 2012,http://mail-archives.apache.org/mod_mbox/ctakes-commits/201209.mbox/<20120924220606.DAC1C2388ADA@eris.apache.org>,chenpei
Mon Sep 24 22:07:16 2012,http://mail-archives.apache.org/mod_mbox/ctakes-commits/201209.mbox/<20120924220606.DAC1C2388ADA@eris.apache.org>,chenpei
Mon Sep 24 22:07:16 2012,http://mail-archives.apache.org/mod_mbox/ctakes-commits/201209.mbox/<20120924220606.DAC1C2388ADA@eris.apache.org>,chenpei
Mon Sep 24 22:07:16 2012,http://mail-archives.apache.org/mod_mbox/ctakes-commits/201209.mbox/<20120924220606.DAC1C2388ADA@eris.apache.org>,chenpei
Mon Sep 24 22:07:16 2012,http://mail-archives.apache.org/mod_mbox/ctakes-commits/201209.mbox/<20120924220606.DAC1C2388ADA@eris.apache.org>,chenpei
Mon Sep 24 22:07:16 2012,http://mail-archives.apache.org/mod_mbox/ctakes-commits/201209.mbox/<20120924220606.DAC1C2388ADA@eris.apache.org>,chenpei
Mon Sep 24 22:07:16 2012,http://mail-archives.apache.org/mod_mbox/ctakes-commits/201209.mbox/<20120924220606.DAC1C2388ADA@eris.apache.org>,chenpei
Mon Sep 24 22:07:16 2012,http://mail-archives.apache.org/mod_mbox/ctakes-commits/201209.mbox/<20120924220606.DAC1C2388ADA@eris.apache.org>,chenpei
Mon Sep 24 22:07:16 2012,http://mail-archives.apache.org/mod_mbox/ctakes-commits/201209.mbox/<20120924220606.DAC1C2388ADA@eris.apache.org>,chenpei
Mon Sep 24 22:07:16 2012,http://mail-archives.apache.org/mod_mbox/ctakes-commits/201209.mbox/<20120924220606.DAC1C2388ADA@eris.apache.org>,chenpei
Mon Sep 24 22:07:16 2012,http://mail-archives.apache.org/mod_mbox/ctakes-commits/201209.mbox/<20120924220606.DAC1C2388ADA@eris.apache.org>,chenpei
Mon Sep 24 22:07:16 2012,http://mail-archives.apache.org/mod_mbox/ctakes-commits/201209.mbox/<20120924220606.DAC1C2388ADA@eris.apache.org>,chenpei
Mon Sep 24 22:07:16 2012,http://mail-archives.apache.org/mod_mbox/ctakes-commits/201209.mbox/<20120924220606.DAC1C2388ADA@eris.apache.org>,chenpei
Mon Sep 24 22:07:16 2012,http://mail-archives.apache.org/mod_mbox/ctakes-commits/201209.mbox/<20120924220606.DAC1C2388ADA@eris.apache.org>,chenpei
Mon Sep 24 22:07:16 2012,http://mail-archives.apache.org/mod_mbox/ctakes-commits/201209.mbox/<20120924220606.DAC1C2388ADA@eris.apache.org>,chenpei
Mon Sep 24 22:07:16 2012,http://mail-archives.apache.org/mod_mbox/ctakes-commits/201209.mbox/<20120924220606.DAC1C2388ADA@eris.apache.org>,chenpei
Mon Sep 24 22:07:16 2012,http://mail-archives.apache.org/mod_mbox/ctakes-commits/201209.mbox/<20120924220606.DAC1C2388ADA@eris.apache.org>,chenpei
Mon Sep 24 22:07:16 2012,http://mail-archives.apache.org/mod_mbox/ctakes-commits/201209.mbox/<20120924220606.DAC1C2388ADA@eris.apache.org>,chenpei
Mon Sep 24 22:07:16 2012,http://mail-archives.apache.org/mod_mbox/ctakes-commits/201209.mbox/<20120924220606.DAC1C2388ADA@eris.apache.org>,chenpei
Mon Sep 24 22:07:16 2012,http://mail-archives.apache.org/mod_mbox/ctakes-commits/201209.mbox/<20120924220606.DAC1C2388ADA@eris.apache.org>,chenpei
Mon Sep 24 22:07:16 2012,http://mail-archives.apache.org/mod_mbox/ctakes-commits/201209.mbox/<20120924220606.DAC1C2388ADA@eris.apache.org>,chenpei
Mon Sep 24 22:07:16 2012,http://mail-archives.apache.org/mod_mbox/ctakes-commits/201209.mbox/<20120924220606.DAC1C2388ADA@eris.apache.org>,chenpei
Mon Sep 24 22:07:16 2012,http://mail-archives.apache.org/mod_mbox/ctakes-commits/201209.mbox/<20120924220606.DAC1C2388ADA@eris.apache.org>,chenpei
Mon Sep 24 22:07:16 2012,http://mail-archives.apache.org/mod_mbox/ctakes-commits/201209.mbox/<20120924220606.DAC1C2388ADA@eris.apache.org>,chenpei
Mon Sep 24 22:07:16 2012,http://mail-archives.apache.org/mod_mbox/ctakes-commits/201209.mbox/<20120924220606.DAC1C2388ADA@eris.apache.org>,chenpei
Mon Sep 24 22:07:16 2012,http://mail-archives.apache.org/mod_mbox/ctakes-commits/201209.mbox/<20120924220606.DAC1C2388ADA@eris.apache.org>,chenpei
Mon Sep 24 22:07:16 2012,http://mail-archives.apache.org/mod_mbox/ctakes-commits/201209.mbox/<20120924220606.DAC1C2388ADA@eris.apache.org>,chenpei
Mon Sep 24 22:07:16 2012,http://mail-archives.apache.org/mod_mbox/ctakes-commits/201209.mbox/<20120924220606.DAC1C2388ADA@eris.apache.org>,chenpei
Mon Sep 24 22:07:16 2012,http://mail-archives.apache.org/mod_mbox/ctakes-commits/201209.mbox/<20120924220606.DAC1C2388ADA@eris.apache.org>,chenpei
Mon Sep 24 22:07:16 2012,http://mail-archives.apache.org/mod_mbox/ctakes-commits/201209.mbox/<20120924220606.DAC1C2388ADA@eris.apache.org>,chenpei
Mon Sep 24 22:07:16 2012,http://mail-archives.apache.org/mod_mbox/ctakes-commits/201209.mbox/<20120924220606.DAC1C2388ADA@eris.apache.org>,chenpei
Mon Sep 24 22:07:16 2012,http://mail-archives.apache.org/mod_mbox/ctakes-commits/201209.mbox/<20120924220606.DAC1C2388ADA@eris.apache.org>,chenpei
Mon Sep 24 22:07:16 2012,http://mail-archives.apache.org/mod_mbox/ctakes-commits/201209.mbox/<20120924220606.DAC1C2388ADA@eris.apache.org>,chenpei
Mon Sep 24 22:07:16 2012,http://mail-archives.apache.org/mod_mbox/ctakes-commits/201209.mbox/<20120924220606.DAC1C2388ADA@eris.apache.org>,chenpei
Mon Sep 24 22:07:16 2012,http://mail-archives.apache.org/mod_mbox/ctakes-commits/201209.mbox/<20120924220606.DAC1C2388ADA@eris.apache.org>,chenpei
Mon Sep 24 22:07:16 2012,http://mail-archives.apache.org/mod_mbox/ctakes-commits/201209.mbox/<20120924220606.DAC1C2388ADA@eris.apache.org>,chenpei
Mon Sep 24 22:07:16 2012,http://mail-archives.apache.org/mod_mbox/ctakes-commits/201209.mbox/<20120924220606.DAC1C2388ADA@eris.apache.org>,chenpei
Mon Sep 24 22:07:16 2012,http://mail-archives.apache.org/mod_mbox/ctakes-commits/201209.mbox/<20120924220606.DAC1C2388ADA@eris.apache.org>,chenpei
Mon Sep 24 22:07:16 2012,http://mail-archives.apache.org/mod_mbox/ctakes-commits/201209.mbox/<20120924220606.DAC1C2388ADA@eris.apache.org>,chenpei
Mon Sep 24 22:07:16 2012,http://mail-archives.apache.org/mod_mbox/ctakes-commits/201209.mbox/<20120924220606.DAC1C2388ADA@eris.apache.org>,chenpei
Mon Sep 24 22:07:16 2012,http://mail-archives.apache.org/mod_mbox/ctakes-commits/201209.mbox/<20120924220606.DAC1C2388ADA@eris.apache.org>,chenpei
Mon Sep 24 22:07:16 2012,http://mail-archives.apache.org/mod_mbox/ctakes-commits/201209.mbox/<20120924220606.DAC1C2388ADA@eris.apache.org>,chenpei
Mon Sep 24 22:07:16 2012,http://mail-archives.apache.org/mod_mbox/ctakes-commits/201209.mbox/<20120924220606.DAC1C2388ADA@eris.apache.org>,chenpei
Mon Sep 24 22:07:16 2012,http://mail-archives.apache.org/mod_mbox/ctakes-commits/201209.mbox/<20120924220606.DAC1C2388ADA@eris.apache.org>,chenpei
Mon Sep 24 22:07:16 2012,http://mail-archives.apache.org/mod_mbox/ctakes-commits/201209.mbox/<20120924220606.DAC1C2388ADA@eris.apache.org>,chenpei
Mon Sep 24 22:07:16 2012,http://mail-archives.apache.org/mod_mbox/ctakes-commits/201209.mbox/<20120924220606.DAC1C2388ADA@eris.apache.org>,chenpei
Mon Sep 24 22:07:16 2012,http://mail-archives.apache.org/mod_mbox/ctakes-commits/201209.mbox/<20120924220606.DAC1C2388ADA@eris.apache.org>,chenpei
Mon Sep 24 22:07:16 2012,http://mail-archives.apache.org/mod_mbox/ctakes-commits/201209.mbox/<20120924220606.DAC1C2388ADA@eris.apache.org>,chenpei
Mon Sep 24 22:07:16 2012,http://mail-archives.apache.org/mod_mbox/ctakes-commits/201209.mbox/<20120924220606.DAC1C2388ADA@eris.apache.org>,chenpei
Mon Sep 24 22:07:16 2012,http://mail-archives.apache.org/mod_mbox/ctakes-commits/201209.mbox/<20120924220606.DAC1C2388ADA@eris.apache.org>,chenpei
Mon Sep 24 22:07:16 2012,http://mail-archives.apache.org/mod_mbox/ctakes-commits/201209.mbox/<20120924220606.DAC1C2388ADA@eris.apache.org>,chenpei
Mon Sep 24 22:07:16 2012,http://mail-archives.apache.org/mod_mbox/ctakes-commits/201209.mbox/<20120924220606.DAC1C2388ADA@eris.apache.org>,chenpei
Mon Sep 24 22:07:16 2012,http://mail-archives.apache.org/mod_mbox/ctakes-commits/201209.mbox/<20120924220606.DAC1C2388ADA@eris.apache.org>,chenpei
Mon Sep 24 22:07:16 2012,http://mail-archives.apache.org/mod_mbox/ctakes-commits/201209.mbox/<20120924220606.DAC1C2388ADA@eris.apache.org>,chenpei
Mon Sep 24 22:07:16 2012,http://mail-archives.apache.org/mod_mbox/ctakes-commits/201209.mbox/<20120924220606.DAC1C2388ADA@eris.apache.org>,chenpei
Mon Sep 24 22:07:16 2012,http://mail-archives.apache.org/mod_mbox/ctakes-commits/201209.mbox/<20120924220606.DAC1C2388ADA@eris.apache.org>,chenpei
Mon Sep 24 22:07:16 2012,http://mail-archives.apache.org/mod_mbox/ctakes-commits/201209.mbox/<20120924220606.DAC1C2388ADA@eris.apache.org>,chenpei
Mon Sep 24 22:07:16 2012,http://mail-archives.apache.org/mod_mbox/ctakes-commits/201209.mbox/<20120924220606.DAC1C2388ADA@eris.apache.org>,chenpei
Mon Sep 24 22:07:16 2012,http://mail-archives.apache.org/mod_mbox/ctakes-commits/201209.mbox/<20120924220606.DAC1C2388ADA@eris.apache.org>,chenpei
Mon Sep 24 22:07:16 2012,http://mail-archives.apache.org/mod_mbox/ctakes-commits/201209.mbox/<20120924220606.DAC1C2388ADA@eris.apache.org>,chenpei
Mon Sep 24 22:07:16 2012,http://mail-archives.apache.org/mod_mbox/ctakes-commits/201209.mbox/<20120924220606.DAC1C2388ADA@eris.apache.org>,chenpei
Mon Sep 24 22:07:16 2012,http://mail-archives.apache.org/mod_mbox/ctakes-commits/201209.mbox/<20120924220606.DAC1C2388ADA@eris.apache.org>,chenpei
Mon Sep 24 22:07:16 2012,http://mail-archives.apache.org/mod_mbox/ctakes-commits/201209.mbox/<20120924220606.DAC1C2388ADA@eris.apache.org>,chenpei
Mon Sep 24 22:07:16 2012,http://mail-archives.apache.org/mod_mbox/ctakes-commits/201209.mbox/<20120924220606.DAC1C2388ADA@eris.apache.org>,chenpei
Mon Sep 24 22:07:16 2012,http://mail-archives.apache.org/mod_mbox/ctakes-commits/201209.mbox/<20120924220606.DAC1C2388ADA@eris.apache.org>,chenpei
Mon Sep 24 22:07:16 2012,http://mail-archives.apache.org/mod_mbox/ctakes-commits/201209.mbox/<20120924220606.DAC1C2388ADA@eris.apache.org>,chenpei
Mon Sep 24 22:07:16 2012,http://mail-archives.apache.org/mod_mbox/ctakes-commits/201209.mbox/<20120924220606.DAC1C2388ADA@eris.apache.org>,chenpei
Mon Sep 24 22:07:16 2012,http://mail-archives.apache.org/mod_mbox/ctakes-commits/201209.mbox/<20120924220606.DAC1C2388ADA@eris.apache.org>,chenpei
Mon Sep 24 22:07:16 2012,http://mail-archives.apache.org/mod_mbox/ctakes-commits/201209.mbox/<20120924220606.DAC1C2388ADA@eris.apache.org>,chenpei
Mon Sep 24 22:07:16 2012,http://mail-archives.apache.org/mod_mbox/ctakes-commits/201209.mbox/<20120924220606.DAC1C2388ADA@eris.apache.org>,chenpei
Mon Sep 24 22:07:16 2012,http://mail-archives.apache.org/mod_mbox/ctakes-commits/201209.mbox/<20120924220606.DAC1C2388ADA@eris.apache.org>,chenpei
Mon Sep 24 22:07:16 2012,http://mail-archives.apache.org/mod_mbox/ctakes-commits/201209.mbox/<20120924220606.DAC1C2388ADA@eris.apache.org>,chenpei
Mon Sep 24 22:07:16 2012,http://mail-archives.apache.org/mod_mbox/ctakes-commits/201209.mbox/<20120924220606.DAC1C2388ADA@eris.apache.org>,chenpei
Mon Sep 24 22:07:16 2012,http://mail-archives.apache.org/mod_mbox/ctakes-commits/201209.mbox/<20120924220606.DAC1C2388ADA@eris.apache.org>,chenpei
Mon Sep 24 22:07:16 2012,http://mail-archives.apache.org/mod_mbox/ctakes-commits/201209.mbox/<20120924220606.DAC1C2388ADA@eris.apache.org>,chenpei
Mon Sep 24 22:07:16 2012,http://mail-archives.apache.org/mod_mbox/ctakes-commits/201209.mbox/<20120924220606.DAC1C2388ADA@eris.apache.org>,chenpei
Mon Sep 24 22:07:16 2012,http://mail-archives.apache.org/mod_mbox/ctakes-commits/201209.mbox/<20120924220606.DAC1C2388ADA@eris.apache.org>,chenpei
Mon Sep 24 22:07:16 2012,http://mail-archives.apache.org/mod_mbox/ctakes-commits/201209.mbox/<20120924220606.DAC1C2388ADA@eris.apache.org>,chenpei
Mon Sep 24 22:07:16 2012,http://mail-archives.apache.org/mod_mbox/ctakes-commits/201209.mbox/<20120924220606.DAC1C2388ADA@eris.apache.org>,chenpei
Mon Sep 24 22:07:16 2012,http://mail-archives.apache.org/mod_mbox/ctakes-commits/201209.mbox/<20120924220606.DAC1C2388ADA@eris.apache.org>,chenpei
Mon Sep 24 22:07:16 2012,http://mail-archives.apache.org/mod_mbox/ctakes-commits/201209.mbox/<20120924220606.DAC1C2388ADA@eris.apache.org>,chenpei
Mon Sep 24 22:07:16 2012,http://mail-archives.apache.org/mod_mbox/ctakes-commits/201209.mbox/<20120924220606.DAC1C2388ADA@eris.apache.org>,chenpei
Mon Sep 24 22:07:16 2012,http://mail-archives.apache.org/mod_mbox/ctakes-commits/201209.mbox/<20120924220606.DAC1C2388ADA@eris.apache.org>,chenpei
Mon Sep 24 22:07:16 2012,http://mail-archives.apache.org/mod_mbox/ctakes-commits/201209.mbox/<20120924220606.DAC1C2388ADA@eris.apache.org>,chenpei
Mon Sep 24 22:07:16 2012,http://mail-archives.apache.org/mod_mbox/ctakes-commits/201209.mbox/<20120924220606.DAC1C2388ADA@eris.apache.org>,chenpei
Mon Sep 24 22:07:16 2012,http://mail-archives.apache.org/mod_mbox/ctakes-commits/201209.mbox/<20120924220606.DAC1C2388ADA@eris.apache.org>,chenpei
Mon Sep 24 22:07:16 2012,http://mail-archives.apache.org/mod_mbox/ctakes-commits/201209.mbox/<20120924220606.DAC1C2388ADA@eris.apache.org>,chenpei
Mon Sep 24 22:07:16 2012,http://mail-archives.apache.org/mod_mbox/ctakes-commits/201209.mbox/<20120924220606.DAC1C2388ADA@eris.apache.org>,chenpei
Mon Sep 24 22:07:16 2012,http://mail-archives.apache.org/mod_mbox/ctakes-commits/201209.mbox/<20120924220606.DAC1C2388ADA@eris.apache.org>,chenpei
Mon Sep 24 22:07:16 2012,http://mail-archives.apache.org/mod_mbox/ctakes-commits/201209.mbox/<20120924220606.DAC1C2388ADA@eris.apache.org>,chenpei
Mon Sep 24 22:07:16 2012,http://mail-archives.apache.org/mod_mbox/ctakes-commits/201209.mbox/<20120924220606.DAC1C2388ADA@eris.apache.org>,chenpei
Mon Sep 24 22:07:16 2012,http://mail-archives.apache.org/mod_mbox/ctakes-commits/201209.mbox/<20120924220606.DAC1C2388ADA@eris.apache.org>,chenpei
Mon Sep 24 22:07:16 2012,http://mail-archives.apache.org/mod_mbox/ctakes-commits/201209.mbox/<20120924220606.DAC1C2388ADA@eris.apache.org>,chenpei
Mon Sep 24 22:07:16 2012,http://mail-archives.apache.org/mod_mbox/ctakes-commits/201209.mbox/<20120924220606.DAC1C2388ADA@eris.apache.org>,chenpei
Mon Sep 24 22:07:16 2012,http://mail-archives.apache.org/mod_mbox/ctakes-commits/201209.mbox/<20120924220606.DAC1C2388ADA@eris.apache.org>,chenpei
Mon Sep 24 22:07:16 2012,http://mail-archives.apache.org/mod_mbox/ctakes-commits/201209.mbox/<20120924220606.DAC1C2388ADA@eris.apache.org>,chenpei
Mon Sep 24 22:07:16 2012,http://mail-archives.apache.org/mod_mbox/ctakes-commits/201209.mbox/<20120924220606.DAC1C2388ADA@eris.apache.org>,chenpei
Mon Sep 24 22:07:16 2012,http://mail-archives.apache.org/mod_mbox/ctakes-commits/201209.mbox/<20120924220606.DAC1C2388ADA@eris.apache.org>,chenpei
Mon Sep 24 22:07:16 2012,http://mail-archives.apache.org/mod_mbox/ctakes-commits/201209.mbox/<20120924220606.DAC1C2388ADA@eris.apache.org>,chenpei
Mon Sep 24 22:07:16 2012,http://mail-archives.apache.org/mod_mbox/ctakes-commits/201209.mbox/<20120924220606.DAC1C2388ADA@eris.apache.org>,chenpei
Mon Sep 24 22:07:16 2012,http://mail-archives.apache.org/mod_mbox/ctakes-commits/201209.mbox/<20120924220606.DAC1C2388ADA@eris.apache.org>,chenpei
Mon Sep 24 22:07:16 2012,http://mail-archives.apache.org/mod_mbox/ctakes-commits/201209.mbox/<20120924220606.DAC1C2388ADA@eris.apache.org>,chenpei
Mon Sep 24 22:07:16 2012,http://mail-archives.apache.org/mod_mbox/ctakes-commits/201209.mbox/<20120924220606.DAC1C2388ADA@eris.apache.org>,chenpei
Mon Sep 24 22:07:16 2012,http://mail-archives.apache.org/mod_mbox/ctakes-commits/201209.mbox/<20120924220606.DAC1C2388ADA@eris.apache.org>,chenpei
Mon Sep 24 22:07:16 2012,http://mail-archives.apache.org/mod_mbox/ctakes-commits/201209.mbox/<20120924220606.DAC1C2388ADA@eris.apache.org>,chenpei
Mon Sep 24 22:07:16 2012,http://mail-archives.apache.org/mod_mbox/ctakes-commits/201209.mbox/<20120924220606.DAC1C2388ADA@eris.apache.org>,chenpei
Mon Sep 24 22:07:16 2012,http://mail-archives.apache.org/mod_mbox/ctakes-commits/201209.mbox/<20120924220606.DAC1C2388ADA@eris.apache.org>,chenpei
Mon Sep 24 22:07:16 2012,http://mail-archives.apache.org/mod_mbox/ctakes-commits/201209.mbox/<20120924220606.DAC1C2388ADA@eris.apache.org>,chenpei
Mon Sep 24 22:07:16 2012,http://mail-archives.apache.org/mod_mbox/ctakes-commits/201209.mbox/<20120924220606.DAC1C2388ADA@eris.apache.org>,chenpei
Mon Sep 24 22:07:16 2012,http://mail-archives.apache.org/mod_mbox/ctakes-commits/201209.mbox/<20120924220606.DAC1C2388ADA@eris.apache.org>,chenpei
Mon Sep 24 22:07:16 2012,http://mail-archives.apache.org/mod_mbox/ctakes-commits/201209.mbox/<20120924220606.DAC1C2388ADA@eris.apache.org>,chenpei
Mon Sep 24 22:07:16 2012,http://mail-archives.apache.org/mod_mbox/ctakes-commits/201209.mbox/<20120924220606.DAC1C2388ADA@eris.apache.org>,chenpei
Mon Sep 24 22:07:16 2012,http://mail-archives.apache.org/mod_mbox/ctakes-commits/201209.mbox/<20120924220606.DAC1C2388ADA@eris.apache.org>,chenpei
Mon Sep 24 22:07:16 2012,http://mail-archives.apache.org/mod_mbox/ctakes-commits/201209.mbox/<20120924220606.DAC1C2388ADA@eris.apache.org>,chenpei
Mon Sep 24 22:07:16 2012,http://mail-archives.apache.org/mod_mbox/ctakes-commits/201209.mbox/<20120924220606.DAC1C2388ADA@eris.apache.org>,chenpei
Mon Sep 24 22:07:16 2012,http://mail-archives.apache.org/mod_mbox/ctakes-commits/201209.mbox/<20120924220606.DAC1C2388ADA@eris.apache.org>,chenpei
Mon Sep 24 22:07:16 2012,http://mail-archives.apache.org/mod_mbox/ctakes-commits/201209.mbox/<20120924220606.DAC1C2388ADA@eris.apache.org>,chenpei
Mon Sep 24 22:07:16 2012,http://mail-archives.apache.org/mod_mbox/ctakes-commits/201209.mbox/<20120924220606.DAC1C2388ADA@eris.apache.org>,chenpei
Mon Sep 24 22:07:16 2012,http://mail-archives.apache.org/mod_mbox/ctakes-commits/201209.mbox/<20120924220606.DAC1C2388ADA@eris.apache.org>,chenpei
Mon Sep 24 22:07:16 2012,http://mail-archives.apache.org/mod_mbox/ctakes-commits/201209.mbox/<20120924220606.DAC1C2388ADA@eris.apache.org>,chenpei
Mon Sep 24 22:07:16 2012,http://mail-archives.apache.org/mod_mbox/ctakes-commits/201209.mbox/<20120924220606.DAC1C2388ADA@eris.apache.org>,chenpei
Mon Sep 24 22:07:16 2012,http://mail-archives.apache.org/mod_mbox/ctakes-commits/201209.mbox/<20120924220606.DAC1C2388ADA@eris.apache.org>,chenpei
Mon Sep 24 22:07:16 2012,http://mail-archives.apache.org/mod_mbox/ctakes-commits/201209.mbox/<20120924220606.DAC1C2388ADA@eris.apache.org>,chenpei
Mon Sep 24 22:07:16 2012,http://mail-archives.apache.org/mod_mbox/ctakes-commits/201209.mbox/<20120924220606.DAC1C2388ADA@eris.apache.org>,chenpei
Mon Sep 24 22:07:16 2012,http://mail-archives.apache.org/mod_mbox/ctakes-commits/201209.mbox/<20120924220606.DAC1C2388ADA@eris.apache.org>,chenpei
Mon Sep 24 22:07:16 2012,http://mail-archives.apache.org/mod_mbox/ctakes-commits/201209.mbox/<20120924220606.DAC1C2388ADA@eris.apache.org>,chenpei
Mon Sep 24 22:07:16 2012,http://mail-archives.apache.org/mod_mbox/ctakes-commits/201209.mbox/<20120924220606.DAC1C2388ADA@eris.apache.org>,chenpei
Mon Sep 24 22:07:16 2012,http://mail-archives.apache.org/mod_mbox/ctakes-commits/201209.mbox/<20120924220606.DAC1C2388ADA@eris.apache.org>,chenpei
Mon Sep 24 22:07:16 2012,http://mail-archives.apache.org/mod_mbox/ctakes-commits/201209.mbox/<20120924220606.DAC1C2388ADA@eris.apache.org>,chenpei
Mon Sep 24 22:07:16 2012,http://mail-archives.apache.org/mod_mbox/ctakes-commits/201209.mbox/<20120924220606.DAC1C2388ADA@eris.apache.org>,chenpei
Mon Sep 24 22:07:16 2012,http://mail-archives.apache.org/mod_mbox/ctakes-commits/201209.mbox/<20120924220606.DAC1C2388ADA@eris.apache.org>,chenpei
Mon Sep 24 22:07:16 2012,http://mail-archives.apache.org/mod_mbox/ctakes-commits/201209.mbox/<20120924220606.DAC1C2388ADA@eris.apache.org>,chenpei
Mon Sep 24 22:07:16 2012,http://mail-archives.apache.org/mod_mbox/ctakes-commits/201209.mbox/<20120924220606.DAC1C2388ADA@eris.apache.org>,chenpei
Mon Sep 24 22:07:16 2012,http://mail-archives.apache.org/mod_mbox/ctakes-commits/201209.mbox/<20120924220606.DAC1C2388ADA@eris.apache.org>,chenpei
Mon Sep 24 22:07:16 2012,http://mail-archives.apache.org/mod_mbox/ctakes-commits/201209.mbox/<20120924220606.DAC1C2388ADA@eris.apache.org>,chenpei
Mon Sep 24 22:07:16 2012,http://mail-archives.apache.org/mod_mbox/ctakes-commits/201209.mbox/<20120924220606.DAC1C2388ADA@eris.apache.org>,chenpei
Mon Sep 24 22:07:16 2012,http://mail-archives.apache.org/mod_mbox/ctakes-commits/201209.mbox/<20120924220606.DAC1C2388ADA@eris.apache.org>,chenpei
Mon Sep 24 22:07:16 2012,http://mail-archives.apache.org/mod_mbox/ctakes-commits/201209.mbox/<20120924220606.DAC1C2388ADA@eris.apache.org>,chenpei
Mon Sep 24 22:07:16 2012,http://mail-archives.apache.org/mod_mbox/ctakes-commits/201209.mbox/<20120924220606.DAC1C2388ADA@eris.apache.org>,chenpei
Mon Sep 24 22:07:16 2012,http://mail-archives.apache.org/mod_mbox/ctakes-commits/201209.mbox/<20120924220606.DAC1C2388ADA@eris.apache.org>,chenpei
Mon Sep 24 22:07:16 2012,http://mail-archives.apache.org/mod_mbox/ctakes-commits/201209.mbox/<20120924220606.DAC1C2388ADA@eris.apache.org>,chenpei
Mon Sep 24 22:07:16 2012,http://mail-archives.apache.org/mod_mbox/ctakes-commits/201209.mbox/<20120924220606.DAC1C2388ADA@eris.apache.org>,chenpei
Mon Sep 24 22:07:16 2012,http://mail-archives.apache.org/mod_mbox/ctakes-commits/201209.mbox/<20120924220606.DAC1C2388ADA@eris.apache.org>,chenpei
Mon Sep 24 22:07:16 2012,http://mail-archives.apache.org/mod_mbox/ctakes-commits/201209.mbox/<20120924220606.DAC1C2388ADA@eris.apache.org>,chenpei
Mon Sep 24 22:07:16 2012,http://mail-archives.apache.org/mod_mbox/ctakes-commits/201209.mbox/<20120924220606.DAC1C2388ADA@eris.apache.org>,chenpei
Mon Sep 24 22:07:16 2012,http://mail-archives.apache.org/mod_mbox/ctakes-commits/201209.mbox/<20120924220606.DAC1C2388ADA@eris.apache.org>,chenpei
Mon Sep 24 22:07:16 2012,http://mail-archives.apache.org/mod_mbox/ctakes-commits/201209.mbox/<20120924220606.DAC1C2388ADA@eris.apache.org>,chenpei
Mon Sep 24 22:07:16 2012,http://mail-archives.apache.org/mod_mbox/ctakes-commits/201209.mbox/<20120924220606.DAC1C2388ADA@eris.apache.org>,chenpei
Mon Sep 24 22:07:16 2012,http://mail-archives.apache.org/mod_mbox/ctakes-commits/201209.mbox/<20120924220606.DAC1C2388ADA@eris.apache.org>,chenpei
Mon Sep 24 22:07:16 2012,http://mail-archives.apache.org/mod_mbox/ctakes-commits/201209.mbox/<20120924220606.DAC1C2388ADA@eris.apache.org>,chenpei
Mon Sep 24 22:07:16 2012,http://mail-archives.apache.org/mod_mbox/ctakes-commits/201209.mbox/<20120924220606.DAC1C2388ADA@eris.apache.org>,chenpei
Mon Sep 24 22:07:16 2012,http://mail-archives.apache.org/mod_mbox/ctakes-commits/201209.mbox/<20120924220606.DAC1C2388ADA@eris.apache.org>,chenpei
Mon Sep 24 22:07:16 2012,http://mail-archives.apache.org/mod_mbox/ctakes-commits/201209.mbox/<20120924220606.DAC1C2388ADA@eris.apache.org>,chenpei
Mon Sep 24 22:07:16 2012,http://mail-archives.apache.org/mod_mbox/ctakes-commits/201209.mbox/<20120924220606.DAC1C2388ADA@eris.apache.org>,chenpei
Mon Sep 24 22:07:16 2012,http://mail-archives.apache.org/mod_mbox/ctakes-commits/201209.mbox/<20120924220606.DAC1C2388ADA@eris.apache.org>,chenpei
Mon Sep 24 22:07:16 2012,http://mail-archives.apache.org/mod_mbox/ctakes-commits/201209.mbox/<20120924220606.DAC1C2388ADA@eris.apache.org>,chenpei
Mon Sep 24 22:07:16 2012,http://mail-archives.apache.org/mod_mbox/ctakes-commits/201209.mbox/<20120924220606.DAC1C2388ADA@eris.apache.org>,chenpei
Mon Sep 24 22:07:16 2012,http://mail-archives.apache.org/mod_mbox/ctakes-commits/201209.mbox/<20120924220606.DAC1C2388ADA@eris.apache.org>,chenpei
Mon Sep 24 22:07:16 2012,http://mail-archives.apache.org/mod_mbox/ctakes-commits/201209.mbox/<20120924220606.DAC1C2388ADA@eris.apache.org>,chenpei
Mon Sep 24 22:07:16 2012,http://mail-archives.apache.org/mod_mbox/ctakes-commits/201209.mbox/<20120924220606.DAC1C2388ADA@eris.apache.org>,chenpei
Mon Sep 24 22:07:16 2012,http://mail-archives.apache.org/mod_mbox/ctakes-commits/201209.mbox/<20120924220606.DAC1C2388ADA@eris.apache.org>,chenpei
Mon Sep 24 22:07:16 2012,http://mail-archives.apache.org/mod_mbox/ctakes-commits/201209.mbox/<20120924220606.DAC1C2388ADA@eris.apache.org>,chenpei
Mon Sep 24 22:07:16 2012,http://mail-archives.apache.org/mod_mbox/ctakes-commits/201209.mbox/<20120924220606.DAC1C2388ADA@eris.apache.org>,chenpei
Mon Sep 24 22:07:16 2012,http://mail-archives.apache.org/mod_mbox/ctakes-commits/201209.mbox/<20120924220606.DAC1C2388ADA@eris.apache.org>,chenpei
Mon Sep 24 22:07:16 2012,http://mail-archives.apache.org/mod_mbox/ctakes-commits/201209.mbox/<20120924220606.DAC1C2388ADA@eris.apache.org>,chenpei
Mon Sep 24 22:07:16 2012,http://mail-archives.apache.org/mod_mbox/ctakes-commits/201209.mbox/<20120924220606.DAC1C2388ADA@eris.apache.org>,chenpei
Mon Sep 24 22:07:16 2012,http://mail-archives.apache.org/mod_mbox/ctakes-commits/201209.mbox/<20120924220606.DAC1C2388ADA@eris.apache.org>,chenpei
Mon Sep 24 22:07:16 2012,http://mail-archives.apache.org/mod_mbox/ctakes-commits/201209.mbox/<20120924220606.DAC1C2388ADA@eris.apache.org>,chenpei
Mon Sep 24 22:07:16 2012,http://mail-archives.apache.org/mod_mbox/ctakes-commits/201209.mbox/<20120924220606.DAC1C2388ADA@eris.apache.org>,chenpei
Mon Sep 24 22:07:16 2012,http://mail-archives.apache.org/mod_mbox/ctakes-commits/201209.mbox/<20120924220606.DAC1C2388ADA@eris.apache.org>,chenpei
Mon Sep 24 22:07:16 2012,http://mail-archives.apache.org/mod_mbox/ctakes-commits/201209.mbox/<20120924220606.DAC1C2388ADA@eris.apache.org>,chenpei
Mon Sep 24 22:07:16 2012,http://mail-archives.apache.org/mod_mbox/ctakes-commits/201209.mbox/<20120924220606.DAC1C2388ADA@eris.apache.org>,chenpei
Mon Sep 24 22:07:16 2012,http://mail-archives.apache.org/mod_mbox/ctakes-commits/201209.mbox/<20120924220606.DAC1C2388ADA@eris.apache.org>,chenpei
Mon Sep 24 22:07:16 2012,http://mail-archives.apache.org/mod_mbox/ctakes-commits/201209.mbox/<20120924220606.DAC1C2388ADA@eris.apache.org>,chenpei
Mon Sep 24 22:07:16 2012,http://mail-archives.apache.org/mod_mbox/ctakes-commits/201209.mbox/<20120924220606.DAC1C2388ADA@eris.apache.org>,chenpei
Mon Sep 24 22:07:16 2012,http://mail-archives.apache.org/mod_mbox/ctakes-commits/201209.mbox/<20120924220606.DAC1C2388ADA@eris.apache.org>,chenpei
Mon Sep 24 22:07:16 2012,http://mail-archives.apache.org/mod_mbox/ctakes-commits/201209.mbox/<20120924220606.DAC1C2388ADA@eris.apache.org>,chenpei
Mon Sep 24 22:07:16 2012,http://mail-archives.apache.org/mod_mbox/ctakes-commits/201209.mbox/<20120924220606.DAC1C2388ADA@eris.apache.org>,chenpei
Mon Sep 24 22:07:16 2012,http://mail-archives.apache.org/mod_mbox/ctakes-commits/201209.mbox/<20120924220606.DAC1C2388ADA@eris.apache.org>,chenpei
Mon Sep 24 22:07:16 2012,http://mail-archives.apache.org/mod_mbox/ctakes-commits/201209.mbox/<20120924220606.DAC1C2388ADA@eris.apache.org>,chenpei
Mon Sep 24 22:07:16 2012,http://mail-archives.apache.org/mod_mbox/ctakes-commits/201209.mbox/<20120924220606.DAC1C2388ADA@eris.apache.org>,chenpei
Mon Sep 24 22:07:16 2012,http://mail-archives.apache.org/mod_mbox/ctakes-commits/201209.mbox/<20120924220606.DAC1C2388ADA@eris.apache.org>,chenpei
Mon Sep 24 22:07:16 2012,http://mail-archives.apache.org/mod_mbox/ctakes-commits/201209.mbox/<20120924220606.DAC1C2388ADA@eris.apache.org>,chenpei
Mon Sep 24 22:07:16 2012,http://mail-archives.apache.org/mod_mbox/ctakes-commits/201209.mbox/<20120924220606.DAC1C2388ADA@eris.apache.org>,chenpei
Mon Sep 24 22:07:16 2012,http://mail-archives.apache.org/mod_mbox/ctakes-commits/201209.mbox/<20120924220606.DAC1C2388ADA@eris.apache.org>,chenpei
Mon Sep 24 22:07:16 2012,http://mail-archives.apache.org/mod_mbox/ctakes-commits/201209.mbox/<20120924220606.DAC1C2388ADA@eris.apache.org>,chenpei
Mon Sep 24 22:07:16 2012,http://mail-archives.apache.org/mod_mbox/ctakes-commits/201209.mbox/<20120924220606.DAC1C2388ADA@eris.apache.org>,chenpei
Mon Sep 24 22:07:16 2012,http://mail-archives.apache.org/mod_mbox/ctakes-commits/201209.mbox/<20120924220606.DAC1C2388ADA@eris.apache.org>,chenpei
Mon Sep 24 22:07:16 2012,http://mail-archives.apache.org/mod_mbox/ctakes-commits/201209.mbox/<20120924220606.DAC1C2388ADA@eris.apache.org>,chenpei
Mon Sep 24 22:07:16 2012,http://mail-archives.apache.org/mod_mbox/ctakes-commits/201209.mbox/<20120924220606.DAC1C2388ADA@eris.apache.org>,chenpei
Mon Sep 24 22:07:16 2012,http://mail-archives.apache.org/mod_mbox/ctakes-commits/201209.mbox/<20120924220606.DAC1C2388ADA@eris.apache.org>,chenpei
Mon Sep 24 22:07:16 2012,http://mail-archives.apache.org/mod_mbox/ctakes-commits/201209.mbox/<20120924220606.DAC1C2388ADA@eris.apache.org>,chenpei
Mon Sep 24 22:07:16 2012,http://mail-archives.apache.org/mod_mbox/ctakes-commits/201209.mbox/<20120924220606.DAC1C2388ADA@eris.apache.org>,chenpei
Mon Sep 24 22:07:16 2012,http://mail-archives.apache.org/mod_mbox/ctakes-commits/201209.mbox/<20120924220606.DAC1C2388ADA@eris.apache.org>,chenpei
Mon Sep 24 22:07:16 2012,http://mail-archives.apache.org/mod_mbox/ctakes-commits/201209.mbox/<20120924220606.DAC1C2388ADA@eris.apache.org>,chenpei
Mon Sep 24 22:07:16 2012,http://mail-archives.apache.org/mod_mbox/ctakes-commits/201209.mbox/<20120924220606.DAC1C2388ADA@eris.apache.org>,chenpei
Mon Sep 24 22:07:16 2012,http://mail-archives.apache.org/mod_mbox/ctakes-commits/201209.mbox/<20120924220606.DAC1C2388ADA@eris.apache.org>,chenpei
Mon Sep 24 22:07:16 2012,http://mail-archives.apache.org/mod_mbox/ctakes-commits/201209.mbox/<20120924220606.DAC1C2388ADA@eris.apache.org>,chenpei
Mon Sep 24 22:07:16 2012,http://mail-archives.apache.org/mod_mbox/ctakes-commits/201209.mbox/<20120924220606.DAC1C2388ADA@eris.apache.org>,chenpei
Mon Sep 24 22:07:16 2012,http://mail-archives.apache.org/mod_mbox/ctakes-commits/201209.mbox/<20120924220606.DAC1C2388ADA@eris.apache.org>,chenpei
Mon Sep 24 22:07:16 2012,http://mail-archives.apache.org/mod_mbox/ctakes-commits/201209.mbox/<20120924220606.DAC1C2388ADA@eris.apache.org>,chenpei
Mon Sep 24 22:07:16 2012,http://mail-archives.apache.org/mod_mbox/ctakes-commits/201209.mbox/<20120924220606.DAC1C2388ADA@eris.apache.org>,chenpei
Mon Sep 24 22:07:16 2012,http://mail-archives.apache.org/mod_mbox/ctakes-commits/201209.mbox/<20120924220606.DAC1C2388ADA@eris.apache.org>,chenpei
Mon Sep 24 22:07:16 2012,http://mail-archives.apache.org/mod_mbox/ctakes-commits/201209.mbox/<20120924220606.DAC1C2388ADA@eris.apache.org>,chenpei
Mon Sep 24 22:07:16 2012,http://mail-archives.apache.org/mod_mbox/ctakes-commits/201209.mbox/<20120924220606.DAC1C2388ADA@eris.apache.org>,chenpei
Mon Sep 24 22:07:16 2012,http://mail-archives.apache.org/mod_mbox/ctakes-commits/201209.mbox/<20120924220606.DAC1C2388ADA@eris.apache.org>,chenpei
Mon Sep 24 22:07:16 2012,http://mail-archives.apache.org/mod_mbox/ctakes-commits/201209.mbox/<20120924220606.DAC1C2388ADA@eris.apache.org>,chenpei
Mon Sep 24 22:07:16 2012,http://mail-archives.apache.org/mod_mbox/ctakes-commits/201209.mbox/<20120924220606.DAC1C2388ADA@eris.apache.org>,chenpei
Mon Sep 24 22:07:16 2012,http://mail-archives.apache.org/mod_mbox/ctakes-commits/201209.mbox/<20120924220606.DAC1C2388ADA@eris.apache.org>,chenpei
Mon Sep 24 22:07:16 2012,http://mail-archives.apache.org/mod_mbox/ctakes-commits/201209.mbox/<20120924220606.DAC1C2388ADA@eris.apache.org>,chenpei
Mon Sep 24 22:07:16 2012,http://mail-archives.apache.org/mod_mbox/ctakes-commits/201209.mbox/<20120924220606.DAC1C2388ADA@eris.apache.org>,chenpei
Mon Sep 24 22:07:16 2012,http://mail-archives.apache.org/mod_mbox/ctakes-commits/201209.mbox/<20120924220606.DAC1C2388ADA@eris.apache.org>,chenpei
Mon Sep 24 22:07:16 2012,http://mail-archives.apache.org/mod_mbox/ctakes-commits/201209.mbox/<20120924220606.DAC1C2388ADA@eris.apache.org>,chenpei
Mon Sep 24 22:07:16 2012,http://mail-archives.apache.org/mod_mbox/ctakes-commits/201209.mbox/<20120924220606.DAC1C2388ADA@eris.apache.org>,chenpei
Mon Sep 24 22:07:16 2012,http://mail-archives.apache.org/mod_mbox/ctakes-commits/201209.mbox/<20120924220606.DAC1C2388ADA@eris.apache.org>,chenpei
Mon Sep 24 22:07:16 2012,http://mail-archives.apache.org/mod_mbox/ctakes-commits/201209.mbox/<20120924220606.DAC1C2388ADA@eris.apache.org>,chenpei
Mon Sep 24 22:07:16 2012,http://mail-archives.apache.org/mod_mbox/ctakes-commits/201209.mbox/<20120924220606.DAC1C2388ADA@eris.apache.org>,chenpei
Mon Sep 24 22:07:16 2012,http://mail-archives.apache.org/mod_mbox/ctakes-commits/201209.mbox/<20120924220606.DAC1C2388ADA@eris.apache.org>,chenpei
Mon Sep 24 22:07:16 2012,http://mail-archives.apache.org/mod_mbox/ctakes-commits/201209.mbox/<20120924220606.DAC1C2388ADA@eris.apache.org>,chenpei
Mon Sep 24 22:07:16 2012,http://mail-archives.apache.org/mod_mbox/ctakes-commits/201209.mbox/<20120924220606.DAC1C2388ADA@eris.apache.org>,chenpei
Mon Sep 24 22:07:16 2012,http://mail-archives.apache.org/mod_mbox/ctakes-commits/201209.mbox/<20120924220606.DAC1C2388ADA@eris.apache.org>,chenpei
Mon Sep 24 22:07:16 2012,http://mail-archives.apache.org/mod_mbox/ctakes-commits/201209.mbox/<20120924220606.DAC1C2388ADA@eris.apache.org>,chenpei
Mon Sep 24 22:07:16 2012,http://mail-archives.apache.org/mod_mbox/ctakes-commits/201209.mbox/<20120924220606.DAC1C2388ADA@eris.apache.org>,chenpei
Mon Sep 24 22:07:16 2012,http://mail-archives.apache.org/mod_mbox/ctakes-commits/201209.mbox/<20120924220606.DAC1C2388ADA@eris.apache.org>,chenpei
Mon Sep 24 22:07:16 2012,http://mail-archives.apache.org/mod_mbox/ctakes-commits/201209.mbox/<20120924220606.DAC1C2388ADA@eris.apache.org>,chenpei
Mon Sep 24 22:07:16 2012,http://mail-archives.apache.org/mod_mbox/ctakes-commits/201209.mbox/<20120924220606.DAC1C2388ADA@eris.apache.org>,chenpei
Mon Sep 24 22:07:16 2012,http://mail-archives.apache.org/mod_mbox/ctakes-commits/201209.mbox/<20120924220606.DAC1C2388ADA@eris.apache.org>,chenpei
Mon Sep 24 22:07:16 2012,http://mail-archives.apache.org/mod_mbox/ctakes-commits/201209.mbox/<20120924220606.DAC1C2388ADA@eris.apache.org>,chenpei
Mon Sep 24 22:07:16 2012,http://mail-archives.apache.org/mod_mbox/ctakes-commits/201209.mbox/<20120924220606.DAC1C2388ADA@eris.apache.org>,chenpei
Mon Sep 24 22:07:16 2012,http://mail-archives.apache.org/mod_mbox/ctakes-commits/201209.mbox/<20120924220606.DAC1C2388ADA@eris.apache.org>,chenpei
Mon Sep 24 22:07:17 2012,http://mail-archives.apache.org/mod_mbox/ctakes-commits/201209.mbox/<20120924220606.EC06D2388BA4@eris.apache.org>,chenpei
Mon Sep 24 22:07:28 2012,http://mail-archives.apache.org/mod_mbox/ctakes-commits/201209.mbox/<20120924220607.11B4A2388C63@eris.apache.org>,chenpei
Mon Sep 24 22:07:28 2012,http://mail-archives.apache.org/mod_mbox/ctakes-commits/201209.mbox/<20120924220607.11B4A2388C63@eris.apache.org>,chenpei
Mon Sep 24 22:07:28 2012,http://mail-archives.apache.org/mod_mbox/ctakes-commits/201209.mbox/<20120924220607.11B4A2388C63@eris.apache.org>,chenpei
Mon Sep 24 22:07:28 2012,http://mail-archives.apache.org/mod_mbox/ctakes-commits/201209.mbox/<20120924220607.11B4A2388C63@eris.apache.org>,chenpei
Mon Sep 24 22:07:28 2012,http://mail-archives.apache.org/mod_mbox/ctakes-commits/201209.mbox/<20120924220607.11B4A2388C63@eris.apache.org>,chenpei
Mon Sep 24 22:07:28 2012,http://mail-archives.apache.org/mod_mbox/ctakes-commits/201209.mbox/<20120924220607.11B4A2388C63@eris.apache.org>,chenpei
Mon Sep 24 22:07:28 2012,http://mail-archives.apache.org/mod_mbox/ctakes-commits/201209.mbox/<20120924220607.11B4A2388C63@eris.apache.org>,chenpei
Mon Sep 24 22:07:28 2012,http://mail-archives.apache.org/mod_mbox/ctakes-commits/201209.mbox/<20120924220607.11B4A2388C63@eris.apache.org>,chenpei
Mon Sep 24 22:07:28 2012,http://mail-archives.apache.org/mod_mbox/ctakes-commits/201209.mbox/<20120924220607.11B4A2388C63@eris.apache.org>,chenpei
Mon Sep 24 22:07:28 2012,http://mail-archives.apache.org/mod_mbox/ctakes-commits/201209.mbox/<20120924220607.11B4A2388C63@eris.apache.org>,chenpei
Mon Sep 24 22:07:28 2012,http://mail-archives.apache.org/mod_mbox/ctakes-commits/201209.mbox/<20120924220607.11B4A2388C63@eris.apache.org>,chenpei
Mon Sep 24 22:07:28 2012,http://mail-archives.apache.org/mod_mbox/ctakes-commits/201209.mbox/<20120924220607.11B4A2388C63@eris.apache.org>,chenpei
Mon Sep 24 22:07:28 2012,http://mail-archives.apache.org/mod_mbox/ctakes-commits/201209.mbox/<20120924220607.11B4A2388C63@eris.apache.org>,chenpei
Mon Sep 24 22:07:28 2012,http://mail-archives.apache.org/mod_mbox/ctakes-commits/201209.mbox/<20120924220607.11B4A2388C63@eris.apache.org>,chenpei
Mon Sep 24 22:07:28 2012,http://mail-archives.apache.org/mod_mbox/ctakes-commits/201209.mbox/<20120924220607.11B4A2388C63@eris.apache.org>,chenpei
Mon Sep 24 22:07:28 2012,http://mail-archives.apache.org/mod_mbox/ctakes-commits/201209.mbox/<20120924220607.11B4A2388C63@eris.apache.org>,chenpei
Mon Sep 24 22:07:28 2012,http://mail-archives.apache.org/mod_mbox/ctakes-commits/201209.mbox/<20120924220607.11B4A2388C63@eris.apache.org>,chenpei
Mon Sep 24 22:07:28 2012,http://mail-archives.apache.org/mod_mbox/ctakes-commits/201209.mbox/<20120924220607.11B4A2388C63@eris.apache.org>,chenpei
Mon Sep 24 22:07:28 2012,http://mail-archives.apache.org/mod_mbox/ctakes-commits/201209.mbox/<20120924220607.11B4A2388C63@eris.apache.org>,chenpei
Mon Sep 24 22:07:28 2012,http://mail-archives.apache.org/mod_mbox/ctakes-commits/201209.mbox/<20120924220607.11B4A2388C63@eris.apache.org>,chenpei
Mon Sep 24 22:07:28 2012,http://mail-archives.apache.org/mod_mbox/ctakes-commits/201209.mbox/<20120924220607.11B4A2388C63@eris.apache.org>,chenpei
Mon Sep 24 22:07:28 2012,http://mail-archives.apache.org/mod_mbox/ctakes-commits/201209.mbox/<20120924220607.11B4A2388C63@eris.apache.org>,chenpei
Mon Sep 24 22:07:28 2012,http://mail-archives.apache.org/mod_mbox/ctakes-commits/201209.mbox/<20120924220607.11B4A2388C63@eris.apache.org>,chenpei
Mon Sep 24 22:07:28 2012,http://mail-archives.apache.org/mod_mbox/ctakes-commits/201209.mbox/<20120924220607.11B4A2388C63@eris.apache.org>,chenpei
Mon Sep 24 22:07:28 2012,http://mail-archives.apache.org/mod_mbox/ctakes-commits/201209.mbox/<20120924220607.11B4A2388C63@eris.apache.org>,chenpei
Mon Sep 24 22:07:28 2012,http://mail-archives.apache.org/mod_mbox/ctakes-commits/201209.mbox/<20120924220607.11B4A2388C63@eris.apache.org>,chenpei
Mon Sep 24 22:07:28 2012,http://mail-archives.apache.org/mod_mbox/ctakes-commits/201209.mbox/<20120924220607.11B4A2388C63@eris.apache.org>,chenpei
Mon Sep 24 22:07:28 2012,http://mail-archives.apache.org/mod_mbox/ctakes-commits/201209.mbox/<20120924220607.11B4A2388C63@eris.apache.org>,chenpei
Mon Sep 24 22:07:28 2012,http://mail-archives.apache.org/mod_mbox/ctakes-commits/201209.mbox/<20120924220607.11B4A2388C63@eris.apache.org>,chenpei
Mon Sep 24 22:07:28 2012,http://mail-archives.apache.org/mod_mbox/ctakes-commits/201209.mbox/<20120924220607.11B4A2388C63@eris.apache.org>,chenpei
Mon Sep 24 22:07:28 2012,http://mail-archives.apache.org/mod_mbox/ctakes-commits/201209.mbox/<20120924220607.11B4A2388C63@eris.apache.org>,chenpei
Mon Sep 24 22:07:28 2012,http://mail-archives.apache.org/mod_mbox/ctakes-commits/201209.mbox/<20120924220607.11B4A2388C63@eris.apache.org>,chenpei
Mon Sep 24 22:07:28 2012,http://mail-archives.apache.org/mod_mbox/ctakes-commits/201209.mbox/<20120924220607.11B4A2388C63@eris.apache.org>,chenpei
Mon Sep 24 22:07:28 2012,http://mail-archives.apache.org/mod_mbox/ctakes-commits/201209.mbox/<20120924220607.11B4A2388C63@eris.apache.org>,chenpei
Mon Sep 24 22:07:28 2012,http://mail-archives.apache.org/mod_mbox/ctakes-commits/201209.mbox/<20120924220607.11B4A2388C63@eris.apache.org>,chenpei
Mon Sep 24 22:07:28 2012,http://mail-archives.apache.org/mod_mbox/ctakes-commits/201209.mbox/<20120924220607.11B4A2388C63@eris.apache.org>,chenpei
Mon Sep 24 22:07:28 2012,http://mail-archives.apache.org/mod_mbox/ctakes-commits/201209.mbox/<20120924220607.11B4A2388C63@eris.apache.org>,chenpei
Mon Sep 24 22:07:28 2012,http://mail-archives.apache.org/mod_mbox/ctakes-commits/201209.mbox/<20120924220607.11B4A2388C63@eris.apache.org>,chenpei
Mon Sep 24 22:07:28 2012,http://mail-archives.apache.org/mod_mbox/ctakes-commits/201209.mbox/<20120924220607.11B4A2388C63@eris.apache.org>,chenpei
Mon Sep 24 22:07:28 2012,http://mail-archives.apache.org/mod_mbox/ctakes-commits/201209.mbox/<20120924220607.11B4A2388C63@eris.apache.org>,chenpei
Mon Sep 24 22:07:28 2012,http://mail-archives.apache.org/mod_mbox/ctakes-commits/201209.mbox/<20120924220607.11B4A2388C63@eris.apache.org>,chenpei
Mon Sep 24 22:07:28 2012,http://mail-archives.apache.org/mod_mbox/ctakes-commits/201209.mbox/<20120924220607.11B4A2388C63@eris.apache.org>,chenpei
Mon Sep 24 22:07:28 2012,http://mail-archives.apache.org/mod_mbox/ctakes-commits/201209.mbox/<20120924220607.11B4A2388C63@eris.apache.org>,chenpei
Mon Sep 24 22:07:28 2012,http://mail-archives.apache.org/mod_mbox/ctakes-commits/201209.mbox/<20120924220607.11B4A2388C63@eris.apache.org>,chenpei
Mon Sep 24 22:07:28 2012,http://mail-archives.apache.org/mod_mbox/ctakes-commits/201209.mbox/<20120924220607.11B4A2388C63@eris.apache.org>,chenpei
Mon Sep 24 22:07:28 2012,http://mail-archives.apache.org/mod_mbox/ctakes-commits/201209.mbox/<20120924220607.11B4A2388C63@eris.apache.org>,chenpei
Mon Sep 24 22:07:28 2012,http://mail-archives.apache.org/mod_mbox/ctakes-commits/201209.mbox/<20120924220607.11B4A2388C63@eris.apache.org>,chenpei
Mon Sep 24 22:07:28 2012,http://mail-archives.apache.org/mod_mbox/ctakes-commits/201209.mbox/<20120924220607.11B4A2388C63@eris.apache.org>,chenpei
Mon Sep 24 22:07:28 2012,http://mail-archives.apache.org/mod_mbox/ctakes-commits/201209.mbox/<20120924220607.11B4A2388C63@eris.apache.org>,chenpei
Mon Sep 24 22:07:28 2012,http://mail-archives.apache.org/mod_mbox/ctakes-commits/201209.mbox/<20120924220607.11B4A2388C63@eris.apache.org>,chenpei
Mon Sep 24 22:07:28 2012,http://mail-archives.apache.org/mod_mbox/ctakes-commits/201209.mbox/<20120924220607.11B4A2388C63@eris.apache.org>,chenpei
Mon Sep 24 22:07:28 2012,http://mail-archives.apache.org/mod_mbox/ctakes-commits/201209.mbox/<20120924220607.11B4A2388C63@eris.apache.org>,chenpei
Mon Sep 24 22:07:28 2012,http://mail-archives.apache.org/mod_mbox/ctakes-commits/201209.mbox/<20120924220607.11B4A2388C63@eris.apache.org>,chenpei
Mon Sep 24 22:07:28 2012,http://mail-archives.apache.org/mod_mbox/ctakes-commits/201209.mbox/<20120924220607.11B4A2388C63@eris.apache.org>,chenpei
Mon Sep 24 22:07:28 2012,http://mail-archives.apache.org/mod_mbox/ctakes-commits/201209.mbox/<20120924220607.11B4A2388C63@eris.apache.org>,chenpei
Mon Sep 24 22:07:28 2012,http://mail-archives.apache.org/mod_mbox/ctakes-commits/201209.mbox/<20120924220607.11B4A2388C63@eris.apache.org>,chenpei
Mon Sep 24 22:07:28 2012,http://mail-archives.apache.org/mod_mbox/ctakes-commits/201209.mbox/<20120924220607.11B4A2388C63@eris.apache.org>,chenpei
Mon Sep 24 22:07:28 2012,http://mail-archives.apache.org/mod_mbox/ctakes-commits/201209.mbox/<20120924220607.11B4A2388C63@eris.apache.org>,chenpei
Mon Sep 24 22:07:28 2012,http://mail-archives.apache.org/mod_mbox/ctakes-commits/201209.mbox/<20120924220607.11B4A2388C63@eris.apache.org>,chenpei
Mon Sep 24 22:07:28 2012,http://mail-archives.apache.org/mod_mbox/ctakes-commits/201209.mbox/<20120924220607.11B4A2388C63@eris.apache.org>,chenpei
Mon Sep 24 22:07:28 2012,http://mail-archives.apache.org/mod_mbox/ctakes-commits/201209.mbox/<20120924220607.11B4A2388C63@eris.apache.org>,chenpei
Mon Sep 24 22:07:28 2012,http://mail-archives.apache.org/mod_mbox/ctakes-commits/201209.mbox/<20120924220607.11B4A2388C63@eris.apache.org>,chenpei
Mon Sep 24 22:07:28 2012,http://mail-archives.apache.org/mod_mbox/ctakes-commits/201209.mbox/<20120924220607.11B4A2388C63@eris.apache.org>,chenpei
Mon Sep 24 22:07:28 2012,http://mail-archives.apache.org/mod_mbox/ctakes-commits/201209.mbox/<20120924220607.11B4A2388C63@eris.apache.org>,chenpei
Mon Sep 24 22:07:28 2012,http://mail-archives.apache.org/mod_mbox/ctakes-commits/201209.mbox/<20120924220607.11B4A2388C63@eris.apache.org>,chenpei
Mon Sep 24 22:07:28 2012,http://mail-archives.apache.org/mod_mbox/ctakes-commits/201209.mbox/<20120924220607.11B4A2388C63@eris.apache.org>,chenpei
Mon Sep 24 22:07:28 2012,http://mail-archives.apache.org/mod_mbox/ctakes-commits/201209.mbox/<20120924220607.11B4A2388C63@eris.apache.org>,chenpei
Mon Sep 24 22:07:28 2012,http://mail-archives.apache.org/mod_mbox/ctakes-commits/201209.mbox/<20120924220607.11B4A2388C63@eris.apache.org>,chenpei
Mon Sep 24 22:07:28 2012,http://mail-archives.apache.org/mod_mbox/ctakes-commits/201209.mbox/<20120924220607.11B4A2388C63@eris.apache.org>,chenpei
Mon Sep 24 22:07:28 2012,http://mail-archives.apache.org/mod_mbox/ctakes-commits/201209.mbox/<20120924220607.11B4A2388C63@eris.apache.org>,chenpei
Mon Sep 24 22:07:28 2012,http://mail-archives.apache.org/mod_mbox/ctakes-commits/201209.mbox/<20120924220607.16DEB2388C65@eris.apache.org>,chenpei
Mon Sep 24 22:07:28 2012,http://mail-archives.apache.org/mod_mbox/ctakes-commits/201209.mbox/<20120924220607.16DEB2388C65@eris.apache.org>,chenpei
Mon Sep 24 22:07:28 2012,http://mail-archives.apache.org/mod_mbox/ctakes-commits/201209.mbox/<20120924220607.11B4A2388C63@eris.apache.org>,chenpei
Mon Sep 24 22:07:28 2012,http://mail-archives.apache.org/mod_mbox/ctakes-commits/201209.mbox/<20120924220607.16DEB2388C65@eris.apache.org>,chenpei
Mon Sep 24 22:07:28 2012,http://mail-archives.apache.org/mod_mbox/ctakes-commits/201209.mbox/<20120924220607.16DEB2388C65@eris.apache.org>,chenpei
Mon Sep 24 22:07:28 2012,http://mail-archives.apache.org/mod_mbox/ctakes-commits/201209.mbox/<20120924220607.16DEB2388C65@eris.apache.org>,chenpei
Mon Sep 24 22:07:28 2012,http://mail-archives.apache.org/mod_mbox/ctakes-commits/201209.mbox/<20120924220607.16DEB2388C65@eris.apache.org>,chenpei
Mon Sep 24 22:07:28 2012,http://mail-archives.apache.org/mod_mbox/ctakes-commits/201209.mbox/<20120924220607.16DEB2388C65@eris.apache.org>,chenpei
Mon Sep 24 22:07:28 2012,http://mail-archives.apache.org/mod_mbox/ctakes-commits/201209.mbox/<20120924220607.16DEB2388C65@eris.apache.org>,chenpei
Mon Sep 24 22:07:28 2012,http://mail-archives.apache.org/mod_mbox/ctakes-commits/201209.mbox/<20120924220607.16DEB2388C65@eris.apache.org>,chenpei
Mon Sep 24 22:07:28 2012,http://mail-archives.apache.org/mod_mbox/ctakes-commits/201209.mbox/<20120924220607.16DEB2388C65@eris.apache.org>,chenpei
Mon Sep 24 22:07:28 2012,http://mail-archives.apache.org/mod_mbox/ctakes-commits/201209.mbox/<20120924220607.16DEB2388C65@eris.apache.org>,chenpei
Mon Sep 24 22:07:28 2012,http://mail-archives.apache.org/mod_mbox/ctakes-commits/201209.mbox/<20120924220607.16DEB2388C65@eris.apache.org>,chenpei
Mon Sep 24 22:07:28 2012,http://mail-archives.apache.org/mod_mbox/ctakes-commits/201209.mbox/<20120924220607.16DEB2388C65@eris.apache.org>,chenpei
Mon Sep 24 22:07:28 2012,http://mail-archives.apache.org/mod_mbox/ctakes-commits/201209.mbox/<20120924220607.16DEB2388C65@eris.apache.org>,chenpei
Mon Sep 24 22:07:28 2012,http://mail-archives.apache.org/mod_mbox/ctakes-commits/201209.mbox/<20120924220607.16DEB2388C65@eris.apache.org>,chenpei
Mon Sep 24 22:07:28 2012,http://mail-archives.apache.org/mod_mbox/ctakes-commits/201209.mbox/<20120924220607.16DEB2388C65@eris.apache.org>,chenpei
Mon Sep 24 22:07:28 2012,http://mail-archives.apache.org/mod_mbox/ctakes-commits/201209.mbox/<20120924220607.11B4A2388C63@eris.apache.org>,chenpei
Mon Sep 24 22:07:28 2012,http://mail-archives.apache.org/mod_mbox/ctakes-commits/201209.mbox/<20120924220607.11B4A2388C63@eris.apache.org>,chenpei
Mon Sep 24 22:07:28 2012,http://mail-archives.apache.org/mod_mbox/ctakes-commits/201209.mbox/<20120924220607.11B4A2388C63@eris.apache.org>,chenpei
Mon Sep 24 22:07:28 2012,http://mail-archives.apache.org/mod_mbox/ctakes-commits/201209.mbox/<20120924220607.11B4A2388C63@eris.apache.org>,chenpei
Mon Sep 24 22:07:28 2012,http://mail-archives.apache.org/mod_mbox/ctakes-commits/201209.mbox/<20120924220607.11B4A2388C63@eris.apache.org>,chenpei
Mon Sep 24 22:07:28 2012,http://mail-archives.apache.org/mod_mbox/ctakes-commits/201209.mbox/<20120924220607.11B4A2388C63@eris.apache.org>,chenpei
Mon Sep 24 22:07:28 2012,http://mail-archives.apache.org/mod_mbox/ctakes-commits/201209.mbox/<20120924220607.11B4A2388C63@eris.apache.org>,chenpei
Mon Sep 24 22:07:28 2012,http://mail-archives.apache.org/mod_mbox/ctakes-commits/201209.mbox/<20120924220607.11B4A2388C63@eris.apache.org>,chenpei
Mon Sep 24 22:07:28 2012,http://mail-archives.apache.org/mod_mbox/ctakes-commits/201209.mbox/<20120924220607.11B4A2388C63@eris.apache.org>,chenpei
Mon Sep 24 22:07:28 2012,http://mail-archives.apache.org/mod_mbox/ctakes-commits/201209.mbox/<20120924220607.11B4A2388C63@eris.apache.org>,chenpei
Mon Sep 24 22:07:28 2012,http://mail-archives.apache.org/mod_mbox/ctakes-commits/201209.mbox/<20120924220607.11B4A2388C63@eris.apache.org>,chenpei
Mon Sep 24 22:07:28 2012,http://mail-archives.apache.org/mod_mbox/ctakes-commits/201209.mbox/<20120924220607.11B4A2388C63@eris.apache.org>,chenpei
Mon Sep 24 22:07:28 2012,http://mail-archives.apache.org/mod_mbox/ctakes-commits/201209.mbox/<20120924220607.11B4A2388C63@eris.apache.org>,chenpei
Mon Sep 24 22:07:28 2012,http://mail-archives.apache.org/mod_mbox/ctakes-commits/201209.mbox/<20120924220607.11B4A2388C63@eris.apache.org>,chenpei
Mon Sep 24 22:07:28 2012,http://mail-archives.apache.org/mod_mbox/ctakes-commits/201209.mbox/<20120924220607.11B4A2388C63@eris.apache.org>,chenpei
Mon Sep 24 22:07:28 2012,http://mail-archives.apache.org/mod_mbox/ctakes-commits/201209.mbox/<20120924220607.11B4A2388C63@eris.apache.org>,chenpei
Mon Sep 24 22:07:28 2012,http://mail-archives.apache.org/mod_mbox/ctakes-commits/201209.mbox/<20120924220607.11B4A2388C63@eris.apache.org>,chenpei
Mon Sep 24 22:07:28 2012,http://mail-archives.apache.org/mod_mbox/ctakes-commits/201209.mbox/<20120924220607.11B4A2388C63@eris.apache.org>,chenpei
Mon Sep 24 22:07:28 2012,http://mail-archives.apache.org/mod_mbox/ctakes-commits/201209.mbox/<20120924220607.11B4A2388C63@eris.apache.org>,chenpei
Mon Sep 24 22:07:28 2012,http://mail-archives.apache.org/mod_mbox/ctakes-commits/201209.mbox/<20120924220607.11B4A2388C63@eris.apache.org>,chenpei
Mon Sep 24 22:07:28 2012,http://mail-archives.apache.org/mod_mbox/ctakes-commits/201209.mbox/<20120924220607.11B4A2388C63@eris.apache.org>,chenpei
Mon Sep 24 22:07:28 2012,http://mail-archives.apache.org/mod_mbox/ctakes-commits/201209.mbox/<20120924220607.11B4A2388C63@eris.apache.org>,chenpei
Mon Sep 24 22:07:28 2012,http://mail-archives.apache.org/mod_mbox/ctakes-commits/201209.mbox/<20120924220607.11B4A2388C63@eris.apache.org>,chenpei
Mon Sep 24 22:07:28 2012,http://mail-archives.apache.org/mod_mbox/ctakes-commits/201209.mbox/<20120924220607.11B4A2388C63@eris.apache.org>,chenpei
Mon Sep 24 22:07:28 2012,http://mail-archives.apache.org/mod_mbox/ctakes-commits/201209.mbox/<20120924220607.11B4A2388C63@eris.apache.org>,chenpei
Mon Sep 24 22:07:28 2012,http://mail-archives.apache.org/mod_mbox/ctakes-commits/201209.mbox/<20120924220607.11B4A2388C63@eris.apache.org>,chenpei
Mon Sep 24 22:07:28 2012,http://mail-archives.apache.org/mod_mbox/ctakes-commits/201209.mbox/<20120924220607.11B4A2388C63@eris.apache.org>,chenpei
Mon Sep 24 22:07:28 2012,http://mail-archives.apache.org/mod_mbox/ctakes-commits/201209.mbox/<20120924220607.11B4A2388C63@eris.apache.org>,chenpei
Mon Sep 24 22:07:28 2012,http://mail-archives.apache.org/mod_mbox/ctakes-commits/201209.mbox/<20120924220607.11B4A2388C63@eris.apache.org>,chenpei
Mon Sep 24 22:07:28 2012,http://mail-archives.apache.org/mod_mbox/ctakes-commits/201209.mbox/<20120924220607.11B4A2388C63@eris.apache.org>,chenpei
Mon Sep 24 22:07:28 2012,http://mail-archives.apache.org/mod_mbox/ctakes-commits/201209.mbox/<20120924220607.11B4A2388C63@eris.apache.org>,chenpei
Mon Sep 24 22:07:28 2012,http://mail-archives.apache.org/mod_mbox/ctakes-commits/201209.mbox/<20120924220607.11B4A2388C63@eris.apache.org>,chenpei
Mon Sep 24 22:07:28 2012,http://mail-archives.apache.org/mod_mbox/ctakes-commits/201209.mbox/<20120924220607.11B4A2388C63@eris.apache.org>,chenpei
Mon Sep 24 22:07:28 2012,http://mail-archives.apache.org/mod_mbox/ctakes-commits/201209.mbox/<20120924220607.11B4A2388C63@eris.apache.org>,chenpei
Mon Sep 24 22:07:28 2012,http://mail-archives.apache.org/mod_mbox/ctakes-commits/201209.mbox/<20120924220607.11B4A2388C63@eris.apache.org>,chenpei
Mon Sep 24 22:07:28 2012,http://mail-archives.apache.org/mod_mbox/ctakes-commits/201209.mbox/<20120924220607.11B4A2388C63@eris.apache.org>,chenpei
Mon Sep 24 22:07:28 2012,http://mail-archives.apache.org/mod_mbox/ctakes-commits/201209.mbox/<20120924220607.11B4A2388C63@eris.apache.org>,chenpei
Mon Sep 24 22:07:28 2012,http://mail-archives.apache.org/mod_mbox/ctakes-commits/201209.mbox/<20120924220607.11B4A2388C63@eris.apache.org>,chenpei
Mon Sep 24 22:07:28 2012,http://mail-archives.apache.org/mod_mbox/ctakes-commits/201209.mbox/<20120924220607.11B4A2388C63@eris.apache.org>,chenpei
Mon Sep 24 22:07:28 2012,http://mail-archives.apache.org/mod_mbox/ctakes-commits/201209.mbox/<20120924220607.11B4A2388C63@eris.apache.org>,chenpei
Mon Sep 24 22:07:28 2012,http://mail-archives.apache.org/mod_mbox/ctakes-commits/201209.mbox/<20120924220607.11B4A2388C63@eris.apache.org>,chenpei
Mon Sep 24 22:07:28 2012,http://mail-archives.apache.org/mod_mbox/ctakes-commits/201209.mbox/<20120924220607.11B4A2388C63@eris.apache.org>,chenpei
Mon Sep 24 22:07:28 2012,http://mail-archives.apache.org/mod_mbox/ctakes-commits/201209.mbox/<20120924220607.11B4A2388C63@eris.apache.org>,chenpei
Mon Sep 24 22:07:28 2012,http://mail-archives.apache.org/mod_mbox/ctakes-commits/201209.mbox/<20120924220607.11B4A2388C63@eris.apache.org>,chenpei
Mon Sep 24 22:07:28 2012,http://mail-archives.apache.org/mod_mbox/ctakes-commits/201209.mbox/<20120924220607.11B4A2388C63@eris.apache.org>,chenpei
Mon Sep 24 22:07:28 2012,http://mail-archives.apache.org/mod_mbox/ctakes-commits/201209.mbox/<20120924220607.11B4A2388C63@eris.apache.org>,chenpei
Mon Sep 24 22:07:28 2012,http://mail-archives.apache.org/mod_mbox/ctakes-commits/201209.mbox/<20120924220607.11B4A2388C63@eris.apache.org>,chenpei
Mon Sep 24 22:07:28 2012,http://mail-archives.apache.org/mod_mbox/ctakes-commits/201209.mbox/<20120924220607.11B4A2388C63@eris.apache.org>,chenpei
Mon Sep 24 22:07:28 2012,http://mail-archives.apache.org/mod_mbox/ctakes-commits/201209.mbox/<20120924220607.11B4A2388C63@eris.apache.org>,chenpei
Mon Sep 24 22:07:28 2012,http://mail-archives.apache.org/mod_mbox/ctakes-commits/201209.mbox/<20120924220607.11B4A2388C63@eris.apache.org>,chenpei
Mon Sep 24 22:07:28 2012,http://mail-archives.apache.org/mod_mbox/ctakes-commits/201209.mbox/<20120924220607.11B4A2388C63@eris.apache.org>,chenpei
Mon Sep 24 22:07:28 2012,http://mail-archives.apache.org/mod_mbox/ctakes-commits/201209.mbox/<20120924220607.11B4A2388C63@eris.apache.org>,chenpei
Mon Sep 24 22:07:28 2012,http://mail-archives.apache.org/mod_mbox/ctakes-commits/201209.mbox/<20120924220607.11B4A2388C63@eris.apache.org>,chenpei
Mon Sep 24 22:07:28 2012,http://mail-archives.apache.org/mod_mbox/ctakes-commits/201209.mbox/<20120924220607.11B4A2388C63@eris.apache.org>,chenpei
Mon Sep 24 22:07:28 2012,http://mail-archives.apache.org/mod_mbox/ctakes-commits/201209.mbox/<20120924220607.11B4A2388C63@eris.apache.org>,chenpei
Mon Sep 24 22:07:28 2012,http://mail-archives.apache.org/mod_mbox/ctakes-commits/201209.mbox/<20120924220607.11B4A2388C63@eris.apache.org>,chenpei
Mon Sep 24 22:07:28 2012,http://mail-archives.apache.org/mod_mbox/ctakes-commits/201209.mbox/<20120924220607.11B4A2388C63@eris.apache.org>,chenpei
Mon Sep 24 22:07:28 2012,http://mail-archives.apache.org/mod_mbox/ctakes-commits/201209.mbox/<20120924220607.11B4A2388C63@eris.apache.org>,chenpei
Mon Sep 24 22:07:28 2012,http://mail-archives.apache.org/mod_mbox/ctakes-commits/201209.mbox/<20120924220607.11B4A2388C63@eris.apache.org>,chenpei
Mon Sep 24 22:07:28 2012,http://mail-archives.apache.org/mod_mbox/ctakes-commits/201209.mbox/<20120924220607.11B4A2388C63@eris.apache.org>,chenpei
Mon Sep 24 22:07:28 2012,http://mail-archives.apache.org/mod_mbox/ctakes-commits/201209.mbox/<20120924220607.11B4A2388C63@eris.apache.org>,chenpei
Mon Sep 24 22:07:28 2012,http://mail-archives.apache.org/mod_mbox/ctakes-commits/201209.mbox/<20120924220607.11B4A2388C63@eris.apache.org>,chenpei
Mon Sep 24 22:07:28 2012,http://mail-archives.apache.org/mod_mbox/ctakes-commits/201209.mbox/<20120924220607.11B4A2388C63@eris.apache.org>,chenpei
Mon Sep 24 22:07:28 2012,http://mail-archives.apache.org/mod_mbox/ctakes-commits/201209.mbox/<20120924220607.11B4A2388C63@eris.apache.org>,chenpei
Mon Sep 24 22:07:28 2012,http://mail-archives.apache.org/mod_mbox/ctakes-commits/201209.mbox/<20120924220607.11B4A2388C63@eris.apache.org>,chenpei
Mon Sep 24 22:07:28 2012,http://mail-archives.apache.org/mod_mbox/ctakes-commits/201209.mbox/<20120924220607.16DEB2388C65@eris.apache.org>,chenpei
Mon Sep 24 22:07:28 2012,http://mail-archives.apache.org/mod_mbox/ctakes-commits/201209.mbox/<20120924220607.11B4A2388C63@eris.apache.org>,chenpei
Mon Sep 24 22:07:28 2012,http://mail-archives.apache.org/mod_mbox/ctakes-commits/201209.mbox/<20120924220607.11B4A2388C63@eris.apache.org>,chenpei
Mon Sep 24 22:07:28 2012,http://mail-archives.apache.org/mod_mbox/ctakes-commits/201209.mbox/<20120924220607.11B4A2388C63@eris.apache.org>,chenpei
Mon Sep 24 22:07:28 2012,http://mail-archives.apache.org/mod_mbox/ctakes-commits/201209.mbox/<20120924220607.11B4A2388C63@eris.apache.org>,chenpei
Mon Sep 24 22:07:28 2012,http://mail-archives.apache.org/mod_mbox/ctakes-commits/201209.mbox/<20120924220607.11B4A2388C63@eris.apache.org>,chenpei
Mon Sep 24 22:07:28 2012,http://mail-archives.apache.org/mod_mbox/ctakes-commits/201209.mbox/<20120924220607.11B4A2388C63@eris.apache.org>,chenpei
Mon Sep 24 22:07:28 2012,http://mail-archives.apache.org/mod_mbox/ctakes-commits/201209.mbox/<20120924220607.11B4A2388C63@eris.apache.org>,chenpei
Mon Sep 24 22:07:28 2012,http://mail-archives.apache.org/mod_mbox/ctakes-commits/201209.mbox/<20120924220607.11B4A2388C63@eris.apache.org>,chenpei
Mon Sep 24 22:07:28 2012,http://mail-archives.apache.org/mod_mbox/ctakes-commits/201209.mbox/<20120924220607.11B4A2388C63@eris.apache.org>,chenpei
Mon Sep 24 22:07:28 2012,http://mail-archives.apache.org/mod_mbox/ctakes-commits/201209.mbox/<20120924220607.11B4A2388C63@eris.apache.org>,chenpei
Mon Sep 24 22:07:28 2012,http://mail-archives.apache.org/mod_mbox/ctakes-commits/201209.mbox/<20120924220607.11B4A2388C63@eris.apache.org>,chenpei
Mon Sep 24 22:07:28 2012,http://mail-archives.apache.org/mod_mbox/ctakes-commits/201209.mbox/<20120924220607.11B4A2388C63@eris.apache.org>,chenpei
Mon Sep 24 22:07:28 2012,http://mail-archives.apache.org/mod_mbox/ctakes-commits/201209.mbox/<20120924220607.11B4A2388C63@eris.apache.org>,chenpei
Mon Sep 24 22:07:28 2012,http://mail-archives.apache.org/mod_mbox/ctakes-commits/201209.mbox/<20120924220607.11B4A2388C63@eris.apache.org>,chenpei
Mon Sep 24 22:07:28 2012,http://mail-archives.apache.org/mod_mbox/ctakes-commits/201209.mbox/<20120924220607.11B4A2388C63@eris.apache.org>,chenpei
Mon Sep 24 22:07:28 2012,http://mail-archives.apache.org/mod_mbox/ctakes-commits/201209.mbox/<20120924220607.11B4A2388C63@eris.apache.org>,chenpei
Mon Sep 24 22:07:28 2012,http://mail-archives.apache.org/mod_mbox/ctakes-commits/201209.mbox/<20120924220607.11B4A2388C63@eris.apache.org>,chenpei
Mon Sep 24 22:07:28 2012,http://mail-archives.apache.org/mod_mbox/ctakes-commits/201209.mbox/<20120924220607.11B4A2388C63@eris.apache.org>,chenpei
Mon Sep 24 22:07:28 2012,http://mail-archives.apache.org/mod_mbox/ctakes-commits/201209.mbox/<20120924220607.11B4A2388C63@eris.apache.org>,chenpei
Mon Sep 24 22:07:28 2012,http://mail-archives.apache.org/mod_mbox/ctakes-commits/201209.mbox/<20120924220607.11B4A2388C63@eris.apache.org>,chenpei
Mon Sep 24 22:07:28 2012,http://mail-archives.apache.org/mod_mbox/ctakes-commits/201209.mbox/<20120924220607.11B4A2388C63@eris.apache.org>,chenpei
Mon Sep 24 22:07:28 2012,http://mail-archives.apache.org/mod_mbox/ctakes-commits/201209.mbox/<20120924220607.11B4A2388C63@eris.apache.org>,chenpei
Mon Sep 24 22:07:28 2012,http://mail-archives.apache.org/mod_mbox/ctakes-commits/201209.mbox/<20120924220607.11B4A2388C63@eris.apache.org>,chenpei
Mon Sep 24 22:07:28 2012,http://mail-archives.apache.org/mod_mbox/ctakes-commits/201209.mbox/<20120924220607.11B4A2388C63@eris.apache.org>,chenpei
Mon Sep 24 22:07:28 2012,http://mail-archives.apache.org/mod_mbox/ctakes-commits/201209.mbox/<20120924220607.11B4A2388C63@eris.apache.org>,chenpei
Mon Sep 24 22:07:28 2012,http://mail-archives.apache.org/mod_mbox/ctakes-commits/201209.mbox/<20120924220607.11B4A2388C63@eris.apache.org>,chenpei
Mon Sep 24 22:07:28 2012,http://mail-archives.apache.org/mod_mbox/ctakes-commits/201209.mbox/<20120924220607.11B4A2388C63@eris.apache.org>,chenpei
Mon Sep 24 22:07:28 2012,http://mail-archives.apache.org/mod_mbox/ctakes-commits/201209.mbox/<20120924220607.11B4A2388C63@eris.apache.org>,chenpei
Mon Sep 24 22:07:28 2012,http://mail-archives.apache.org/mod_mbox/ctakes-commits/201209.mbox/<20120924220607.11B4A2388C63@eris.apache.org>,chenpei
Mon Sep 24 22:07:28 2012,http://mail-archives.apache.org/mod_mbox/ctakes-commits/201209.mbox/<20120924220607.11B4A2388C63@eris.apache.org>,chenpei
Mon Sep 24 22:07:28 2012,http://mail-archives.apache.org/mod_mbox/ctakes-commits/201209.mbox/<20120924220607.11B4A2388C63@eris.apache.org>,chenpei
Mon Sep 24 22:07:28 2012,http://mail-archives.apache.org/mod_mbox/ctakes-commits/201209.mbox/<20120924220607.11B4A2388C63@eris.apache.org>,chenpei
Mon Sep 24 22:07:28 2012,http://mail-archives.apache.org/mod_mbox/ctakes-commits/201209.mbox/<20120924220607.11B4A2388C63@eris.apache.org>,chenpei
Mon Sep 24 22:07:28 2012,http://mail-archives.apache.org/mod_mbox/ctakes-commits/201209.mbox/<20120924220607.11B4A2388C63@eris.apache.org>,chenpei
Mon Sep 24 22:07:28 2012,http://mail-archives.apache.org/mod_mbox/ctakes-commits/201209.mbox/<20120924220607.11B4A2388C63@eris.apache.org>,chenpei
Mon Sep 24 22:07:28 2012,http://mail-archives.apache.org/mod_mbox/ctakes-commits/201209.mbox/<20120924220607.11B4A2388C63@eris.apache.org>,chenpei
Mon Sep 24 22:07:28 2012,http://mail-archives.apache.org/mod_mbox/ctakes-commits/201209.mbox/<20120924220607.11B4A2388C63@eris.apache.org>,chenpei
Mon Sep 24 22:07:28 2012,http://mail-archives.apache.org/mod_mbox/ctakes-commits/201209.mbox/<20120924220607.11B4A2388C63@eris.apache.org>,chenpei
Mon Sep 24 22:07:28 2012,http://mail-archives.apache.org/mod_mbox/ctakes-commits/201209.mbox/<20120924220607.11B4A2388C63@eris.apache.org>,chenpei
Mon Sep 24 22:07:28 2012,http://mail-archives.apache.org/mod_mbox/ctakes-commits/201209.mbox/<20120924220607.11B4A2388C63@eris.apache.org>,chenpei
Mon Sep 24 22:07:28 2012,http://mail-archives.apache.org/mod_mbox/ctakes-commits/201209.mbox/<20120924220607.11B4A2388C63@eris.apache.org>,chenpei
Mon Sep 24 22:07:28 2012,http://mail-archives.apache.org/mod_mbox/ctakes-commits/201209.mbox/<20120924220607.11B4A2388C63@eris.apache.org>,chenpei
Mon Sep 24 22:07:28 2012,http://mail-archives.apache.org/mod_mbox/ctakes-commits/201209.mbox/<20120924220607.11B4A2388C63@eris.apache.org>,chenpei
Mon Sep 24 22:07:28 2012,http://mail-archives.apache.org/mod_mbox/ctakes-commits/201209.mbox/<20120924220607.11B4A2388C63@eris.apache.org>,chenpei
Mon Sep 24 22:07:28 2012,http://mail-archives.apache.org/mod_mbox/ctakes-commits/201209.mbox/<20120924220607.11B4A2388C63@eris.apache.org>,chenpei
Mon Sep 24 22:07:28 2012,http://mail-archives.apache.org/mod_mbox/ctakes-commits/201209.mbox/<20120924220607.11B4A2388C63@eris.apache.org>,chenpei
Mon Sep 24 22:07:28 2012,http://mail-archives.apache.org/mod_mbox/ctakes-commits/201209.mbox/<20120924220607.11B4A2388C63@eris.apache.org>,chenpei
Mon Sep 24 22:07:28 2012,http://mail-archives.apache.org/mod_mbox/ctakes-commits/201209.mbox/<20120924220607.11B4A2388C63@eris.apache.org>,chenpei
Mon Sep 24 22:07:28 2012,http://mail-archives.apache.org/mod_mbox/ctakes-commits/201209.mbox/<20120924220607.11B4A2388C63@eris.apache.org>,chenpei
Mon Sep 24 22:07:28 2012,http://mail-archives.apache.org/mod_mbox/ctakes-commits/201209.mbox/<20120924220607.11B4A2388C63@eris.apache.org>,chenpei
Mon Sep 24 22:07:28 2012,http://mail-archives.apache.org/mod_mbox/ctakes-commits/201209.mbox/<20120924220607.11B4A2388C63@eris.apache.org>,chenpei
Mon Sep 24 22:07:28 2012,http://mail-archives.apache.org/mod_mbox/ctakes-commits/201209.mbox/<20120924220607.11B4A2388C63@eris.apache.org>,chenpei
Mon Sep 24 22:07:28 2012,http://mail-archives.apache.org/mod_mbox/ctakes-commits/201209.mbox/<20120924220607.11B4A2388C63@eris.apache.org>,chenpei
Mon Sep 24 22:07:28 2012,http://mail-archives.apache.org/mod_mbox/ctakes-commits/201209.mbox/<20120924220607.11B4A2388C63@eris.apache.org>,chenpei
Mon Sep 24 22:07:28 2012,http://mail-archives.apache.org/mod_mbox/ctakes-commits/201209.mbox/<20120924220607.11B4A2388C63@eris.apache.org>,chenpei
Mon Sep 24 22:07:28 2012,http://mail-archives.apache.org/mod_mbox/ctakes-commits/201209.mbox/<20120924220607.11B4A2388C63@eris.apache.org>,chenpei
Mon Sep 24 22:07:28 2012,http://mail-archives.apache.org/mod_mbox/ctakes-commits/201209.mbox/<20120924220607.11B4A2388C63@eris.apache.org>,chenpei
Mon Sep 24 22:07:28 2012,http://mail-archives.apache.org/mod_mbox/ctakes-commits/201209.mbox/<20120924220607.11B4A2388C63@eris.apache.org>,chenpei
Mon Sep 24 22:07:28 2012,http://mail-archives.apache.org/mod_mbox/ctakes-commits/201209.mbox/<20120924220607.11B4A2388C63@eris.apache.org>,chenpei
Mon Sep 24 22:07:28 2012,http://mail-archives.apache.org/mod_mbox/ctakes-commits/201209.mbox/<20120924220607.11B4A2388C63@eris.apache.org>,chenpei
Mon Sep 24 22:07:28 2012,http://mail-archives.apache.org/mod_mbox/ctakes-commits/201209.mbox/<20120924220607.11B4A2388C63@eris.apache.org>,chenpei
Mon Sep 24 22:07:28 2012,http://mail-archives.apache.org/mod_mbox/ctakes-commits/201209.mbox/<20120924220607.11B4A2388C63@eris.apache.org>,chenpei
Mon Sep 24 22:07:28 2012,http://mail-archives.apache.org/mod_mbox/ctakes-commits/201209.mbox/<20120924220607.11B4A2388C63@eris.apache.org>,chenpei
Mon Sep 24 22:07:28 2012,http://mail-archives.apache.org/mod_mbox/ctakes-commits/201209.mbox/<20120924220607.11B4A2388C63@eris.apache.org>,chenpei
Mon Sep 24 22:07:28 2012,http://mail-archives.apache.org/mod_mbox/ctakes-commits/201209.mbox/<20120924220607.11B4A2388C63@eris.apache.org>,chenpei
Mon Sep 24 22:07:28 2012,http://mail-archives.apache.org/mod_mbox/ctakes-commits/201209.mbox/<20120924220607.11B4A2388C63@eris.apache.org>,chenpei
Mon Sep 24 22:07:28 2012,http://mail-archives.apache.org/mod_mbox/ctakes-commits/201209.mbox/<20120924220607.11B4A2388C63@eris.apache.org>,chenpei
Mon Sep 24 22:07:28 2012,http://mail-archives.apache.org/mod_mbox/ctakes-commits/201209.mbox/<20120924220607.11B4A2388C63@eris.apache.org>,chenpei
Mon Sep 24 22:07:28 2012,http://mail-archives.apache.org/mod_mbox/ctakes-commits/201209.mbox/<20120924220607.11B4A2388C63@eris.apache.org>,chenpei
Mon Sep 24 22:07:28 2012,http://mail-archives.apache.org/mod_mbox/ctakes-commits/201209.mbox/<20120924220607.11B4A2388C63@eris.apache.org>,chenpei
Mon Sep 24 22:07:28 2012,http://mail-archives.apache.org/mod_mbox/ctakes-commits/201209.mbox/<20120924220607.11B4A2388C63@eris.apache.org>,chenpei
Mon Sep 24 22:07:28 2012,http://mail-archives.apache.org/mod_mbox/ctakes-commits/201209.mbox/<20120924220607.11B4A2388C63@eris.apache.org>,chenpei
Mon Sep 24 22:07:28 2012,http://mail-archives.apache.org/mod_mbox/ctakes-commits/201209.mbox/<20120924220607.11B4A2388C63@eris.apache.org>,chenpei
Mon Sep 24 22:07:28 2012,http://mail-archives.apache.org/mod_mbox/ctakes-commits/201209.mbox/<20120924220607.11B4A2388C63@eris.apache.org>,chenpei
Mon Sep 24 22:07:28 2012,http://mail-archives.apache.org/mod_mbox/ctakes-commits/201209.mbox/<20120924220607.11B4A2388C63@eris.apache.org>,chenpei
Mon Sep 24 22:07:28 2012,http://mail-archives.apache.org/mod_mbox/ctakes-commits/201209.mbox/<20120924220607.11B4A2388C63@eris.apache.org>,chenpei
Mon Sep 24 22:07:28 2012,http://mail-archives.apache.org/mod_mbox/ctakes-commits/201209.mbox/<20120924220607.11B4A2388C63@eris.apache.org>,chenpei
Mon Sep 24 22:07:28 2012,http://mail-archives.apache.org/mod_mbox/ctakes-commits/201209.mbox/<20120924220607.11B4A2388C63@eris.apache.org>,chenpei
Mon Sep 24 22:07:28 2012,http://mail-archives.apache.org/mod_mbox/ctakes-commits/201209.mbox/<20120924220607.11B4A2388C63@eris.apache.org>,chenpei
Mon Sep 24 22:07:28 2012,http://mail-archives.apache.org/mod_mbox/ctakes-commits/201209.mbox/<20120924220607.11B4A2388C63@eris.apache.org>,chenpei
Mon Sep 24 22:07:28 2012,http://mail-archives.apache.org/mod_mbox/ctakes-commits/201209.mbox/<20120924220607.11B4A2388C63@eris.apache.org>,chenpei
Mon Sep 24 22:07:28 2012,http://mail-archives.apache.org/mod_mbox/ctakes-commits/201209.mbox/<20120924220607.11B4A2388C63@eris.apache.org>,chenpei
Mon Sep 24 22:07:28 2012,http://mail-archives.apache.org/mod_mbox/ctakes-commits/201209.mbox/<20120924220607.11B4A2388C63@eris.apache.org>,chenpei
Mon Sep 24 22:07:28 2012,http://mail-archives.apache.org/mod_mbox/ctakes-commits/201209.mbox/<20120924220607.11B4A2388C63@eris.apache.org>,chenpei
Mon Sep 24 22:07:28 2012,http://mail-archives.apache.org/mod_mbox/ctakes-commits/201209.mbox/<20120924220607.11B4A2388C63@eris.apache.org>,chenpei
Mon Sep 24 22:07:28 2012,http://mail-archives.apache.org/mod_mbox/ctakes-commits/201209.mbox/<20120924220607.11B4A2388C63@eris.apache.org>,chenpei
Mon Sep 24 22:07:28 2012,http://mail-archives.apache.org/mod_mbox/ctakes-commits/201209.mbox/<20120924220607.16DEB2388C65@eris.apache.org>,chenpei
Mon Sep 24 22:07:28 2012,http://mail-archives.apache.org/mod_mbox/ctakes-commits/201209.mbox/<20120924220607.16DEB2388C65@eris.apache.org>,chenpei
Mon Sep 24 22:07:28 2012,http://mail-archives.apache.org/mod_mbox/ctakes-commits/201209.mbox/<20120924220607.16DEB2388C65@eris.apache.org>,chenpei
Mon Sep 24 22:07:28 2012,http://mail-archives.apache.org/mod_mbox/ctakes-commits/201209.mbox/<20120924220607.16DEB2388C65@eris.apache.org>,chenpei
Mon Sep 24 22:07:28 2012,http://mail-archives.apache.org/mod_mbox/ctakes-commits/201209.mbox/<20120924220607.16DEB2388C65@eris.apache.org>,chenpei
Mon Sep 24 22:07:28 2012,http://mail-archives.apache.org/mod_mbox/ctakes-commits/201209.mbox/<20120924220607.16DEB2388C65@eris.apache.org>,chenpei
Mon Sep 24 22:07:28 2012,http://mail-archives.apache.org/mod_mbox/ctakes-commits/201209.mbox/<20120924220607.16DEB2388C65@eris.apache.org>,chenpei
Mon Sep 24 22:07:28 2012,http://mail-archives.apache.org/mod_mbox/ctakes-commits/201209.mbox/<20120924220607.16DEB2388C65@eris.apache.org>,chenpei
Mon Sep 24 22:07:28 2012,http://mail-archives.apache.org/mod_mbox/ctakes-commits/201209.mbox/<20120924220607.16DEB2388C65@eris.apache.org>,chenpei
Mon Sep 24 22:07:28 2012,http://mail-archives.apache.org/mod_mbox/ctakes-commits/201209.mbox/<20120924220607.16DEB2388C65@eris.apache.org>,chenpei
Mon Sep 24 22:07:28 2012,http://mail-archives.apache.org/mod_mbox/ctakes-commits/201209.mbox/<20120924220607.16DEB2388C65@eris.apache.org>,chenpei
Mon Sep 24 22:07:28 2012,http://mail-archives.apache.org/mod_mbox/ctakes-commits/201209.mbox/<20120924220607.16DEB2388C65@eris.apache.org>,chenpei
Mon Sep 24 22:07:28 2012,http://mail-archives.apache.org/mod_mbox/ctakes-commits/201209.mbox/<20120924220607.16DEB2388C65@eris.apache.org>,chenpei
Mon Sep 24 22:07:28 2012,http://mail-archives.apache.org/mod_mbox/ctakes-commits/201209.mbox/<20120924220607.16DEB2388C65@eris.apache.org>,chenpei
Mon Sep 24 22:07:28 2012,http://mail-archives.apache.org/mod_mbox/ctakes-commits/201209.mbox/<20120924220607.16DEB2388C65@eris.apache.org>,chenpei
Mon Sep 24 22:07:28 2012,http://mail-archives.apache.org/mod_mbox/ctakes-commits/201209.mbox/<20120924220607.16DEB2388C65@eris.apache.org>,chenpei
Mon Sep 24 22:07:28 2012,http://mail-archives.apache.org/mod_mbox/ctakes-commits/201209.mbox/<20120924220607.16DEB2388C65@eris.apache.org>,chenpei
Mon Sep 24 22:07:28 2012,http://mail-archives.apache.org/mod_mbox/ctakes-commits/201209.mbox/<20120924220607.16DEB2388C65@eris.apache.org>,chenpei
Mon Sep 24 22:07:28 2012,http://mail-archives.apache.org/mod_mbox/ctakes-commits/201209.mbox/<20120924220607.16DEB2388C65@eris.apache.org>,chenpei
Mon Sep 24 22:07:28 2012,http://mail-archives.apache.org/mod_mbox/ctakes-commits/201209.mbox/<20120924220607.16DEB2388C65@eris.apache.org>,chenpei
Mon Sep 24 22:07:28 2012,http://mail-archives.apache.org/mod_mbox/ctakes-commits/201209.mbox/<20120924220607.16DEB2388C65@eris.apache.org>,chenpei
Mon Sep 24 22:07:28 2012,http://mail-archives.apache.org/mod_mbox/ctakes-commits/201209.mbox/<20120924220607.16DEB2388C65@eris.apache.org>,chenpei
Mon Sep 24 22:07:28 2012,http://mail-archives.apache.org/mod_mbox/ctakes-commits/201209.mbox/<20120924220607.16DEB2388C65@eris.apache.org>,chenpei
Mon Sep 24 22:07:28 2012,http://mail-archives.apache.org/mod_mbox/ctakes-commits/201209.mbox/<20120924220607.16DEB2388C65@eris.apache.org>,chenpei
Mon Sep 24 22:07:28 2012,http://mail-archives.apache.org/mod_mbox/ctakes-commits/201209.mbox/<20120924220607.16DEB2388C65@eris.apache.org>,chenpei
Mon Sep 24 22:07:28 2012,http://mail-archives.apache.org/mod_mbox/ctakes-commits/201209.mbox/<20120924220607.16DEB2388C65@eris.apache.org>,chenpei
Mon Sep 24 22:07:28 2012,http://mail-archives.apache.org/mod_mbox/ctakes-commits/201209.mbox/<20120924220607.16DEB2388C65@eris.apache.org>,chenpei
Mon Sep 24 22:07:28 2012,http://mail-archives.apache.org/mod_mbox/ctakes-commits/201209.mbox/<20120924220607.16DEB2388C65@eris.apache.org>,chenpei
Mon Sep 24 22:07:28 2012,http://mail-archives.apache.org/mod_mbox/ctakes-commits/201209.mbox/<20120924220607.16DEB2388C65@eris.apache.org>,chenpei
Mon Sep 24 22:07:28 2012,http://mail-archives.apache.org/mod_mbox/ctakes-commits/201209.mbox/<20120924220607.16DEB2388C65@eris.apache.org>,chenpei
Mon Sep 24 22:07:28 2012,http://mail-archives.apache.org/mod_mbox/ctakes-commits/201209.mbox/<20120924220607.16DEB2388C65@eris.apache.org>,chenpei
Mon Sep 24 22:07:28 2012,http://mail-archives.apache.org/mod_mbox/ctakes-commits/201209.mbox/<20120924220607.16DEB2388C65@eris.apache.org>,chenpei
Mon Sep 24 22:07:28 2012,http://mail-archives.apache.org/mod_mbox/ctakes-commits/201209.mbox/<20120924220607.16DEB2388C65@eris.apache.org>,chenpei
Mon Sep 24 22:07:28 2012,http://mail-archives.apache.org/mod_mbox/ctakes-commits/201209.mbox/<20120924220607.16DEB2388C65@eris.apache.org>,chenpei
Mon Sep 24 22:07:28 2012,http://mail-archives.apache.org/mod_mbox/ctakes-commits/201209.mbox/<20120924220607.16DEB2388C65@eris.apache.org>,chenpei
Mon Sep 24 22:07:28 2012,http://mail-archives.apache.org/mod_mbox/ctakes-commits/201209.mbox/<20120924220607.16DEB2388C65@eris.apache.org>,chenpei
Mon Sep 24 22:07:28 2012,http://mail-archives.apache.org/mod_mbox/ctakes-commits/201209.mbox/<20120924220607.16DEB2388C65@eris.apache.org>,chenpei
Mon Sep 24 22:07:28 2012,http://mail-archives.apache.org/mod_mbox/ctakes-commits/201209.mbox/<20120924220607.16DEB2388C65@eris.apache.org>,chenpei
Mon Sep 24 22:07:28 2012,http://mail-archives.apache.org/mod_mbox/ctakes-commits/201209.mbox/<20120924220607.16DEB2388C65@eris.apache.org>,chenpei
Mon Sep 24 22:07:28 2012,http://mail-archives.apache.org/mod_mbox/ctakes-commits/201209.mbox/<20120924220607.16DEB2388C65@eris.apache.org>,chenpei
Mon Sep 24 22:07:28 2012,http://mail-archives.apache.org/mod_mbox/ctakes-commits/201209.mbox/<20120924220607.16DEB2388C65@eris.apache.org>,chenpei
Mon Sep 24 22:07:28 2012,http://mail-archives.apache.org/mod_mbox/ctakes-commits/201209.mbox/<20120924220607.16DEB2388C65@eris.apache.org>,chenpei
Mon Sep 24 22:07:28 2012,http://mail-archives.apache.org/mod_mbox/ctakes-commits/201209.mbox/<20120924220607.16DEB2388C65@eris.apache.org>,chenpei
Mon Sep 24 22:07:28 2012,http://mail-archives.apache.org/mod_mbox/ctakes-commits/201209.mbox/<20120924220607.16DEB2388C65@eris.apache.org>,chenpei
Mon Sep 24 22:07:28 2012,http://mail-archives.apache.org/mod_mbox/ctakes-commits/201209.mbox/<20120924220607.16DEB2388C65@eris.apache.org>,chenpei
Mon Sep 24 22:07:28 2012,http://mail-archives.apache.org/mod_mbox/ctakes-commits/201209.mbox/<20120924220607.16DEB2388C65@eris.apache.org>,chenpei
Mon Sep 24 22:07:28 2012,http://mail-archives.apache.org/mod_mbox/ctakes-commits/201209.mbox/<20120924220607.16DEB2388C65@eris.apache.org>,chenpei
Mon Sep 24 22:07:28 2012,http://mail-archives.apache.org/mod_mbox/ctakes-commits/201209.mbox/<20120924220607.16DEB2388C65@eris.apache.org>,chenpei
Mon Sep 24 22:07:28 2012,http://mail-archives.apache.org/mod_mbox/ctakes-commits/201209.mbox/<20120924220607.16DEB2388C65@eris.apache.org>,chenpei
Mon Sep 24 22:07:28 2012,http://mail-archives.apache.org/mod_mbox/ctakes-commits/201209.mbox/<20120924220607.16DEB2388C65@eris.apache.org>,chenpei
Mon Sep 24 22:07:28 2012,http://mail-archives.apache.org/mod_mbox/ctakes-commits/201209.mbox/<20120924220607.16DEB2388C65@eris.apache.org>,chenpei
Mon Sep 24 22:07:28 2012,http://mail-archives.apache.org/mod_mbox/ctakes-commits/201209.mbox/<20120924220607.16DEB2388C65@eris.apache.org>,chenpei
Mon Sep 24 22:07:28 2012,http://mail-archives.apache.org/mod_mbox/ctakes-commits/201209.mbox/<20120924220607.16DEB2388C65@eris.apache.org>,chenpei
Mon Sep 24 22:07:28 2012,http://mail-archives.apache.org/mod_mbox/ctakes-commits/201209.mbox/<20120924220607.16DEB2388C65@eris.apache.org>,chenpei
Mon Sep 24 22:07:28 2012,http://mail-archives.apache.org/mod_mbox/ctakes-commits/201209.mbox/<20120924220607.16DEB2388C65@eris.apache.org>,chenpei
Mon Sep 24 22:07:28 2012,http://mail-archives.apache.org/mod_mbox/ctakes-commits/201209.mbox/<20120924220607.16DEB2388C65@eris.apache.org>,chenpei
Mon Sep 24 22:07:28 2012,http://mail-archives.apache.org/mod_mbox/ctakes-commits/201209.mbox/<20120924220607.16DEB2388C65@eris.apache.org>,chenpei
Mon Sep 24 22:07:28 2012,http://mail-archives.apache.org/mod_mbox/ctakes-commits/201209.mbox/<20120924220607.16DEB2388C65@eris.apache.org>,chenpei
Mon Sep 24 22:07:28 2012,http://mail-archives.apache.org/mod_mbox/ctakes-commits/201209.mbox/<20120924220607.16DEB2388C65@eris.apache.org>,chenpei
Mon Sep 24 22:07:28 2012,http://mail-archives.apache.org/mod_mbox/ctakes-commits/201209.mbox/<20120924220607.16DEB2388C65@eris.apache.org>,chenpei
Mon Sep 24 22:07:28 2012,http://mail-archives.apache.org/mod_mbox/ctakes-commits/201209.mbox/<20120924220607.16DEB2388C65@eris.apache.org>,chenpei
Mon Sep 24 22:07:28 2012,http://mail-archives.apache.org/mod_mbox/ctakes-commits/201209.mbox/<20120924220607.16DEB2388C65@eris.apache.org>,chenpei
Mon Sep 24 22:07:28 2012,http://mail-archives.apache.org/mod_mbox/ctakes-commits/201209.mbox/<20120924220607.16DEB2388C65@eris.apache.org>,chenpei
Mon Sep 24 22:07:28 2012,http://mail-archives.apache.org/mod_mbox/ctakes-commits/201209.mbox/<20120924220607.16DEB2388C65@eris.apache.org>,chenpei
Mon Sep 24 22:07:28 2012,http://mail-archives.apache.org/mod_mbox/ctakes-commits/201209.mbox/<20120924220607.16DEB2388C65@eris.apache.org>,chenpei
Mon Sep 24 22:07:28 2012,http://mail-archives.apache.org/mod_mbox/ctakes-commits/201209.mbox/<20120924220607.16DEB2388C65@eris.apache.org>,chenpei
Mon Sep 24 22:07:28 2012,http://mail-archives.apache.org/mod_mbox/ctakes-commits/201209.mbox/<20120924220607.16DEB2388C65@eris.apache.org>,chenpei
Mon Sep 24 22:07:28 2012,http://mail-archives.apache.org/mod_mbox/ctakes-commits/201209.mbox/<20120924220607.16DEB2388C65@eris.apache.org>,chenpei
Mon Sep 24 22:07:28 2012,http://mail-archives.apache.org/mod_mbox/ctakes-commits/201209.mbox/<20120924220607.16DEB2388C65@eris.apache.org>,chenpei
Mon Sep 24 22:07:28 2012,http://mail-archives.apache.org/mod_mbox/ctakes-commits/201209.mbox/<20120924220607.16DEB2388C65@eris.apache.org>,chenpei
Mon Sep 24 22:07:28 2012,http://mail-archives.apache.org/mod_mbox/ctakes-commits/201209.mbox/<20120924220607.16DEB2388C65@eris.apache.org>,chenpei
Mon Sep 24 22:07:28 2012,http://mail-archives.apache.org/mod_mbox/ctakes-commits/201209.mbox/<20120924220607.16DEB2388C65@eris.apache.org>,chenpei
Mon Sep 24 22:07:28 2012,http://mail-archives.apache.org/mod_mbox/ctakes-commits/201209.mbox/<20120924220607.16DEB2388C65@eris.apache.org>,chenpei
Mon Sep 24 22:07:28 2012,http://mail-archives.apache.org/mod_mbox/ctakes-commits/201209.mbox/<20120924220607.16DEB2388C65@eris.apache.org>,chenpei
Mon Sep 24 22:07:28 2012,http://mail-archives.apache.org/mod_mbox/ctakes-commits/201209.mbox/<20120924220607.16DEB2388C65@eris.apache.org>,chenpei
Mon Sep 24 22:07:28 2012,http://mail-archives.apache.org/mod_mbox/ctakes-commits/201209.mbox/<20120924220607.16DEB2388C65@eris.apache.org>,chenpei
Mon Sep 24 22:07:28 2012,http://mail-archives.apache.org/mod_mbox/ctakes-commits/201209.mbox/<20120924220607.16DEB2388C65@eris.apache.org>,chenpei
Mon Sep 24 22:07:28 2012,http://mail-archives.apache.org/mod_mbox/ctakes-commits/201209.mbox/<20120924220607.16DEB2388C65@eris.apache.org>,chenpei
Mon Sep 24 22:07:28 2012,http://mail-archives.apache.org/mod_mbox/ctakes-commits/201209.mbox/<20120924220607.16DEB2388C65@eris.apache.org>,chenpei
Mon Sep 24 22:07:28 2012,http://mail-archives.apache.org/mod_mbox/ctakes-commits/201209.mbox/<20120924220607.16DEB2388C65@eris.apache.org>,chenpei
Mon Sep 24 22:07:28 2012,http://mail-archives.apache.org/mod_mbox/ctakes-commits/201209.mbox/<20120924220607.16DEB2388C65@eris.apache.org>,chenpei
Mon Sep 24 22:07:28 2012,http://mail-archives.apache.org/mod_mbox/ctakes-commits/201209.mbox/<20120924220607.16DEB2388C65@eris.apache.org>,chenpei
Mon Sep 24 22:07:28 2012,http://mail-archives.apache.org/mod_mbox/ctakes-commits/201209.mbox/<20120924220607.16DEB2388C65@eris.apache.org>,chenpei
Mon Sep 24 22:07:28 2012,http://mail-archives.apache.org/mod_mbox/ctakes-commits/201209.mbox/<20120924220607.16DEB2388C65@eris.apache.org>,chenpei
Mon Sep 24 22:07:28 2012,http://mail-archives.apache.org/mod_mbox/ctakes-commits/201209.mbox/<20120924220607.16DEB2388C65@eris.apache.org>,chenpei
Mon Sep 24 22:07:28 2012,http://mail-archives.apache.org/mod_mbox/ctakes-commits/201209.mbox/<20120924220607.16DEB2388C65@eris.apache.org>,chenpei
Mon Sep 24 22:07:28 2012,http://mail-archives.apache.org/mod_mbox/ctakes-commits/201209.mbox/<20120924220607.16DEB2388C65@eris.apache.org>,chenpei
Mon Sep 24 22:07:28 2012,http://mail-archives.apache.org/mod_mbox/ctakes-commits/201209.mbox/<20120924220607.16DEB2388C65@eris.apache.org>,chenpei
Mon Sep 24 22:07:28 2012,http://mail-archives.apache.org/mod_mbox/ctakes-commits/201209.mbox/<20120924220607.11B4A2388C63@eris.apache.org>,chenpei
Mon Sep 24 22:07:28 2012,http://mail-archives.apache.org/mod_mbox/ctakes-commits/201209.mbox/<20120924220607.16DEB2388C65@eris.apache.org>,chenpei
Mon Sep 24 22:07:28 2012,http://mail-archives.apache.org/mod_mbox/ctakes-commits/201209.mbox/<20120924220607.16DEB2388C65@eris.apache.org>,chenpei
Mon Sep 24 22:07:28 2012,http://mail-archives.apache.org/mod_mbox/ctakes-commits/201209.mbox/<20120924220607.16DEB2388C65@eris.apache.org>,chenpei
Mon Sep 24 22:07:28 2012,http://mail-archives.apache.org/mod_mbox/ctakes-commits/201209.mbox/<20120924220607.16DEB2388C65@eris.apache.org>,chenpei
Mon Sep 24 22:07:28 2012,http://mail-archives.apache.org/mod_mbox/ctakes-commits/201209.mbox/<20120924220607.16DEB2388C65@eris.apache.org>,chenpei
Mon Sep 24 22:07:28 2012,http://mail-archives.apache.org/mod_mbox/ctakes-commits/201209.mbox/<20120924220607.16DEB2388C65@eris.apache.org>,chenpei
Mon Sep 24 22:07:28 2012,http://mail-archives.apache.org/mod_mbox/ctakes-commits/201209.mbox/<20120924220607.16DEB2388C65@eris.apache.org>,chenpei
Mon Sep 24 22:07:28 2012,http://mail-archives.apache.org/mod_mbox/ctakes-commits/201209.mbox/<20120924220607.16DEB2388C65@eris.apache.org>,chenpei
Mon Sep 24 22:07:28 2012,http://mail-archives.apache.org/mod_mbox/ctakes-commits/201209.mbox/<20120924220607.16DEB2388C65@eris.apache.org>,chenpei
Mon Sep 24 22:07:28 2012,http://mail-archives.apache.org/mod_mbox/ctakes-commits/201209.mbox/<20120924220607.16DEB2388C65@eris.apache.org>,chenpei
Mon Sep 24 22:07:28 2012,http://mail-archives.apache.org/mod_mbox/ctakes-commits/201209.mbox/<20120924220607.16DEB2388C65@eris.apache.org>,chenpei
Mon Sep 24 22:07:28 2012,http://mail-archives.apache.org/mod_mbox/ctakes-commits/201209.mbox/<20120924220607.16DEB2388C65@eris.apache.org>,chenpei
Mon Sep 24 22:07:28 2012,http://mail-archives.apache.org/mod_mbox/ctakes-commits/201209.mbox/<20120924220607.16DEB2388C65@eris.apache.org>,chenpei
Mon Sep 24 22:07:28 2012,http://mail-archives.apache.org/mod_mbox/ctakes-commits/201209.mbox/<20120924220607.16DEB2388C65@eris.apache.org>,chenpei
Mon Sep 24 22:07:28 2012,http://mail-archives.apache.org/mod_mbox/ctakes-commits/201209.mbox/<20120924220607.16DEB2388C65@eris.apache.org>,chenpei
Mon Sep 24 22:07:28 2012,http://mail-archives.apache.org/mod_mbox/ctakes-commits/201209.mbox/<20120924220607.16DEB2388C65@eris.apache.org>,chenpei
Mon Sep 24 22:07:28 2012,http://mail-archives.apache.org/mod_mbox/ctakes-commits/201209.mbox/<20120924220607.16DEB2388C65@eris.apache.org>,chenpei
Mon Sep 24 22:07:28 2012,http://mail-archives.apache.org/mod_mbox/ctakes-commits/201209.mbox/<20120924220607.16DEB2388C65@eris.apache.org>,chenpei
Mon Sep 24 22:07:28 2012,http://mail-archives.apache.org/mod_mbox/ctakes-commits/201209.mbox/<20120924220607.16DEB2388C65@eris.apache.org>,chenpei
Mon Sep 24 22:07:28 2012,http://mail-archives.apache.org/mod_mbox/ctakes-commits/201209.mbox/<20120924220607.16DEB2388C65@eris.apache.org>,chenpei
Mon Sep 24 22:07:28 2012,http://mail-archives.apache.org/mod_mbox/ctakes-commits/201209.mbox/<20120924220607.16DEB2388C65@eris.apache.org>,chenpei
Mon Sep 24 22:07:28 2012,http://mail-archives.apache.org/mod_mbox/ctakes-commits/201209.mbox/<20120924220607.16DEB2388C65@eris.apache.org>,chenpei
Mon Sep 24 22:07:28 2012,http://mail-archives.apache.org/mod_mbox/ctakes-commits/201209.mbox/<20120924220607.16DEB2388C65@eris.apache.org>,chenpei
Mon Sep 24 22:07:28 2012,http://mail-archives.apache.org/mod_mbox/ctakes-commits/201209.mbox/<20120924220607.16DEB2388C65@eris.apache.org>,chenpei
Mon Sep 24 22:07:28 2012,http://mail-archives.apache.org/mod_mbox/ctakes-commits/201209.mbox/<20120924220607.16DEB2388C65@eris.apache.org>,chenpei
Mon Sep 24 22:07:28 2012,http://mail-archives.apache.org/mod_mbox/ctakes-commits/201209.mbox/<20120924220607.16DEB2388C65@eris.apache.org>,chenpei
Mon Sep 24 22:07:28 2012,http://mail-archives.apache.org/mod_mbox/ctakes-commits/201209.mbox/<20120924220607.16DEB2388C65@eris.apache.org>,chenpei
Mon Sep 24 22:07:28 2012,http://mail-archives.apache.org/mod_mbox/ctakes-commits/201209.mbox/<20120924220607.16DEB2388C65@eris.apache.org>,chenpei
Mon Sep 24 22:07:28 2012,http://mail-archives.apache.org/mod_mbox/ctakes-commits/201209.mbox/<20120924220607.16DEB2388C65@eris.apache.org>,chenpei
Mon Sep 24 22:07:28 2012,http://mail-archives.apache.org/mod_mbox/ctakes-commits/201209.mbox/<20120924220607.16DEB2388C65@eris.apache.org>,chenpei
Mon Sep 24 22:07:28 2012,http://mail-archives.apache.org/mod_mbox/ctakes-commits/201209.mbox/<20120924220607.16DEB2388C65@eris.apache.org>,chenpei
Mon Sep 24 22:07:28 2012,http://mail-archives.apache.org/mod_mbox/ctakes-commits/201209.mbox/<20120924220607.16DEB2388C65@eris.apache.org>,chenpei
Mon Sep 24 22:07:28 2012,http://mail-archives.apache.org/mod_mbox/ctakes-commits/201209.mbox/<20120924220607.16DEB2388C65@eris.apache.org>,chenpei
Mon Sep 24 22:07:28 2012,http://mail-archives.apache.org/mod_mbox/ctakes-commits/201209.mbox/<20120924220607.16DEB2388C65@eris.apache.org>,chenpei
Mon Sep 24 22:07:28 2012,http://mail-archives.apache.org/mod_mbox/ctakes-commits/201209.mbox/<20120924220607.16DEB2388C65@eris.apache.org>,chenpei
Mon Sep 24 22:07:28 2012,http://mail-archives.apache.org/mod_mbox/ctakes-commits/201209.mbox/<20120924220607.16DEB2388C65@eris.apache.org>,chenpei
Mon Sep 24 22:07:28 2012,http://mail-archives.apache.org/mod_mbox/ctakes-commits/201209.mbox/<20120924220607.16DEB2388C65@eris.apache.org>,chenpei
Mon Sep 24 22:07:28 2012,http://mail-archives.apache.org/mod_mbox/ctakes-commits/201209.mbox/<20120924220607.16DEB2388C65@eris.apache.org>,chenpei
Mon Sep 24 22:07:28 2012,http://mail-archives.apache.org/mod_mbox/ctakes-commits/201209.mbox/<20120924220607.16DEB2388C65@eris.apache.org>,chenpei
Mon Sep 24 22:07:28 2012,http://mail-archives.apache.org/mod_mbox/ctakes-commits/201209.mbox/<20120924220607.16DEB2388C65@eris.apache.org>,chenpei
Mon Sep 24 22:07:28 2012,http://mail-archives.apache.org/mod_mbox/ctakes-commits/201209.mbox/<20120924220607.16DEB2388C65@eris.apache.org>,chenpei
Mon Sep 24 22:07:28 2012,http://mail-archives.apache.org/mod_mbox/ctakes-commits/201209.mbox/<20120924220607.16DEB2388C65@eris.apache.org>,chenpei
Mon Sep 24 22:07:28 2012,http://mail-archives.apache.org/mod_mbox/ctakes-commits/201209.mbox/<20120924220607.16DEB2388C65@eris.apache.org>,chenpei
Mon Sep 24 22:07:28 2012,http://mail-archives.apache.org/mod_mbox/ctakes-commits/201209.mbox/<20120924220607.16DEB2388C65@eris.apache.org>,chenpei
Mon Sep 24 22:07:28 2012,http://mail-archives.apache.org/mod_mbox/ctakes-commits/201209.mbox/<20120924220607.16DEB2388C65@eris.apache.org>,chenpei
Mon Sep 24 22:07:28 2012,http://mail-archives.apache.org/mod_mbox/ctakes-commits/201209.mbox/<20120924220607.16DEB2388C65@eris.apache.org>,chenpei
Mon Sep 24 22:07:28 2012,http://mail-archives.apache.org/mod_mbox/ctakes-commits/201209.mbox/<20120924220607.16DEB2388C65@eris.apache.org>,chenpei
Mon Sep 24 22:07:28 2012,http://mail-archives.apache.org/mod_mbox/ctakes-commits/201209.mbox/<20120924220607.16DEB2388C65@eris.apache.org>,chenpei
Mon Sep 24 22:07:28 2012,http://mail-archives.apache.org/mod_mbox/ctakes-commits/201209.mbox/<20120924220607.16DEB2388C65@eris.apache.org>,chenpei
Mon Sep 24 22:07:28 2012,http://mail-archives.apache.org/mod_mbox/ctakes-commits/201209.mbox/<20120924220607.16DEB2388C65@eris.apache.org>,chenpei
Mon Sep 24 22:07:28 2012,http://mail-archives.apache.org/mod_mbox/ctakes-commits/201209.mbox/<20120924220607.16DEB2388C65@eris.apache.org>,chenpei
Mon Sep 24 22:07:28 2012,http://mail-archives.apache.org/mod_mbox/ctakes-commits/201209.mbox/<20120924220607.16DEB2388C65@eris.apache.org>,chenpei
Mon Sep 24 22:07:28 2012,http://mail-archives.apache.org/mod_mbox/ctakes-commits/201209.mbox/<20120924220607.16DEB2388C65@eris.apache.org>,chenpei
Mon Sep 24 22:07:28 2012,http://mail-archives.apache.org/mod_mbox/ctakes-commits/201209.mbox/<20120924220607.16DEB2388C65@eris.apache.org>,chenpei
Mon Sep 24 22:07:28 2012,http://mail-archives.apache.org/mod_mbox/ctakes-commits/201209.mbox/<20120924220607.16DEB2388C65@eris.apache.org>,chenpei
Mon Sep 24 22:07:28 2012,http://mail-archives.apache.org/mod_mbox/ctakes-commits/201209.mbox/<20120924220607.16DEB2388C65@eris.apache.org>,chenpei
Mon Sep 24 22:07:28 2012,http://mail-archives.apache.org/mod_mbox/ctakes-commits/201209.mbox/<20120924220607.16DEB2388C65@eris.apache.org>,chenpei
Mon Sep 24 22:07:28 2012,http://mail-archives.apache.org/mod_mbox/ctakes-commits/201209.mbox/<20120924220607.16DEB2388C65@eris.apache.org>,chenpei
Mon Sep 24 22:07:28 2012,http://mail-archives.apache.org/mod_mbox/ctakes-commits/201209.mbox/<20120924220607.16DEB2388C65@eris.apache.org>,chenpei
Mon Sep 24 22:07:28 2012,http://mail-archives.apache.org/mod_mbox/ctakes-commits/201209.mbox/<20120924220607.16DEB2388C65@eris.apache.org>,chenpei
Mon Sep 24 22:07:28 2012,http://mail-archives.apache.org/mod_mbox/ctakes-commits/201209.mbox/<20120924220607.16DEB2388C65@eris.apache.org>,chenpei
Mon Sep 24 22:07:28 2012,http://mail-archives.apache.org/mod_mbox/ctakes-commits/201209.mbox/<20120924220607.16DEB2388C65@eris.apache.org>,chenpei
Mon Sep 24 22:07:28 2012,http://mail-archives.apache.org/mod_mbox/ctakes-commits/201209.mbox/<20120924220607.16DEB2388C65@eris.apache.org>,chenpei
Mon Sep 24 22:07:28 2012,http://mail-archives.apache.org/mod_mbox/ctakes-commits/201209.mbox/<20120924220607.16DEB2388C65@eris.apache.org>,chenpei
Mon Sep 24 22:07:28 2012,http://mail-archives.apache.org/mod_mbox/ctakes-commits/201209.mbox/<20120924220607.16DEB2388C65@eris.apache.org>,chenpei
Mon Sep 24 22:07:28 2012,http://mail-archives.apache.org/mod_mbox/ctakes-commits/201209.mbox/<20120924220607.16DEB2388C65@eris.apache.org>,chenpei
Mon Sep 24 22:07:28 2012,http://mail-archives.apache.org/mod_mbox/ctakes-commits/201209.mbox/<20120924220607.16DEB2388C65@eris.apache.org>,chenpei
Mon Sep 24 22:07:28 2012,http://mail-archives.apache.org/mod_mbox/ctakes-commits/201209.mbox/<20120924220607.16DEB2388C65@eris.apache.org>,chenpei
Mon Sep 24 22:07:28 2012,http://mail-archives.apache.org/mod_mbox/ctakes-commits/201209.mbox/<20120924220607.16DEB2388C65@eris.apache.org>,chenpei
Mon Sep 24 22:07:28 2012,http://mail-archives.apache.org/mod_mbox/ctakes-commits/201209.mbox/<20120924220607.16DEB2388C65@eris.apache.org>,chenpei
Mon Sep 24 22:07:28 2012,http://mail-archives.apache.org/mod_mbox/ctakes-commits/201209.mbox/<20120924220607.16DEB2388C65@eris.apache.org>,chenpei
Mon Sep 24 22:07:28 2012,http://mail-archives.apache.org/mod_mbox/ctakes-commits/201209.mbox/<20120924220607.16DEB2388C65@eris.apache.org>,chenpei
Mon Sep 24 22:07:28 2012,http://mail-archives.apache.org/mod_mbox/ctakes-commits/201209.mbox/<20120924220607.16DEB2388C65@eris.apache.org>,chenpei
Mon Sep 24 22:07:28 2012,http://mail-archives.apache.org/mod_mbox/ctakes-commits/201209.mbox/<20120924220607.16DEB2388C65@eris.apache.org>,chenpei
Mon Sep 24 22:07:28 2012,http://mail-archives.apache.org/mod_mbox/ctakes-commits/201209.mbox/<20120924220607.16DEB2388C65@eris.apache.org>,chenpei
Mon Sep 24 22:07:28 2012,http://mail-archives.apache.org/mod_mbox/ctakes-commits/201209.mbox/<20120924220607.16DEB2388C65@eris.apache.org>,chenpei
Mon Sep 24 22:07:28 2012,http://mail-archives.apache.org/mod_mbox/ctakes-commits/201209.mbox/<20120924220607.16DEB2388C65@eris.apache.org>,chenpei
Mon Sep 24 22:07:28 2012,http://mail-archives.apache.org/mod_mbox/ctakes-commits/201209.mbox/<20120924220607.16DEB2388C65@eris.apache.org>,chenpei
Mon Sep 24 22:07:28 2012,http://mail-archives.apache.org/mod_mbox/ctakes-commits/201209.mbox/<20120924220607.16DEB2388C65@eris.apache.org>,chenpei
Mon Sep 24 22:07:28 2012,http://mail-archives.apache.org/mod_mbox/ctakes-commits/201209.mbox/<20120924220607.16DEB2388C65@eris.apache.org>,chenpei
Mon Sep 24 22:07:28 2012,http://mail-archives.apache.org/mod_mbox/ctakes-commits/201209.mbox/<20120924220607.16DEB2388C65@eris.apache.org>,chenpei
Mon Sep 24 22:07:28 2012,http://mail-archives.apache.org/mod_mbox/ctakes-commits/201209.mbox/<20120924220607.16DEB2388C65@eris.apache.org>,chenpei
Mon Sep 24 22:07:28 2012,http://mail-archives.apache.org/mod_mbox/ctakes-commits/201209.mbox/<20120924220607.16DEB2388C65@eris.apache.org>,chenpei
Mon Sep 24 22:07:28 2012,http://mail-archives.apache.org/mod_mbox/ctakes-commits/201209.mbox/<20120924220607.16DEB2388C65@eris.apache.org>,chenpei
Mon Sep 24 22:07:28 2012,http://mail-archives.apache.org/mod_mbox/ctakes-commits/201209.mbox/<20120924220607.16DEB2388C65@eris.apache.org>,chenpei
Mon Sep 24 22:07:28 2012,http://mail-archives.apache.org/mod_mbox/ctakes-commits/201209.mbox/<20120924220607.16DEB2388C65@eris.apache.org>,chenpei
Mon Sep 24 22:07:28 2012,http://mail-archives.apache.org/mod_mbox/ctakes-commits/201209.mbox/<20120924220607.16DEB2388C65@eris.apache.org>,chenpei
Mon Sep 24 22:07:28 2012,http://mail-archives.apache.org/mod_mbox/ctakes-commits/201209.mbox/<20120924220607.16DEB2388C65@eris.apache.org>,chenpei
Mon Sep 24 22:07:28 2012,http://mail-archives.apache.org/mod_mbox/ctakes-commits/201209.mbox/<20120924220607.16DEB2388C65@eris.apache.org>,chenpei
Mon Sep 24 22:07:28 2012,http://mail-archives.apache.org/mod_mbox/ctakes-commits/201209.mbox/<20120924220607.16DEB2388C65@eris.apache.org>,chenpei
Mon Sep 24 22:07:28 2012,http://mail-archives.apache.org/mod_mbox/ctakes-commits/201209.mbox/<20120924220607.16DEB2388C65@eris.apache.org>,chenpei
Mon Sep 24 22:07:28 2012,http://mail-archives.apache.org/mod_mbox/ctakes-commits/201209.mbox/<20120924220607.16DEB2388C65@eris.apache.org>,chenpei
Mon Sep 24 22:07:28 2012,http://mail-archives.apache.org/mod_mbox/ctakes-commits/201209.mbox/<20120924220607.16DEB2388C65@eris.apache.org>,chenpei
Mon Sep 24 22:07:28 2012,http://mail-archives.apache.org/mod_mbox/ctakes-commits/201209.mbox/<20120924220607.16DEB2388C65@eris.apache.org>,chenpei
Mon Sep 24 22:07:28 2012,http://mail-archives.apache.org/mod_mbox/ctakes-commits/201209.mbox/<20120924220607.16DEB2388C65@eris.apache.org>,chenpei
Mon Sep 24 22:07:28 2012,http://mail-archives.apache.org/mod_mbox/ctakes-commits/201209.mbox/<20120924220607.16DEB2388C65@eris.apache.org>,chenpei
Mon Sep 24 22:07:28 2012,http://mail-archives.apache.org/mod_mbox/ctakes-commits/201209.mbox/<20120924220607.16DEB2388C65@eris.apache.org>,chenpei
Mon Sep 24 22:07:28 2012,http://mail-archives.apache.org/mod_mbox/ctakes-commits/201209.mbox/<20120924220607.16DEB2388C65@eris.apache.org>,chenpei
Mon Sep 24 22:07:28 2012,http://mail-archives.apache.org/mod_mbox/ctakes-commits/201209.mbox/<20120924220607.16DEB2388C65@eris.apache.org>,chenpei
Mon Sep 24 22:07:28 2012,http://mail-archives.apache.org/mod_mbox/ctakes-commits/201209.mbox/<20120924220607.16DEB2388C65@eris.apache.org>,chenpei
Mon Sep 24 22:07:28 2012,http://mail-archives.apache.org/mod_mbox/ctakes-commits/201209.mbox/<20120924220607.16DEB2388C65@eris.apache.org>,chenpei
Mon Sep 24 22:07:28 2012,http://mail-archives.apache.org/mod_mbox/ctakes-commits/201209.mbox/<20120924220607.16DEB2388C65@eris.apache.org>,chenpei
Mon Sep 24 22:07:28 2012,http://mail-archives.apache.org/mod_mbox/ctakes-commits/201209.mbox/<20120924220607.16DEB2388C65@eris.apache.org>,chenpei
Mon Sep 24 22:07:28 2012,http://mail-archives.apache.org/mod_mbox/ctakes-commits/201209.mbox/<20120924220607.16DEB2388C65@eris.apache.org>,chenpei
Mon Sep 24 22:07:28 2012,http://mail-archives.apache.org/mod_mbox/ctakes-commits/201209.mbox/<20120924220607.16DEB2388C65@eris.apache.org>,chenpei
Mon Sep 24 22:07:28 2012,http://mail-archives.apache.org/mod_mbox/ctakes-commits/201209.mbox/<20120924220607.16DEB2388C65@eris.apache.org>,chenpei
Mon Sep 24 22:07:28 2012,http://mail-archives.apache.org/mod_mbox/ctakes-commits/201209.mbox/<20120924220607.16DEB2388C65@eris.apache.org>,chenpei
Mon Sep 24 22:07:28 2012,http://mail-archives.apache.org/mod_mbox/ctakes-commits/201209.mbox/<20120924220607.16DEB2388C65@eris.apache.org>,chenpei
Mon Sep 24 22:07:28 2012,http://mail-archives.apache.org/mod_mbox/ctakes-commits/201209.mbox/<20120924220607.16DEB2388C65@eris.apache.org>,chenpei
Mon Sep 24 22:07:28 2012,http://mail-archives.apache.org/mod_mbox/ctakes-commits/201209.mbox/<20120924220607.16DEB2388C65@eris.apache.org>,chenpei
Mon Sep 24 22:07:28 2012,http://mail-archives.apache.org/mod_mbox/ctakes-commits/201209.mbox/<20120924220607.16DEB2388C65@eris.apache.org>,chenpei
Mon Sep 24 22:07:28 2012,http://mail-archives.apache.org/mod_mbox/ctakes-commits/201209.mbox/<20120924220607.16DEB2388C65@eris.apache.org>,chenpei
Mon Sep 24 22:07:28 2012,http://mail-archives.apache.org/mod_mbox/ctakes-commits/201209.mbox/<20120924220607.16DEB2388C65@eris.apache.org>,chenpei
Mon Sep 24 22:07:28 2012,http://mail-archives.apache.org/mod_mbox/ctakes-commits/201209.mbox/<20120924220607.16DEB2388C65@eris.apache.org>,chenpei
Mon Sep 24 22:07:28 2012,http://mail-archives.apache.org/mod_mbox/ctakes-commits/201209.mbox/<20120924220607.16DEB2388C65@eris.apache.org>,chenpei
Mon Sep 24 22:07:28 2012,http://mail-archives.apache.org/mod_mbox/ctakes-commits/201209.mbox/<20120924220607.16DEB2388C65@eris.apache.org>,chenpei
Mon Sep 24 22:07:28 2012,http://mail-archives.apache.org/mod_mbox/ctakes-commits/201209.mbox/<20120924220607.16DEB2388C65@eris.apache.org>,chenpei
Mon Sep 24 22:07:28 2012,http://mail-archives.apache.org/mod_mbox/ctakes-commits/201209.mbox/<20120924220607.16DEB2388C65@eris.apache.org>,chenpei
Mon Sep 24 22:07:28 2012,http://mail-archives.apache.org/mod_mbox/ctakes-commits/201209.mbox/<20120924220607.16DEB2388C65@eris.apache.org>,chenpei
Mon Sep 24 22:07:28 2012,http://mail-archives.apache.org/mod_mbox/ctakes-commits/201209.mbox/<20120924220607.16DEB2388C65@eris.apache.org>,chenpei
Mon Sep 24 22:07:28 2012,http://mail-archives.apache.org/mod_mbox/ctakes-commits/201209.mbox/<20120924220607.16DEB2388C65@eris.apache.org>,chenpei
Mon Sep 24 22:07:28 2012,http://mail-archives.apache.org/mod_mbox/ctakes-commits/201209.mbox/<20120924220607.16DEB2388C65@eris.apache.org>,chenpei
Mon Sep 24 22:07:28 2012,http://mail-archives.apache.org/mod_mbox/ctakes-commits/201209.mbox/<20120924220607.16DEB2388C65@eris.apache.org>,chenpei
Mon Sep 24 22:07:28 2012,http://mail-archives.apache.org/mod_mbox/ctakes-commits/201209.mbox/<20120924220607.16DEB2388C65@eris.apache.org>,chenpei
Mon Sep 24 22:07:28 2012,http://mail-archives.apache.org/mod_mbox/ctakes-commits/201209.mbox/<20120924220607.16DEB2388C65@eris.apache.org>,chenpei
Mon Sep 24 22:07:28 2012,http://mail-archives.apache.org/mod_mbox/ctakes-commits/201209.mbox/<20120924220607.16DEB2388C65@eris.apache.org>,chenpei
Mon Sep 24 22:07:28 2012,http://mail-archives.apache.org/mod_mbox/ctakes-commits/201209.mbox/<20120924220607.16DEB2388C65@eris.apache.org>,chenpei
Mon Sep 24 22:07:28 2012,http://mail-archives.apache.org/mod_mbox/ctakes-commits/201209.mbox/<20120924220607.16DEB2388C65@eris.apache.org>,chenpei
Mon Sep 24 22:07:28 2012,http://mail-archives.apache.org/mod_mbox/ctakes-commits/201209.mbox/<20120924220607.16DEB2388C65@eris.apache.org>,chenpei
Mon Sep 24 22:07:28 2012,http://mail-archives.apache.org/mod_mbox/ctakes-commits/201209.mbox/<20120924220607.16DEB2388C65@eris.apache.org>,chenpei
Mon Sep 24 22:07:28 2012,http://mail-archives.apache.org/mod_mbox/ctakes-commits/201209.mbox/<20120924220607.16DEB2388C65@eris.apache.org>,chenpei
Mon Sep 24 22:07:28 2012,http://mail-archives.apache.org/mod_mbox/ctakes-commits/201209.mbox/<20120924220607.16DEB2388C65@eris.apache.org>,chenpei
Mon Sep 24 22:07:28 2012,http://mail-archives.apache.org/mod_mbox/ctakes-commits/201209.mbox/<20120924220607.16DEB2388C65@eris.apache.org>,chenpei
Mon Sep 24 22:07:28 2012,http://mail-archives.apache.org/mod_mbox/ctakes-commits/201209.mbox/<20120924220607.16DEB2388C65@eris.apache.org>,chenpei
Mon Sep 24 22:07:28 2012,http://mail-archives.apache.org/mod_mbox/ctakes-commits/201209.mbox/<20120924220607.16DEB2388C65@eris.apache.org>,chenpei
Mon Sep 24 22:07:28 2012,http://mail-archives.apache.org/mod_mbox/ctakes-commits/201209.mbox/<20120924220607.16DEB2388C65@eris.apache.org>,chenpei
Mon Sep 24 22:07:28 2012,http://mail-archives.apache.org/mod_mbox/ctakes-commits/201209.mbox/<20120924220607.16DEB2388C65@eris.apache.org>,chenpei
Mon Sep 24 22:07:28 2012,http://mail-archives.apache.org/mod_mbox/ctakes-commits/201209.mbox/<20120924220607.16DEB2388C65@eris.apache.org>,chenpei
Mon Sep 24 22:07:28 2012,http://mail-archives.apache.org/mod_mbox/ctakes-commits/201209.mbox/<20120924220607.16DEB2388C65@eris.apache.org>,chenpei
Mon Sep 24 22:07:28 2012,http://mail-archives.apache.org/mod_mbox/ctakes-commits/201209.mbox/<20120924220607.16DEB2388C65@eris.apache.org>,chenpei
Mon Sep 24 22:07:28 2012,http://mail-archives.apache.org/mod_mbox/ctakes-commits/201209.mbox/<20120924220607.16DEB2388C65@eris.apache.org>,chenpei
Mon Sep 24 22:07:28 2012,http://mail-archives.apache.org/mod_mbox/ctakes-commits/201209.mbox/<20120924220607.16DEB2388C65@eris.apache.org>,chenpei
Mon Sep 24 22:07:28 2012,http://mail-archives.apache.org/mod_mbox/ctakes-commits/201209.mbox/<20120924220607.16DEB2388C65@eris.apache.org>,chenpei
Mon Sep 24 22:07:28 2012,http://mail-archives.apache.org/mod_mbox/ctakes-commits/201209.mbox/<20120924220607.16DEB2388C65@eris.apache.org>,chenpei
Mon Sep 24 22:07:28 2012,http://mail-archives.apache.org/mod_mbox/ctakes-commits/201209.mbox/<20120924220607.16DEB2388C65@eris.apache.org>,chenpei
Mon Sep 24 22:07:28 2012,http://mail-archives.apache.org/mod_mbox/ctakes-commits/201209.mbox/<20120924220607.16DEB2388C65@eris.apache.org>,chenpei
Mon Sep 24 22:07:28 2012,http://mail-archives.apache.org/mod_mbox/ctakes-commits/201209.mbox/<20120924220607.16DEB2388C65@eris.apache.org>,chenpei
Mon Sep 24 22:07:28 2012,http://mail-archives.apache.org/mod_mbox/ctakes-commits/201209.mbox/<20120924220607.16DEB2388C65@eris.apache.org>,chenpei
Mon Sep 24 22:07:28 2012,http://mail-archives.apache.org/mod_mbox/ctakes-commits/201209.mbox/<20120924220607.16DEB2388C65@eris.apache.org>,chenpei
Mon Sep 24 22:07:28 2012,http://mail-archives.apache.org/mod_mbox/ctakes-commits/201209.mbox/<20120924220607.16DEB2388C65@eris.apache.org>,chenpei
Mon Sep 24 22:07:28 2012,http://mail-archives.apache.org/mod_mbox/ctakes-commits/201209.mbox/<20120924220607.16DEB2388C65@eris.apache.org>,chenpei
Mon Sep 24 22:07:28 2012,http://mail-archives.apache.org/mod_mbox/ctakes-commits/201209.mbox/<20120924220607.16DEB2388C65@eris.apache.org>,chenpei
Mon Sep 24 22:07:28 2012,http://mail-archives.apache.org/mod_mbox/ctakes-commits/201209.mbox/<20120924220607.16DEB2388C65@eris.apache.org>,chenpei
Mon Sep 24 22:07:28 2012,http://mail-archives.apache.org/mod_mbox/ctakes-commits/201209.mbox/<20120924220607.16DEB2388C65@eris.apache.org>,chenpei
Mon Sep 24 22:07:28 2012,http://mail-archives.apache.org/mod_mbox/ctakes-commits/201209.mbox/<20120924220607.16DEB2388C65@eris.apache.org>,chenpei
Mon Sep 24 22:07:28 2012,http://mail-archives.apache.org/mod_mbox/ctakes-commits/201209.mbox/<20120924220607.16DEB2388C65@eris.apache.org>,chenpei
Mon Sep 24 22:07:28 2012,http://mail-archives.apache.org/mod_mbox/ctakes-commits/201209.mbox/<20120924220607.11B4A2388C63@eris.apache.org>,chenpei
Mon Sep 24 22:07:28 2012,http://mail-archives.apache.org/mod_mbox/ctakes-commits/201209.mbox/<20120924220607.0C6BD2388C5D@eris.apache.org>,chenpei
Mon Sep 24 22:07:28 2012,http://mail-archives.apache.org/mod_mbox/ctakes-commits/201209.mbox/<20120924220607.11B4A2388C63@eris.apache.org>,chenpei
Mon Sep 24 22:07:28 2012,http://mail-archives.apache.org/mod_mbox/ctakes-commits/201209.mbox/<20120924220607.0C6BD2388C5D@eris.apache.org>,chenpei
Mon Sep 24 22:07:28 2012,http://mail-archives.apache.org/mod_mbox/ctakes-commits/201209.mbox/<20120924220607.0C6BD2388C5D@eris.apache.org>,chenpei
Mon Sep 24 22:07:28 2012,http://mail-archives.apache.org/mod_mbox/ctakes-commits/201209.mbox/<20120924220607.0C6BD2388C5D@eris.apache.org>,chenpei
Mon Sep 24 22:07:28 2012,http://mail-archives.apache.org/mod_mbox/ctakes-commits/201209.mbox/<20120924220607.0C6BD2388C5D@eris.apache.org>,chenpei
Mon Sep 24 22:07:28 2012,http://mail-archives.apache.org/mod_mbox/ctakes-commits/201209.mbox/<20120924220607.0C6BD2388C5D@eris.apache.org>,chenpei
Mon Sep 24 22:07:28 2012,http://mail-archives.apache.org/mod_mbox/ctakes-commits/201209.mbox/<20120924220607.0C6BD2388C5D@eris.apache.org>,chenpei
Mon Sep 24 22:07:28 2012,http://mail-archives.apache.org/mod_mbox/ctakes-commits/201209.mbox/<20120924220607.0C6BD2388C5D@eris.apache.org>,chenpei
Mon Sep 24 22:07:28 2012,http://mail-archives.apache.org/mod_mbox/ctakes-commits/201209.mbox/<20120924220607.0C6BD2388C5D@eris.apache.org>,chenpei
Mon Sep 24 22:07:28 2012,http://mail-archives.apache.org/mod_mbox/ctakes-commits/201209.mbox/<20120924220607.0C6BD2388C5D@eris.apache.org>,chenpei
Mon Sep 24 22:07:28 2012,http://mail-archives.apache.org/mod_mbox/ctakes-commits/201209.mbox/<20120924220607.0C6BD2388C5D@eris.apache.org>,chenpei
Mon Sep 24 22:07:28 2012,http://mail-archives.apache.org/mod_mbox/ctakes-commits/201209.mbox/<20120924220607.0C6BD2388C5D@eris.apache.org>,chenpei
Mon Sep 24 22:07:28 2012,http://mail-archives.apache.org/mod_mbox/ctakes-commits/201209.mbox/<20120924220607.0C6BD2388C5D@eris.apache.org>,chenpei
Mon Sep 24 22:07:28 2012,http://mail-archives.apache.org/mod_mbox/ctakes-commits/201209.mbox/<20120924220607.0C6BD2388C5D@eris.apache.org>,chenpei
Mon Sep 24 22:07:28 2012,http://mail-archives.apache.org/mod_mbox/ctakes-commits/201209.mbox/<20120924220607.0C6BD2388C5D@eris.apache.org>,chenpei
Mon Sep 24 22:07:28 2012,http://mail-archives.apache.org/mod_mbox/ctakes-commits/201209.mbox/<20120924220607.0C6BD2388C5D@eris.apache.org>,chenpei
Mon Sep 24 22:07:28 2012,http://mail-archives.apache.org/mod_mbox/ctakes-commits/201209.mbox/<20120924220607.0C6BD2388C5D@eris.apache.org>,chenpei
Mon Sep 24 22:07:28 2012,http://mail-archives.apache.org/mod_mbox/ctakes-commits/201209.mbox/<20120924220607.0C6BD2388C5D@eris.apache.org>,chenpei
Mon Sep 24 22:07:28 2012,http://mail-archives.apache.org/mod_mbox/ctakes-commits/201209.mbox/<20120924220607.0C6BD2388C5D@eris.apache.org>,chenpei
Mon Sep 24 22:07:28 2012,http://mail-archives.apache.org/mod_mbox/ctakes-commits/201209.mbox/<20120924220607.0C6BD2388C5D@eris.apache.org>,chenpei
Mon Sep 24 22:07:28 2012,http://mail-archives.apache.org/mod_mbox/ctakes-commits/201209.mbox/<20120924220607.0C6BD2388C5D@eris.apache.org>,chenpei
Mon Sep 24 22:07:28 2012,http://mail-archives.apache.org/mod_mbox/ctakes-commits/201209.mbox/<20120924220607.0C6BD2388C5D@eris.apache.org>,chenpei
Mon Sep 24 22:07:28 2012,http://mail-archives.apache.org/mod_mbox/ctakes-commits/201209.mbox/<20120924220607.0C6BD2388C5D@eris.apache.org>,chenpei
Mon Sep 24 22:07:28 2012,http://mail-archives.apache.org/mod_mbox/ctakes-commits/201209.mbox/<20120924220607.0C6BD2388C5D@eris.apache.org>,chenpei
Mon Sep 24 22:07:28 2012,http://mail-archives.apache.org/mod_mbox/ctakes-commits/201209.mbox/<20120924220607.0C6BD2388C5D@eris.apache.org>,chenpei
Mon Sep 24 22:07:28 2012,http://mail-archives.apache.org/mod_mbox/ctakes-commits/201209.mbox/<20120924220607.0C6BD2388C5D@eris.apache.org>,chenpei
Mon Sep 24 22:07:28 2012,http://mail-archives.apache.org/mod_mbox/ctakes-commits/201209.mbox/<20120924220607.0C6BD2388C5D@eris.apache.org>,chenpei
Mon Sep 24 22:07:28 2012,http://mail-archives.apache.org/mod_mbox/ctakes-commits/201209.mbox/<20120924220607.0C6BD2388C5D@eris.apache.org>,chenpei
Mon Sep 24 22:07:28 2012,http://mail-archives.apache.org/mod_mbox/ctakes-commits/201209.mbox/<20120924220607.0C6BD2388C5D@eris.apache.org>,chenpei
Mon Sep 24 22:07:28 2012,http://mail-archives.apache.org/mod_mbox/ctakes-commits/201209.mbox/<20120924220607.0C6BD2388C5D@eris.apache.org>,chenpei
Mon Sep 24 22:07:28 2012,http://mail-archives.apache.org/mod_mbox/ctakes-commits/201209.mbox/<20120924220607.0C6BD2388C5D@eris.apache.org>,chenpei
Mon Sep 24 22:07:28 2012,http://mail-archives.apache.org/mod_mbox/ctakes-commits/201209.mbox/<20120924220607.0C6BD2388C5D@eris.apache.org>,chenpei
Mon Sep 24 22:07:28 2012,http://mail-archives.apache.org/mod_mbox/ctakes-commits/201209.mbox/<20120924220607.0C6BD2388C5D@eris.apache.org>,chenpei
Mon Sep 24 22:07:28 2012,http://mail-archives.apache.org/mod_mbox/ctakes-commits/201209.mbox/<20120924220607.0C6BD2388C5D@eris.apache.org>,chenpei
Mon Sep 24 22:07:28 2012,http://mail-archives.apache.org/mod_mbox/ctakes-commits/201209.mbox/<20120924220607.0C6BD2388C5D@eris.apache.org>,chenpei
Mon Sep 24 22:07:28 2012,http://mail-archives.apache.org/mod_mbox/ctakes-commits/201209.mbox/<20120924220607.0C6BD2388C5D@eris.apache.org>,chenpei
Mon Sep 24 22:07:28 2012,http://mail-archives.apache.org/mod_mbox/ctakes-commits/201209.mbox/<20120924220607.0C6BD2388C5D@eris.apache.org>,chenpei
Mon Sep 24 22:07:28 2012,http://mail-archives.apache.org/mod_mbox/ctakes-commits/201209.mbox/<20120924220607.0C6BD2388C5D@eris.apache.org>,chenpei
Mon Sep 24 22:07:28 2012,http://mail-archives.apache.org/mod_mbox/ctakes-commits/201209.mbox/<20120924220607.0C6BD2388C5D@eris.apache.org>,chenpei
Mon Sep 24 22:07:28 2012,http://mail-archives.apache.org/mod_mbox/ctakes-commits/201209.mbox/<20120924220607.0C6BD2388C5D@eris.apache.org>,chenpei
Mon Sep 24 22:07:28 2012,http://mail-archives.apache.org/mod_mbox/ctakes-commits/201209.mbox/<20120924220607.0C6BD2388C5D@eris.apache.org>,chenpei
Mon Sep 24 22:07:28 2012,http://mail-archives.apache.org/mod_mbox/ctakes-commits/201209.mbox/<20120924220607.0C6BD2388C5D@eris.apache.org>,chenpei
Mon Sep 24 22:07:28 2012,http://mail-archives.apache.org/mod_mbox/ctakes-commits/201209.mbox/<20120924220607.0C6BD2388C5D@eris.apache.org>,chenpei
Mon Sep 24 22:07:28 2012,http://mail-archives.apache.org/mod_mbox/ctakes-commits/201209.mbox/<20120924220607.0C6BD2388C5D@eris.apache.org>,chenpei
Mon Sep 24 22:07:28 2012,http://mail-archives.apache.org/mod_mbox/ctakes-commits/201209.mbox/<20120924220607.0C6BD2388C5D@eris.apache.org>,chenpei
Mon Sep 24 22:07:28 2012,http://mail-archives.apache.org/mod_mbox/ctakes-commits/201209.mbox/<20120924220607.0C6BD2388C5D@eris.apache.org>,chenpei
Mon Sep 24 22:07:28 2012,http://mail-archives.apache.org/mod_mbox/ctakes-commits/201209.mbox/<20120924220607.0C6BD2388C5D@eris.apache.org>,chenpei
Mon Sep 24 22:07:28 2012,http://mail-archives.apache.org/mod_mbox/ctakes-commits/201209.mbox/<20120924220607.0C6BD2388C5D@eris.apache.org>,chenpei
Mon Sep 24 22:07:28 2012,http://mail-archives.apache.org/mod_mbox/ctakes-commits/201209.mbox/<20120924220607.0C6BD2388C5D@eris.apache.org>,chenpei
Mon Sep 24 22:07:28 2012,http://mail-archives.apache.org/mod_mbox/ctakes-commits/201209.mbox/<20120924220607.0C6BD2388C5D@eris.apache.org>,chenpei
Mon Sep 24 22:07:28 2012,http://mail-archives.apache.org/mod_mbox/ctakes-commits/201209.mbox/<20120924220607.0C6BD2388C5D@eris.apache.org>,chenpei
Mon Sep 24 22:07:28 2012,http://mail-archives.apache.org/mod_mbox/ctakes-commits/201209.mbox/<20120924220607.0C6BD2388C5D@eris.apache.org>,chenpei
Mon Sep 24 22:07:28 2012,http://mail-archives.apache.org/mod_mbox/ctakes-commits/201209.mbox/<20120924220607.0C6BD2388C5D@eris.apache.org>,chenpei
Mon Sep 24 22:07:28 2012,http://mail-archives.apache.org/mod_mbox/ctakes-commits/201209.mbox/<20120924220607.0C6BD2388C5D@eris.apache.org>,chenpei
Mon Sep 24 22:07:28 2012,http://mail-archives.apache.org/mod_mbox/ctakes-commits/201209.mbox/<20120924220607.0C6BD2388C5D@eris.apache.org>,chenpei
Mon Sep 24 22:07:28 2012,http://mail-archives.apache.org/mod_mbox/ctakes-commits/201209.mbox/<20120924220607.0C6BD2388C5D@eris.apache.org>,chenpei
Mon Sep 24 22:07:28 2012,http://mail-archives.apache.org/mod_mbox/ctakes-commits/201209.mbox/<20120924220607.0C6BD2388C5D@eris.apache.org>,chenpei
Mon Sep 24 22:07:28 2012,http://mail-archives.apache.org/mod_mbox/ctakes-commits/201209.mbox/<20120924220607.0C6BD2388C5D@eris.apache.org>,chenpei
Mon Sep 24 22:07:28 2012,http://mail-archives.apache.org/mod_mbox/ctakes-commits/201209.mbox/<20120924220607.0C6BD2388C5D@eris.apache.org>,chenpei
Mon Sep 24 22:07:28 2012,http://mail-archives.apache.org/mod_mbox/ctakes-commits/201209.mbox/<20120924220607.0C6BD2388C5D@eris.apache.org>,chenpei
Mon Sep 24 22:07:28 2012,http://mail-archives.apache.org/mod_mbox/ctakes-commits/201209.mbox/<20120924220607.0C6BD2388C5D@eris.apache.org>,chenpei
Mon Sep 24 22:07:28 2012,http://mail-archives.apache.org/mod_mbox/ctakes-commits/201209.mbox/<20120924220607.0C6BD2388C5D@eris.apache.org>,chenpei
Mon Sep 24 22:07:28 2012,http://mail-archives.apache.org/mod_mbox/ctakes-commits/201209.mbox/<20120924220607.0C6BD2388C5D@eris.apache.org>,chenpei
Mon Sep 24 22:07:28 2012,http://mail-archives.apache.org/mod_mbox/ctakes-commits/201209.mbox/<20120924220607.0C6BD2388C5D@eris.apache.org>,chenpei
Mon Sep 24 22:07:28 2012,http://mail-archives.apache.org/mod_mbox/ctakes-commits/201209.mbox/<20120924220607.0C6BD2388C5D@eris.apache.org>,chenpei
Mon Sep 24 22:07:28 2012,http://mail-archives.apache.org/mod_mbox/ctakes-commits/201209.mbox/<20120924220607.0C6BD2388C5D@eris.apache.org>,chenpei
Mon Sep 24 22:07:28 2012,http://mail-archives.apache.org/mod_mbox/ctakes-commits/201209.mbox/<20120924220607.0C6BD2388C5D@eris.apache.org>,chenpei
Mon Sep 24 22:07:28 2012,http://mail-archives.apache.org/mod_mbox/ctakes-commits/201209.mbox/<20120924220607.0C6BD2388C5D@eris.apache.org>,chenpei
Mon Sep 24 22:07:28 2012,http://mail-archives.apache.org/mod_mbox/ctakes-commits/201209.mbox/<20120924220607.0C6BD2388C5D@eris.apache.org>,chenpei
Mon Sep 24 22:07:28 2012,http://mail-archives.apache.org/mod_mbox/ctakes-commits/201209.mbox/<20120924220607.0C6BD2388C5D@eris.apache.org>,chenpei
Mon Sep 24 22:07:28 2012,http://mail-archives.apache.org/mod_mbox/ctakes-commits/201209.mbox/<20120924220607.0C6BD2388C5D@eris.apache.org>,chenpei
Mon Sep 24 22:07:28 2012,http://mail-archives.apache.org/mod_mbox/ctakes-commits/201209.mbox/<20120924220607.0C6BD2388C5D@eris.apache.org>,chenpei
Mon Sep 24 22:07:28 2012,http://mail-archives.apache.org/mod_mbox/ctakes-commits/201209.mbox/<20120924220607.0C6BD2388C5D@eris.apache.org>,chenpei
Mon Sep 24 22:07:28 2012,http://mail-archives.apache.org/mod_mbox/ctakes-commits/201209.mbox/<20120924220607.0C6BD2388C5D@eris.apache.org>,chenpei
Mon Sep 24 22:07:28 2012,http://mail-archives.apache.org/mod_mbox/ctakes-commits/201209.mbox/<20120924220607.0C6BD2388C5D@eris.apache.org>,chenpei
Mon Sep 24 22:07:28 2012,http://mail-archives.apache.org/mod_mbox/ctakes-commits/201209.mbox/<20120924220607.0C6BD2388C5D@eris.apache.org>,chenpei
Mon Sep 24 22:07:28 2012,http://mail-archives.apache.org/mod_mbox/ctakes-commits/201209.mbox/<20120924220607.0C6BD2388C5D@eris.apache.org>,chenpei
Mon Sep 24 22:07:28 2012,http://mail-archives.apache.org/mod_mbox/ctakes-commits/201209.mbox/<20120924220607.0C6BD2388C5D@eris.apache.org>,chenpei
Mon Sep 24 22:07:28 2012,http://mail-archives.apache.org/mod_mbox/ctakes-commits/201209.mbox/<20120924220607.0C6BD2388C5D@eris.apache.org>,chenpei
Mon Sep 24 22:07:28 2012,http://mail-archives.apache.org/mod_mbox/ctakes-commits/201209.mbox/<20120924220607.0C6BD2388C5D@eris.apache.org>,chenpei
Mon Sep 24 22:07:28 2012,http://mail-archives.apache.org/mod_mbox/ctakes-commits/201209.mbox/<20120924220607.0C6BD2388C5D@eris.apache.org>,chenpei
Mon Sep 24 22:07:28 2012,http://mail-archives.apache.org/mod_mbox/ctakes-commits/201209.mbox/<20120924220607.0C6BD2388C5D@eris.apache.org>,chenpei
Mon Sep 24 22:07:28 2012,http://mail-archives.apache.org/mod_mbox/ctakes-commits/201209.mbox/<20120924220607.0C6BD2388C5D@eris.apache.org>,chenpei
Mon Sep 24 22:07:28 2012,http://mail-archives.apache.org/mod_mbox/ctakes-commits/201209.mbox/<20120924220607.0C6BD2388C5D@eris.apache.org>,chenpei
Mon Sep 24 22:07:28 2012,http://mail-archives.apache.org/mod_mbox/ctakes-commits/201209.mbox/<20120924220607.0C6BD2388C5D@eris.apache.org>,chenpei
Mon Sep 24 22:07:28 2012,http://mail-archives.apache.org/mod_mbox/ctakes-commits/201209.mbox/<20120924220607.16DEB2388C65@eris.apache.org>,chenpei
Mon Sep 24 22:07:28 2012,http://mail-archives.apache.org/mod_mbox/ctakes-commits/201209.mbox/<20120924220607.0C6BD2388C5D@eris.apache.org>,chenpei
Mon Sep 24 22:07:28 2012,http://mail-archives.apache.org/mod_mbox/ctakes-commits/201209.mbox/<20120924220607.0C6BD2388C5D@eris.apache.org>,chenpei
Mon Sep 24 22:07:28 2012,http://mail-archives.apache.org/mod_mbox/ctakes-commits/201209.mbox/<20120924220607.0C6BD2388C5D@eris.apache.org>,chenpei
Mon Sep 24 22:07:28 2012,http://mail-archives.apache.org/mod_mbox/ctakes-commits/201209.mbox/<20120924220607.0C6BD2388C5D@eris.apache.org>,chenpei
Mon Sep 24 22:07:28 2012,http://mail-archives.apache.org/mod_mbox/ctakes-commits/201209.mbox/<20120924220607.0C6BD2388C5D@eris.apache.org>,chenpei
Mon Sep 24 22:07:28 2012,http://mail-archives.apache.org/mod_mbox/ctakes-commits/201209.mbox/<20120924220607.0C6BD2388C5D@eris.apache.org>,chenpei
Mon Sep 24 22:07:28 2012,http://mail-archives.apache.org/mod_mbox/ctakes-commits/201209.mbox/<20120924220607.0C6BD2388C5D@eris.apache.org>,chenpei
Mon Sep 24 22:07:28 2012,http://mail-archives.apache.org/mod_mbox/ctakes-commits/201209.mbox/<20120924220607.0C6BD2388C5D@eris.apache.org>,chenpei
Mon Sep 24 22:07:28 2012,http://mail-archives.apache.org/mod_mbox/ctakes-commits/201209.mbox/<20120924220607.0C6BD2388C5D@eris.apache.org>,chenpei
Mon Sep 24 22:07:28 2012,http://mail-archives.apache.org/mod_mbox/ctakes-commits/201209.mbox/<20120924220607.0C6BD2388C5D@eris.apache.org>,chenpei
Mon Sep 24 22:07:28 2012,http://mail-archives.apache.org/mod_mbox/ctakes-commits/201209.mbox/<20120924220607.0C6BD2388C5D@eris.apache.org>,chenpei
Mon Sep 24 22:07:28 2012,http://mail-archives.apache.org/mod_mbox/ctakes-commits/201209.mbox/<20120924220607.0C6BD2388C5D@eris.apache.org>,chenpei
Mon Sep 24 22:07:28 2012,http://mail-archives.apache.org/mod_mbox/ctakes-commits/201209.mbox/<20120924220607.0C6BD2388C5D@eris.apache.org>,chenpei
Mon Sep 24 22:07:28 2012,http://mail-archives.apache.org/mod_mbox/ctakes-commits/201209.mbox/<20120924220607.0C6BD2388C5D@eris.apache.org>,chenpei
Mon Sep 24 22:07:28 2012,http://mail-archives.apache.org/mod_mbox/ctakes-commits/201209.mbox/<20120924220607.0C6BD2388C5D@eris.apache.org>,chenpei
Mon Sep 24 22:07:28 2012,http://mail-archives.apache.org/mod_mbox/ctakes-commits/201209.mbox/<20120924220607.0C6BD2388C5D@eris.apache.org>,chenpei
Mon Sep 24 22:07:28 2012,http://mail-archives.apache.org/mod_mbox/ctakes-commits/201209.mbox/<20120924220607.0C6BD2388C5D@eris.apache.org>,chenpei
Mon Sep 24 22:07:28 2012,http://mail-archives.apache.org/mod_mbox/ctakes-commits/201209.mbox/<20120924220607.0C6BD2388C5D@eris.apache.org>,chenpei
Mon Sep 24 22:07:28 2012,http://mail-archives.apache.org/mod_mbox/ctakes-commits/201209.mbox/<20120924220607.0C6BD2388C5D@eris.apache.org>,chenpei
Mon Sep 24 22:07:28 2012,http://mail-archives.apache.org/mod_mbox/ctakes-commits/201209.mbox/<20120924220607.0C6BD2388C5D@eris.apache.org>,chenpei
Mon Sep 24 22:07:28 2012,http://mail-archives.apache.org/mod_mbox/ctakes-commits/201209.mbox/<20120924220607.0C6BD2388C5D@eris.apache.org>,chenpei
Mon Sep 24 22:07:28 2012,http://mail-archives.apache.org/mod_mbox/ctakes-commits/201209.mbox/<20120924220607.0C6BD2388C5D@eris.apache.org>,chenpei
Mon Sep 24 22:07:28 2012,http://mail-archives.apache.org/mod_mbox/ctakes-commits/201209.mbox/<20120924220607.0C6BD2388C5D@eris.apache.org>,chenpei
Mon Sep 24 22:07:28 2012,http://mail-archives.apache.org/mod_mbox/ctakes-commits/201209.mbox/<20120924220607.0C6BD2388C5D@eris.apache.org>,chenpei
Mon Sep 24 22:07:28 2012,http://mail-archives.apache.org/mod_mbox/ctakes-commits/201209.mbox/<20120924220607.0C6BD2388C5D@eris.apache.org>,chenpei
Mon Sep 24 22:07:28 2012,http://mail-archives.apache.org/mod_mbox/ctakes-commits/201209.mbox/<20120924220607.0C6BD2388C5D@eris.apache.org>,chenpei
Mon Sep 24 22:07:28 2012,http://mail-archives.apache.org/mod_mbox/ctakes-commits/201209.mbox/<20120924220607.0C6BD2388C5D@eris.apache.org>,chenpei
Mon Sep 24 22:07:28 2012,http://mail-archives.apache.org/mod_mbox/ctakes-commits/201209.mbox/<20120924220607.0C6BD2388C5D@eris.apache.org>,chenpei
Mon Sep 24 22:07:28 2012,http://mail-archives.apache.org/mod_mbox/ctakes-commits/201209.mbox/<20120924220607.0C6BD2388C5D@eris.apache.org>,chenpei
Mon Sep 24 22:07:28 2012,http://mail-archives.apache.org/mod_mbox/ctakes-commits/201209.mbox/<20120924220607.0C6BD2388C5D@eris.apache.org>,chenpei
Mon Sep 24 22:07:28 2012,http://mail-archives.apache.org/mod_mbox/ctakes-commits/201209.mbox/<20120924220607.0C6BD2388C5D@eris.apache.org>,chenpei
Mon Sep 24 22:07:28 2012,http://mail-archives.apache.org/mod_mbox/ctakes-commits/201209.mbox/<20120924220607.0C6BD2388C5D@eris.apache.org>,chenpei
Mon Sep 24 22:07:28 2012,http://mail-archives.apache.org/mod_mbox/ctakes-commits/201209.mbox/<20120924220607.0C6BD2388C5D@eris.apache.org>,chenpei
Mon Sep 24 22:07:28 2012,http://mail-archives.apache.org/mod_mbox/ctakes-commits/201209.mbox/<20120924220607.0C6BD2388C5D@eris.apache.org>,chenpei
Mon Sep 24 22:07:28 2012,http://mail-archives.apache.org/mod_mbox/ctakes-commits/201209.mbox/<20120924220607.0C6BD2388C5D@eris.apache.org>,chenpei
Mon Sep 24 22:07:28 2012,http://mail-archives.apache.org/mod_mbox/ctakes-commits/201209.mbox/<20120924220607.0C6BD2388C5D@eris.apache.org>,chenpei
Mon Sep 24 22:07:28 2012,http://mail-archives.apache.org/mod_mbox/ctakes-commits/201209.mbox/<20120924220607.0C6BD2388C5D@eris.apache.org>,chenpei
Mon Sep 24 22:07:28 2012,http://mail-archives.apache.org/mod_mbox/ctakes-commits/201209.mbox/<20120924220607.0C6BD2388C5D@eris.apache.org>,chenpei
Mon Sep 24 22:07:28 2012,http://mail-archives.apache.org/mod_mbox/ctakes-commits/201209.mbox/<20120924220607.0C6BD2388C5D@eris.apache.org>,chenpei
Mon Sep 24 22:07:28 2012,http://mail-archives.apache.org/mod_mbox/ctakes-commits/201209.mbox/<20120924220607.0C6BD2388C5D@eris.apache.org>,chenpei
Mon Sep 24 22:07:28 2012,http://mail-archives.apache.org/mod_mbox/ctakes-commits/201209.mbox/<20120924220607.0C6BD2388C5D@eris.apache.org>,chenpei
Mon Sep 24 22:07:28 2012,http://mail-archives.apache.org/mod_mbox/ctakes-commits/201209.mbox/<20120924220607.0C6BD2388C5D@eris.apache.org>,chenpei
Mon Sep 24 22:07:28 2012,http://mail-archives.apache.org/mod_mbox/ctakes-commits/201209.mbox/<20120924220607.0C6BD2388C5D@eris.apache.org>,chenpei
Mon Sep 24 22:07:28 2012,http://mail-archives.apache.org/mod_mbox/ctakes-commits/201209.mbox/<20120924220607.0C6BD2388C5D@eris.apache.org>,chenpei
Mon Sep 24 22:07:28 2012,http://mail-archives.apache.org/mod_mbox/ctakes-commits/201209.mbox/<20120924220607.0C6BD2388C5D@eris.apache.org>,chenpei
Mon Sep 24 22:07:28 2012,http://mail-archives.apache.org/mod_mbox/ctakes-commits/201209.mbox/<20120924220607.0C6BD2388C5D@eris.apache.org>,chenpei
Mon Sep 24 22:07:28 2012,http://mail-archives.apache.org/mod_mbox/ctakes-commits/201209.mbox/<20120924220607.0C6BD2388C5D@eris.apache.org>,chenpei
Mon Sep 24 22:07:28 2012,http://mail-archives.apache.org/mod_mbox/ctakes-commits/201209.mbox/<20120924220607.0C6BD2388C5D@eris.apache.org>,chenpei
Mon Sep 24 22:07:28 2012,http://mail-archives.apache.org/mod_mbox/ctakes-commits/201209.mbox/<20120924220607.0C6BD2388C5D@eris.apache.org>,chenpei
Mon Sep 24 22:07:28 2012,http://mail-archives.apache.org/mod_mbox/ctakes-commits/201209.mbox/<20120924220607.0C6BD2388C5D@eris.apache.org>,chenpei
Mon Sep 24 22:07:28 2012,http://mail-archives.apache.org/mod_mbox/ctakes-commits/201209.mbox/<20120924220607.0C6BD2388C5D@eris.apache.org>,chenpei
Mon Sep 24 22:07:28 2012,http://mail-archives.apache.org/mod_mbox/ctakes-commits/201209.mbox/<20120924220607.0C6BD2388C5D@eris.apache.org>,chenpei
Mon Sep 24 22:07:28 2012,http://mail-archives.apache.org/mod_mbox/ctakes-commits/201209.mbox/<20120924220607.0C6BD2388C5D@eris.apache.org>,chenpei
Mon Sep 24 22:07:28 2012,http://mail-archives.apache.org/mod_mbox/ctakes-commits/201209.mbox/<20120924220607.0C6BD2388C5D@eris.apache.org>,chenpei
Mon Sep 24 22:07:28 2012,http://mail-archives.apache.org/mod_mbox/ctakes-commits/201209.mbox/<20120924220607.0C6BD2388C5D@eris.apache.org>,chenpei
Mon Sep 24 22:07:28 2012,http://mail-archives.apache.org/mod_mbox/ctakes-commits/201209.mbox/<20120924220607.0C6BD2388C5D@eris.apache.org>,chenpei
Mon Sep 24 22:07:28 2012,http://mail-archives.apache.org/mod_mbox/ctakes-commits/201209.mbox/<20120924220607.0C6BD2388C5D@eris.apache.org>,chenpei
Mon Sep 24 22:07:28 2012,http://mail-archives.apache.org/mod_mbox/ctakes-commits/201209.mbox/<20120924220607.0C6BD2388C5D@eris.apache.org>,chenpei
Mon Sep 24 22:07:28 2012,http://mail-archives.apache.org/mod_mbox/ctakes-commits/201209.mbox/<20120924220607.0C6BD2388C5D@eris.apache.org>,chenpei
Mon Sep 24 22:07:28 2012,http://mail-archives.apache.org/mod_mbox/ctakes-commits/201209.mbox/<20120924220607.0C6BD2388C5D@eris.apache.org>,chenpei
Mon Sep 24 22:07:28 2012,http://mail-archives.apache.org/mod_mbox/ctakes-commits/201209.mbox/<20120924220607.0C6BD2388C5D@eris.apache.org>,chenpei
Mon Sep 24 22:07:28 2012,http://mail-archives.apache.org/mod_mbox/ctakes-commits/201209.mbox/<20120924220607.0C6BD2388C5D@eris.apache.org>,chenpei
Mon Sep 24 22:07:28 2012,http://mail-archives.apache.org/mod_mbox/ctakes-commits/201209.mbox/<20120924220607.0C6BD2388C5D@eris.apache.org>,chenpei
Mon Sep 24 22:07:28 2012,http://mail-archives.apache.org/mod_mbox/ctakes-commits/201209.mbox/<20120924220607.0C6BD2388C5D@eris.apache.org>,chenpei
Mon Sep 24 22:07:28 2012,http://mail-archives.apache.org/mod_mbox/ctakes-commits/201209.mbox/<20120924220607.0C6BD2388C5D@eris.apache.org>,chenpei
Mon Sep 24 22:07:28 2012,http://mail-archives.apache.org/mod_mbox/ctakes-commits/201209.mbox/<20120924220607.0C6BD2388C5D@eris.apache.org>,chenpei
Mon Sep 24 22:07:28 2012,http://mail-archives.apache.org/mod_mbox/ctakes-commits/201209.mbox/<20120924220607.0C6BD2388C5D@eris.apache.org>,chenpei
Mon Sep 24 22:07:28 2012,http://mail-archives.apache.org/mod_mbox/ctakes-commits/201209.mbox/<20120924220607.0C6BD2388C5D@eris.apache.org>,chenpei
Mon Sep 24 22:07:28 2012,http://mail-archives.apache.org/mod_mbox/ctakes-commits/201209.mbox/<20120924220607.0C6BD2388C5D@eris.apache.org>,chenpei
Mon Sep 24 22:07:28 2012,http://mail-archives.apache.org/mod_mbox/ctakes-commits/201209.mbox/<20120924220607.0C6BD2388C5D@eris.apache.org>,chenpei
Mon Sep 24 22:07:28 2012,http://mail-archives.apache.org/mod_mbox/ctakes-commits/201209.mbox/<20120924220607.0C6BD2388C5D@eris.apache.org>,chenpei
Mon Sep 24 22:07:28 2012,http://mail-archives.apache.org/mod_mbox/ctakes-commits/201209.mbox/<20120924220607.0C6BD2388C5D@eris.apache.org>,chenpei
Mon Sep 24 22:07:28 2012,http://mail-archives.apache.org/mod_mbox/ctakes-commits/201209.mbox/<20120924220607.0C6BD2388C5D@eris.apache.org>,chenpei
Mon Sep 24 22:07:28 2012,http://mail-archives.apache.org/mod_mbox/ctakes-commits/201209.mbox/<20120924220607.0C6BD2388C5D@eris.apache.org>,chenpei
Mon Sep 24 22:07:28 2012,http://mail-archives.apache.org/mod_mbox/ctakes-commits/201209.mbox/<20120924220607.0C6BD2388C5D@eris.apache.org>,chenpei
Mon Sep 24 22:07:28 2012,http://mail-archives.apache.org/mod_mbox/ctakes-commits/201209.mbox/<20120924220607.0C6BD2388C5D@eris.apache.org>,chenpei
Mon Sep 24 22:07:28 2012,http://mail-archives.apache.org/mod_mbox/ctakes-commits/201209.mbox/<20120924220607.0C6BD2388C5D@eris.apache.org>,chenpei
Mon Sep 24 22:07:28 2012,http://mail-archives.apache.org/mod_mbox/ctakes-commits/201209.mbox/<20120924220607.0C6BD2388C5D@eris.apache.org>,chenpei
Mon Sep 24 22:07:28 2012,http://mail-archives.apache.org/mod_mbox/ctakes-commits/201209.mbox/<20120924220607.0C6BD2388C5D@eris.apache.org>,chenpei
Mon Sep 24 22:07:28 2012,http://mail-archives.apache.org/mod_mbox/ctakes-commits/201209.mbox/<20120924220607.0C6BD2388C5D@eris.apache.org>,chenpei
Mon Sep 24 22:07:28 2012,http://mail-archives.apache.org/mod_mbox/ctakes-commits/201209.mbox/<20120924220607.0C6BD2388C5D@eris.apache.org>,chenpei
Mon Sep 24 22:07:28 2012,http://mail-archives.apache.org/mod_mbox/ctakes-commits/201209.mbox/<20120924220607.0C6BD2388C5D@eris.apache.org>,chenpei
Mon Sep 24 22:07:28 2012,http://mail-archives.apache.org/mod_mbox/ctakes-commits/201209.mbox/<20120924220607.0C6BD2388C5D@eris.apache.org>,chenpei
Mon Sep 24 22:07:28 2012,http://mail-archives.apache.org/mod_mbox/ctakes-commits/201209.mbox/<20120924220607.0C6BD2388C5D@eris.apache.org>,chenpei
Mon Sep 24 22:07:28 2012,http://mail-archives.apache.org/mod_mbox/ctakes-commits/201209.mbox/<20120924220607.0C6BD2388C5D@eris.apache.org>,chenpei
Mon Sep 24 22:07:28 2012,http://mail-archives.apache.org/mod_mbox/ctakes-commits/201209.mbox/<20120924220607.0C6BD2388C5D@eris.apache.org>,chenpei
Mon Sep 24 22:07:28 2012,http://mail-archives.apache.org/mod_mbox/ctakes-commits/201209.mbox/<20120924220607.0C6BD2388C5D@eris.apache.org>,chenpei
Mon Sep 24 22:07:28 2012,http://mail-archives.apache.org/mod_mbox/ctakes-commits/201209.mbox/<20120924220607.0C6BD2388C5D@eris.apache.org>,chenpei
Mon Sep 24 22:07:28 2012,http://mail-archives.apache.org/mod_mbox/ctakes-commits/201209.mbox/<20120924220607.0C6BD2388C5D@eris.apache.org>,chenpei
Mon Sep 24 22:07:28 2012,http://mail-archives.apache.org/mod_mbox/ctakes-commits/201209.mbox/<20120924220607.0C6BD2388C5D@eris.apache.org>,chenpei
Mon Sep 24 22:07:28 2012,http://mail-archives.apache.org/mod_mbox/ctakes-commits/201209.mbox/<20120924220607.0C6BD2388C5D@eris.apache.org>,chenpei
Mon Sep 24 22:07:28 2012,http://mail-archives.apache.org/mod_mbox/ctakes-commits/201209.mbox/<20120924220607.0C6BD2388C5D@eris.apache.org>,chenpei
Mon Sep 24 22:07:28 2012,http://mail-archives.apache.org/mod_mbox/ctakes-commits/201209.mbox/<20120924220607.0C6BD2388C5D@eris.apache.org>,chenpei
Mon Sep 24 22:07:28 2012,http://mail-archives.apache.org/mod_mbox/ctakes-commits/201209.mbox/<20120924220607.0C6BD2388C5D@eris.apache.org>,chenpei
Mon Sep 24 22:07:28 2012,http://mail-archives.apache.org/mod_mbox/ctakes-commits/201209.mbox/<20120924220607.0C6BD2388C5D@eris.apache.org>,chenpei
Mon Sep 24 22:07:28 2012,http://mail-archives.apache.org/mod_mbox/ctakes-commits/201209.mbox/<20120924220607.0C6BD2388C5D@eris.apache.org>,chenpei
Mon Sep 24 22:07:28 2012,http://mail-archives.apache.org/mod_mbox/ctakes-commits/201209.mbox/<20120924220607.0C6BD2388C5D@eris.apache.org>,chenpei
Mon Sep 24 22:07:28 2012,http://mail-archives.apache.org/mod_mbox/ctakes-commits/201209.mbox/<20120924220607.0C6BD2388C5D@eris.apache.org>,chenpei
Mon Sep 24 22:07:28 2012,http://mail-archives.apache.org/mod_mbox/ctakes-commits/201209.mbox/<20120924220607.0C6BD2388C5D@eris.apache.org>,chenpei
Mon Sep 24 22:07:28 2012,http://mail-archives.apache.org/mod_mbox/ctakes-commits/201209.mbox/<20120924220607.0C6BD2388C5D@eris.apache.org>,chenpei
Mon Sep 24 22:07:28 2012,http://mail-archives.apache.org/mod_mbox/ctakes-commits/201209.mbox/<20120924220607.0C6BD2388C5D@eris.apache.org>,chenpei
Mon Sep 24 22:07:28 2012,http://mail-archives.apache.org/mod_mbox/ctakes-commits/201209.mbox/<20120924220607.0C6BD2388C5D@eris.apache.org>,chenpei
Mon Sep 24 22:07:28 2012,http://mail-archives.apache.org/mod_mbox/ctakes-commits/201209.mbox/<20120924220607.0C6BD2388C5D@eris.apache.org>,chenpei
Mon Sep 24 22:07:28 2012,http://mail-archives.apache.org/mod_mbox/ctakes-commits/201209.mbox/<20120924220607.0C6BD2388C5D@eris.apache.org>,chenpei
Mon Sep 24 22:07:28 2012,http://mail-archives.apache.org/mod_mbox/ctakes-commits/201209.mbox/<20120924220607.0C6BD2388C5D@eris.apache.org>,chenpei
Mon Sep 24 22:07:28 2012,http://mail-archives.apache.org/mod_mbox/ctakes-commits/201209.mbox/<20120924220607.0C6BD2388C5D@eris.apache.org>,chenpei
Mon Sep 24 22:07:28 2012,http://mail-archives.apache.org/mod_mbox/ctakes-commits/201209.mbox/<20120924220607.0C6BD2388C5D@eris.apache.org>,chenpei
Mon Sep 24 22:07:28 2012,http://mail-archives.apache.org/mod_mbox/ctakes-commits/201209.mbox/<20120924220607.0C6BD2388C5D@eris.apache.org>,chenpei
Mon Sep 24 22:07:28 2012,http://mail-archives.apache.org/mod_mbox/ctakes-commits/201209.mbox/<20120924220607.0C6BD2388C5D@eris.apache.org>,chenpei
Mon Sep 24 22:07:28 2012,http://mail-archives.apache.org/mod_mbox/ctakes-commits/201209.mbox/<20120924220607.0C6BD2388C5D@eris.apache.org>,chenpei
Mon Sep 24 22:07:28 2012,http://mail-archives.apache.org/mod_mbox/ctakes-commits/201209.mbox/<20120924220607.0C6BD2388C5D@eris.apache.org>,chenpei
Mon Sep 24 22:07:28 2012,http://mail-archives.apache.org/mod_mbox/ctakes-commits/201209.mbox/<20120924220607.0C6BD2388C5D@eris.apache.org>,chenpei
Mon Sep 24 22:07:28 2012,http://mail-archives.apache.org/mod_mbox/ctakes-commits/201209.mbox/<20120924220607.0C6BD2388C5D@eris.apache.org>,chenpei
Mon Sep 24 22:07:28 2012,http://mail-archives.apache.org/mod_mbox/ctakes-commits/201209.mbox/<20120924220607.0C6BD2388C5D@eris.apache.org>,chenpei
Mon Sep 24 22:07:28 2012,http://mail-archives.apache.org/mod_mbox/ctakes-commits/201209.mbox/<20120924220607.0C6BD2388C5D@eris.apache.org>,chenpei
Mon Sep 24 22:07:28 2012,http://mail-archives.apache.org/mod_mbox/ctakes-commits/201209.mbox/<20120924220607.0C6BD2388C5D@eris.apache.org>,chenpei
Mon Sep 24 22:07:28 2012,http://mail-archives.apache.org/mod_mbox/ctakes-commits/201209.mbox/<20120924220607.0C6BD2388C5D@eris.apache.org>,chenpei
Mon Sep 24 22:07:28 2012,http://mail-archives.apache.org/mod_mbox/ctakes-commits/201209.mbox/<20120924220607.0C6BD2388C5D@eris.apache.org>,chenpei
Mon Sep 24 22:07:28 2012,http://mail-archives.apache.org/mod_mbox/ctakes-commits/201209.mbox/<20120924220607.0C6BD2388C5D@eris.apache.org>,chenpei
Mon Sep 24 22:07:28 2012,http://mail-archives.apache.org/mod_mbox/ctakes-commits/201209.mbox/<20120924220607.0C6BD2388C5D@eris.apache.org>,chenpei
Mon Sep 24 22:07:28 2012,http://mail-archives.apache.org/mod_mbox/ctakes-commits/201209.mbox/<20120924220607.0C6BD2388C5D@eris.apache.org>,chenpei
Mon Sep 24 22:07:28 2012,http://mail-archives.apache.org/mod_mbox/ctakes-commits/201209.mbox/<20120924220607.0C6BD2388C5D@eris.apache.org>,chenpei
Mon Sep 24 22:07:28 2012,http://mail-archives.apache.org/mod_mbox/ctakes-commits/201209.mbox/<20120924220607.0C6BD2388C5D@eris.apache.org>,chenpei
Mon Sep 24 22:07:28 2012,http://mail-archives.apache.org/mod_mbox/ctakes-commits/201209.mbox/<20120924220607.0C6BD2388C5D@eris.apache.org>,chenpei
Mon Sep 24 22:07:28 2012,http://mail-archives.apache.org/mod_mbox/ctakes-commits/201209.mbox/<20120924220607.0C6BD2388C5D@eris.apache.org>,chenpei
Mon Sep 24 22:07:28 2012,http://mail-archives.apache.org/mod_mbox/ctakes-commits/201209.mbox/<20120924220607.0C6BD2388C5D@eris.apache.org>,chenpei
Mon Sep 24 22:07:28 2012,http://mail-archives.apache.org/mod_mbox/ctakes-commits/201209.mbox/<20120924220607.0C6BD2388C5D@eris.apache.org>,chenpei
Mon Sep 24 22:07:28 2012,http://mail-archives.apache.org/mod_mbox/ctakes-commits/201209.mbox/<20120924220607.0C6BD2388C5D@eris.apache.org>,chenpei
Mon Sep 24 22:07:28 2012,http://mail-archives.apache.org/mod_mbox/ctakes-commits/201209.mbox/<20120924220607.0C6BD2388C5D@eris.apache.org>,chenpei
Mon Sep 24 22:07:28 2012,http://mail-archives.apache.org/mod_mbox/ctakes-commits/201209.mbox/<20120924220607.0C6BD2388C5D@eris.apache.org>,chenpei
Mon Sep 24 22:07:28 2012,http://mail-archives.apache.org/mod_mbox/ctakes-commits/201209.mbox/<20120924220607.0C6BD2388C5D@eris.apache.org>,chenpei
Mon Sep 24 22:07:28 2012,http://mail-archives.apache.org/mod_mbox/ctakes-commits/201209.mbox/<20120924220607.0C6BD2388C5D@eris.apache.org>,chenpei
Mon Sep 24 22:07:28 2012,http://mail-archives.apache.org/mod_mbox/ctakes-commits/201209.mbox/<20120924220607.0C6BD2388C5D@eris.apache.org>,chenpei
Mon Sep 24 22:07:28 2012,http://mail-archives.apache.org/mod_mbox/ctakes-commits/201209.mbox/<20120924220607.0C6BD2388C5D@eris.apache.org>,chenpei
Mon Sep 24 22:07:28 2012,http://mail-archives.apache.org/mod_mbox/ctakes-commits/201209.mbox/<20120924220607.0C6BD2388C5D@eris.apache.org>,chenpei
Mon Sep 24 22:07:28 2012,http://mail-archives.apache.org/mod_mbox/ctakes-commits/201209.mbox/<20120924220607.0C6BD2388C5D@eris.apache.org>,chenpei
Mon Sep 24 22:07:28 2012,http://mail-archives.apache.org/mod_mbox/ctakes-commits/201209.mbox/<20120924220607.0C6BD2388C5D@eris.apache.org>,chenpei
Mon Sep 24 22:07:28 2012,http://mail-archives.apache.org/mod_mbox/ctakes-commits/201209.mbox/<20120924220607.0C6BD2388C5D@eris.apache.org>,chenpei
Mon Sep 24 22:07:28 2012,http://mail-archives.apache.org/mod_mbox/ctakes-commits/201209.mbox/<20120924220607.0C6BD2388C5D@eris.apache.org>,chenpei
Mon Sep 24 22:07:28 2012,http://mail-archives.apache.org/mod_mbox/ctakes-commits/201209.mbox/<20120924220607.0C6BD2388C5D@eris.apache.org>,chenpei
Mon Sep 24 22:07:28 2012,http://mail-archives.apache.org/mod_mbox/ctakes-commits/201209.mbox/<20120924220607.0C6BD2388C5D@eris.apache.org>,chenpei
Mon Sep 24 22:07:28 2012,http://mail-archives.apache.org/mod_mbox/ctakes-commits/201209.mbox/<20120924220607.0C6BD2388C5D@eris.apache.org>,chenpei
Mon Sep 24 22:07:28 2012,http://mail-archives.apache.org/mod_mbox/ctakes-commits/201209.mbox/<20120924220607.0C6BD2388C5D@eris.apache.org>,chenpei
Mon Sep 24 22:07:28 2012,http://mail-archives.apache.org/mod_mbox/ctakes-commits/201209.mbox/<20120924220607.0C6BD2388C5D@eris.apache.org>,chenpei
Mon Sep 24 22:07:28 2012,http://mail-archives.apache.org/mod_mbox/ctakes-commits/201209.mbox/<20120924220607.0C6BD2388C5D@eris.apache.org>,chenpei
Mon Sep 24 22:07:28 2012,http://mail-archives.apache.org/mod_mbox/ctakes-commits/201209.mbox/<20120924220607.0C6BD2388C5D@eris.apache.org>,chenpei
Mon Sep 24 22:07:28 2012,http://mail-archives.apache.org/mod_mbox/ctakes-commits/201209.mbox/<20120924220607.0C6BD2388C5D@eris.apache.org>,chenpei
Mon Sep 24 22:07:28 2012,http://mail-archives.apache.org/mod_mbox/ctakes-commits/201209.mbox/<20120924220607.0C6BD2388C5D@eris.apache.org>,chenpei
Mon Sep 24 22:07:28 2012,http://mail-archives.apache.org/mod_mbox/ctakes-commits/201209.mbox/<20120924220607.0C6BD2388C5D@eris.apache.org>,chenpei
Mon Sep 24 22:07:28 2012,http://mail-archives.apache.org/mod_mbox/ctakes-commits/201209.mbox/<20120924220607.0C6BD2388C5D@eris.apache.org>,chenpei
Mon Sep 24 22:07:28 2012,http://mail-archives.apache.org/mod_mbox/ctakes-commits/201209.mbox/<20120924220607.0C6BD2388C5D@eris.apache.org>,chenpei
Mon Sep 24 22:07:28 2012,http://mail-archives.apache.org/mod_mbox/ctakes-commits/201209.mbox/<20120924220607.0C6BD2388C5D@eris.apache.org>,chenpei
Mon Sep 24 22:07:28 2012,http://mail-archives.apache.org/mod_mbox/ctakes-commits/201209.mbox/<20120924220607.0C6BD2388C5D@eris.apache.org>,chenpei
Mon Sep 24 22:07:28 2012,http://mail-archives.apache.org/mod_mbox/ctakes-commits/201209.mbox/<20120924220607.0C6BD2388C5D@eris.apache.org>,chenpei
Mon Sep 24 22:07:28 2012,http://mail-archives.apache.org/mod_mbox/ctakes-commits/201209.mbox/<20120924220607.0C6BD2388C5D@eris.apache.org>,chenpei
Mon Sep 24 22:07:28 2012,http://mail-archives.apache.org/mod_mbox/ctakes-commits/201209.mbox/<20120924220607.0C6BD2388C5D@eris.apache.org>,chenpei
Mon Sep 24 22:07:28 2012,http://mail-archives.apache.org/mod_mbox/ctakes-commits/201209.mbox/<20120924220607.0C6BD2388C5D@eris.apache.org>,chenpei
Mon Sep 24 22:07:28 2012,http://mail-archives.apache.org/mod_mbox/ctakes-commits/201209.mbox/<20120924220607.11B4A2388C63@eris.apache.org>,chenpei
Mon Sep 24 22:07:28 2012,http://mail-archives.apache.org/mod_mbox/ctakes-commits/201209.mbox/<20120924220607.0C6BD2388C5D@eris.apache.org>,chenpei
Mon Sep 24 22:07:28 2012,http://mail-archives.apache.org/mod_mbox/ctakes-commits/201209.mbox/<20120924220607.0C6BD2388C5D@eris.apache.org>,chenpei
Mon Sep 24 22:07:28 2012,http://mail-archives.apache.org/mod_mbox/ctakes-commits/201209.mbox/<20120924220607.11B4A2388C63@eris.apache.org>,chenpei
Mon Sep 24 22:07:28 2012,http://mail-archives.apache.org/mod_mbox/ctakes-commits/201209.mbox/<20120924220607.11B4A2388C63@eris.apache.org>,chenpei
Mon Sep 24 22:07:28 2012,http://mail-archives.apache.org/mod_mbox/ctakes-commits/201209.mbox/<20120924220607.11B4A2388C63@eris.apache.org>,chenpei
Mon Sep 24 22:07:28 2012,http://mail-archives.apache.org/mod_mbox/ctakes-commits/201209.mbox/<20120924220607.11B4A2388C63@eris.apache.org>,chenpei
Mon Sep 24 22:07:28 2012,http://mail-archives.apache.org/mod_mbox/ctakes-commits/201209.mbox/<20120924220607.11B4A2388C63@eris.apache.org>,chenpei
Mon Sep 24 22:07:28 2012,http://mail-archives.apache.org/mod_mbox/ctakes-commits/201209.mbox/<20120924220607.11B4A2388C63@eris.apache.org>,chenpei
Mon Sep 24 22:07:28 2012,http://mail-archives.apache.org/mod_mbox/ctakes-commits/201209.mbox/<20120924220607.11B4A2388C63@eris.apache.org>,chenpei
Mon Sep 24 22:07:28 2012,http://mail-archives.apache.org/mod_mbox/ctakes-commits/201209.mbox/<20120924220607.11B4A2388C63@eris.apache.org>,chenpei
Mon Sep 24 22:07:28 2012,http://mail-archives.apache.org/mod_mbox/ctakes-commits/201209.mbox/<20120924220607.11B4A2388C63@eris.apache.org>,chenpei
Mon Sep 24 22:07:28 2012,http://mail-archives.apache.org/mod_mbox/ctakes-commits/201209.mbox/<20120924220607.11B4A2388C63@eris.apache.org>,chenpei
Mon Sep 24 22:07:28 2012,http://mail-archives.apache.org/mod_mbox/ctakes-commits/201209.mbox/<20120924220607.11B4A2388C63@eris.apache.org>,chenpei
Mon Sep 24 22:07:28 2012,http://mail-archives.apache.org/mod_mbox/ctakes-commits/201209.mbox/<20120924220607.11B4A2388C63@eris.apache.org>,chenpei
Mon Sep 24 22:07:28 2012,http://mail-archives.apache.org/mod_mbox/ctakes-commits/201209.mbox/<20120924220607.11B4A2388C63@eris.apache.org>,chenpei
Mon Sep 24 22:07:28 2012,http://mail-archives.apache.org/mod_mbox/ctakes-commits/201209.mbox/<20120924220607.11B4A2388C63@eris.apache.org>,chenpei
Mon Sep 24 22:07:28 2012,http://mail-archives.apache.org/mod_mbox/ctakes-commits/201209.mbox/<20120924220607.11B4A2388C63@eris.apache.org>,chenpei
Mon Sep 24 22:07:28 2012,http://mail-archives.apache.org/mod_mbox/ctakes-commits/201209.mbox/<20120924220607.11B4A2388C63@eris.apache.org>,chenpei
Mon Sep 24 22:07:28 2012,http://mail-archives.apache.org/mod_mbox/ctakes-commits/201209.mbox/<20120924220607.11B4A2388C63@eris.apache.org>,chenpei
Mon Sep 24 22:07:28 2012,http://mail-archives.apache.org/mod_mbox/ctakes-commits/201209.mbox/<20120924220607.11B4A2388C63@eris.apache.org>,chenpei
Mon Sep 24 22:07:28 2012,http://mail-archives.apache.org/mod_mbox/ctakes-commits/201209.mbox/<20120924220607.11B4A2388C63@eris.apache.org>,chenpei
Mon Sep 24 22:07:28 2012,http://mail-archives.apache.org/mod_mbox/ctakes-commits/201209.mbox/<20120924220607.11B4A2388C63@eris.apache.org>,chenpei
Mon Sep 24 22:07:28 2012,http://mail-archives.apache.org/mod_mbox/ctakes-commits/201209.mbox/<20120924220607.11B4A2388C63@eris.apache.org>,chenpei
Mon Sep 24 22:07:28 2012,http://mail-archives.apache.org/mod_mbox/ctakes-commits/201209.mbox/<20120924220607.11B4A2388C63@eris.apache.org>,chenpei
Mon Sep 24 22:07:28 2012,http://mail-archives.apache.org/mod_mbox/ctakes-commits/201209.mbox/<20120924220607.11B4A2388C63@eris.apache.org>,chenpei
Mon Sep 24 22:07:28 2012,http://mail-archives.apache.org/mod_mbox/ctakes-commits/201209.mbox/<20120924220607.11B4A2388C63@eris.apache.org>,chenpei
Mon Sep 24 22:07:28 2012,http://mail-archives.apache.org/mod_mbox/ctakes-commits/201209.mbox/<20120924220607.11B4A2388C63@eris.apache.org>,chenpei
Mon Sep 24 22:07:28 2012,http://mail-archives.apache.org/mod_mbox/ctakes-commits/201209.mbox/<20120924220607.11B4A2388C63@eris.apache.org>,chenpei
Mon Sep 24 22:07:28 2012,http://mail-archives.apache.org/mod_mbox/ctakes-commits/201209.mbox/<20120924220607.11B4A2388C63@eris.apache.org>,chenpei
Mon Sep 24 22:07:28 2012,http://mail-archives.apache.org/mod_mbox/ctakes-commits/201209.mbox/<20120924220607.11B4A2388C63@eris.apache.org>,chenpei
Mon Sep 24 22:07:28 2012,http://mail-archives.apache.org/mod_mbox/ctakes-commits/201209.mbox/<20120924220607.11B4A2388C63@eris.apache.org>,chenpei
Mon Sep 24 22:07:28 2012,http://mail-archives.apache.org/mod_mbox/ctakes-commits/201209.mbox/<20120924220607.11B4A2388C63@eris.apache.org>,chenpei
Mon Sep 24 22:07:28 2012,http://mail-archives.apache.org/mod_mbox/ctakes-commits/201209.mbox/<20120924220607.11B4A2388C63@eris.apache.org>,chenpei
Mon Sep 24 22:07:28 2012,http://mail-archives.apache.org/mod_mbox/ctakes-commits/201209.mbox/<20120924220607.11B4A2388C63@eris.apache.org>,chenpei
Mon Sep 24 22:07:28 2012,http://mail-archives.apache.org/mod_mbox/ctakes-commits/201209.mbox/<20120924220607.11B4A2388C63@eris.apache.org>,chenpei
Mon Sep 24 22:07:28 2012,http://mail-archives.apache.org/mod_mbox/ctakes-commits/201209.mbox/<20120924220607.11B4A2388C63@eris.apache.org>,chenpei
Mon Sep 24 22:07:28 2012,http://mail-archives.apache.org/mod_mbox/ctakes-commits/201209.mbox/<20120924220607.11B4A2388C63@eris.apache.org>,chenpei
Mon Sep 24 22:07:28 2012,http://mail-archives.apache.org/mod_mbox/ctakes-commits/201209.mbox/<20120924220607.11B4A2388C63@eris.apache.org>,chenpei
Mon Sep 24 22:07:28 2012,http://mail-archives.apache.org/mod_mbox/ctakes-commits/201209.mbox/<20120924220607.11B4A2388C63@eris.apache.org>,chenpei
Mon Sep 24 22:07:28 2012,http://mail-archives.apache.org/mod_mbox/ctakes-commits/201209.mbox/<20120924220607.11B4A2388C63@eris.apache.org>,chenpei
Mon Sep 24 22:07:28 2012,http://mail-archives.apache.org/mod_mbox/ctakes-commits/201209.mbox/<20120924220607.11B4A2388C63@eris.apache.org>,chenpei
Mon Sep 24 22:07:28 2012,http://mail-archives.apache.org/mod_mbox/ctakes-commits/201209.mbox/<20120924220607.11B4A2388C63@eris.apache.org>,chenpei
Mon Sep 24 22:07:28 2012,http://mail-archives.apache.org/mod_mbox/ctakes-commits/201209.mbox/<20120924220607.11B4A2388C63@eris.apache.org>,chenpei
Mon Sep 24 22:07:28 2012,http://mail-archives.apache.org/mod_mbox/ctakes-commits/201209.mbox/<20120924220607.11B4A2388C63@eris.apache.org>,chenpei
Mon Sep 24 22:07:28 2012,http://mail-archives.apache.org/mod_mbox/ctakes-commits/201209.mbox/<20120924220607.11B4A2388C63@eris.apache.org>,chenpei
Mon Sep 24 22:07:28 2012,http://mail-archives.apache.org/mod_mbox/ctakes-commits/201209.mbox/<20120924220607.11B4A2388C63@eris.apache.org>,chenpei
Mon Sep 24 22:07:28 2012,http://mail-archives.apache.org/mod_mbox/ctakes-commits/201209.mbox/<20120924220607.11B4A2388C63@eris.apache.org>,chenpei
Mon Sep 24 22:07:28 2012,http://mail-archives.apache.org/mod_mbox/ctakes-commits/201209.mbox/<20120924220607.11B4A2388C63@eris.apache.org>,chenpei
Mon Sep 24 22:07:28 2012,http://mail-archives.apache.org/mod_mbox/ctakes-commits/201209.mbox/<20120924220607.11B4A2388C63@eris.apache.org>,chenpei
Mon Sep 24 22:07:28 2012,http://mail-archives.apache.org/mod_mbox/ctakes-commits/201209.mbox/<20120924220607.11B4A2388C63@eris.apache.org>,chenpei
Mon Sep 24 22:07:28 2012,http://mail-archives.apache.org/mod_mbox/ctakes-commits/201209.mbox/<20120924220607.11B4A2388C63@eris.apache.org>,chenpei
Mon Sep 24 22:07:28 2012,http://mail-archives.apache.org/mod_mbox/ctakes-commits/201209.mbox/<20120924220607.11B4A2388C63@eris.apache.org>,chenpei
Mon Sep 24 22:07:28 2012,http://mail-archives.apache.org/mod_mbox/ctakes-commits/201209.mbox/<20120924220607.11B4A2388C63@eris.apache.org>,chenpei
Mon Sep 24 22:07:28 2012,http://mail-archives.apache.org/mod_mbox/ctakes-commits/201209.mbox/<20120924220607.11B4A2388C63@eris.apache.org>,chenpei
Mon Sep 24 22:07:28 2012,http://mail-archives.apache.org/mod_mbox/ctakes-commits/201209.mbox/<20120924220607.11B4A2388C63@eris.apache.org>,chenpei
Mon Sep 24 22:07:28 2012,http://mail-archives.apache.org/mod_mbox/ctakes-commits/201209.mbox/<20120924220607.11B4A2388C63@eris.apache.org>,chenpei
Mon Sep 24 22:07:28 2012,http://mail-archives.apache.org/mod_mbox/ctakes-commits/201209.mbox/<20120924220607.11B4A2388C63@eris.apache.org>,chenpei
Mon Sep 24 22:07:28 2012,http://mail-archives.apache.org/mod_mbox/ctakes-commits/201209.mbox/<20120924220607.11B4A2388C63@eris.apache.org>,chenpei
Mon Sep 24 22:07:28 2012,http://mail-archives.apache.org/mod_mbox/ctakes-commits/201209.mbox/<20120924220607.11B4A2388C63@eris.apache.org>,chenpei
Mon Sep 24 22:07:28 2012,http://mail-archives.apache.org/mod_mbox/ctakes-commits/201209.mbox/<20120924220607.11B4A2388C63@eris.apache.org>,chenpei
Mon Sep 24 22:07:28 2012,http://mail-archives.apache.org/mod_mbox/ctakes-commits/201209.mbox/<20120924220607.11B4A2388C63@eris.apache.org>,chenpei
Mon Sep 24 22:07:28 2012,http://mail-archives.apache.org/mod_mbox/ctakes-commits/201209.mbox/<20120924220607.11B4A2388C63@eris.apache.org>,chenpei
Mon Sep 24 22:07:28 2012,http://mail-archives.apache.org/mod_mbox/ctakes-commits/201209.mbox/<20120924220607.11B4A2388C63@eris.apache.org>,chenpei
Mon Sep 24 22:07:28 2012,http://mail-archives.apache.org/mod_mbox/ctakes-commits/201209.mbox/<20120924220607.11B4A2388C63@eris.apache.org>,chenpei
Mon Sep 24 22:07:28 2012,http://mail-archives.apache.org/mod_mbox/ctakes-commits/201209.mbox/<20120924220607.11B4A2388C63@eris.apache.org>,chenpei
Mon Sep 24 22:07:28 2012,http://mail-archives.apache.org/mod_mbox/ctakes-commits/201209.mbox/<20120924220607.11B4A2388C63@eris.apache.org>,chenpei
Mon Sep 24 22:07:28 2012,http://mail-archives.apache.org/mod_mbox/ctakes-commits/201209.mbox/<20120924220607.11B4A2388C63@eris.apache.org>,chenpei
Mon Sep 24 22:07:28 2012,http://mail-archives.apache.org/mod_mbox/ctakes-commits/201209.mbox/<20120924220607.11B4A2388C63@eris.apache.org>,chenpei
Mon Sep 24 22:07:28 2012,http://mail-archives.apache.org/mod_mbox/ctakes-commits/201209.mbox/<20120924220607.11B4A2388C63@eris.apache.org>,chenpei
Mon Sep 24 22:07:28 2012,http://mail-archives.apache.org/mod_mbox/ctakes-commits/201209.mbox/<20120924220607.11B4A2388C63@eris.apache.org>,chenpei
Mon Sep 24 22:07:28 2012,http://mail-archives.apache.org/mod_mbox/ctakes-commits/201209.mbox/<20120924220607.11B4A2388C63@eris.apache.org>,chenpei
Mon Sep 24 22:07:28 2012,http://mail-archives.apache.org/mod_mbox/ctakes-commits/201209.mbox/<20120924220607.11B4A2388C63@eris.apache.org>,chenpei
Mon Sep 24 22:07:28 2012,http://mail-archives.apache.org/mod_mbox/ctakes-commits/201209.mbox/<20120924220607.11B4A2388C63@eris.apache.org>,chenpei
Mon Sep 24 22:07:28 2012,http://mail-archives.apache.org/mod_mbox/ctakes-commits/201209.mbox/<20120924220607.11B4A2388C63@eris.apache.org>,chenpei
Mon Sep 24 22:07:28 2012,http://mail-archives.apache.org/mod_mbox/ctakes-commits/201209.mbox/<20120924220607.11B4A2388C63@eris.apache.org>,chenpei
Mon Sep 24 22:07:28 2012,http://mail-archives.apache.org/mod_mbox/ctakes-commits/201209.mbox/<20120924220607.11B4A2388C63@eris.apache.org>,chenpei
Mon Sep 24 22:07:28 2012,http://mail-archives.apache.org/mod_mbox/ctakes-commits/201209.mbox/<20120924220607.11B4A2388C63@eris.apache.org>,chenpei
Mon Sep 24 22:07:28 2012,http://mail-archives.apache.org/mod_mbox/ctakes-commits/201209.mbox/<20120924220607.11B4A2388C63@eris.apache.org>,chenpei
Mon Sep 24 22:07:28 2012,http://mail-archives.apache.org/mod_mbox/ctakes-commits/201209.mbox/<20120924220607.11B4A2388C63@eris.apache.org>,chenpei
Mon Sep 24 22:07:28 2012,http://mail-archives.apache.org/mod_mbox/ctakes-commits/201209.mbox/<20120924220607.11B4A2388C63@eris.apache.org>,chenpei
Mon Sep 24 22:07:28 2012,http://mail-archives.apache.org/mod_mbox/ctakes-commits/201209.mbox/<20120924220607.11B4A2388C63@eris.apache.org>,chenpei
Mon Sep 24 22:07:28 2012,http://mail-archives.apache.org/mod_mbox/ctakes-commits/201209.mbox/<20120924220607.11B4A2388C63@eris.apache.org>,chenpei
Mon Sep 24 22:07:28 2012,http://mail-archives.apache.org/mod_mbox/ctakes-commits/201209.mbox/<20120924220607.11B4A2388C63@eris.apache.org>,chenpei
Mon Sep 24 22:07:28 2012,http://mail-archives.apache.org/mod_mbox/ctakes-commits/201209.mbox/<20120924220607.11B4A2388C63@eris.apache.org>,chenpei
Mon Sep 24 22:07:28 2012,http://mail-archives.apache.org/mod_mbox/ctakes-commits/201209.mbox/<20120924220607.11B4A2388C63@eris.apache.org>,chenpei
Mon Sep 24 22:07:28 2012,http://mail-archives.apache.org/mod_mbox/ctakes-commits/201209.mbox/<20120924220607.11B4A2388C63@eris.apache.org>,chenpei
Mon Sep 24 22:07:28 2012,http://mail-archives.apache.org/mod_mbox/ctakes-commits/201209.mbox/<20120924220607.11B4A2388C63@eris.apache.org>,chenpei
Mon Sep 24 22:07:28 2012,http://mail-archives.apache.org/mod_mbox/ctakes-commits/201209.mbox/<20120924220607.11B4A2388C63@eris.apache.org>,chenpei
Mon Sep 24 22:07:28 2012,http://mail-archives.apache.org/mod_mbox/ctakes-commits/201209.mbox/<20120924220607.11B4A2388C63@eris.apache.org>,chenpei
Mon Sep 24 22:07:28 2012,http://mail-archives.apache.org/mod_mbox/ctakes-commits/201209.mbox/<20120924220607.11B4A2388C63@eris.apache.org>,chenpei
Mon Sep 24 22:07:28 2012,http://mail-archives.apache.org/mod_mbox/ctakes-commits/201209.mbox/<20120924220607.11B4A2388C63@eris.apache.org>,chenpei
Mon Sep 24 22:07:28 2012,http://mail-archives.apache.org/mod_mbox/ctakes-commits/201209.mbox/<20120924220607.11B4A2388C63@eris.apache.org>,chenpei
Mon Sep 24 22:07:28 2012,http://mail-archives.apache.org/mod_mbox/ctakes-commits/201209.mbox/<20120924220607.11B4A2388C63@eris.apache.org>,chenpei
Mon Sep 24 22:07:28 2012,http://mail-archives.apache.org/mod_mbox/ctakes-commits/201209.mbox/<20120924220607.11B4A2388C63@eris.apache.org>,chenpei
Mon Sep 24 22:07:28 2012,http://mail-archives.apache.org/mod_mbox/ctakes-commits/201209.mbox/<20120924220607.11B4A2388C63@eris.apache.org>,chenpei
Mon Sep 24 22:07:28 2012,http://mail-archives.apache.org/mod_mbox/ctakes-commits/201209.mbox/<20120924220607.11B4A2388C63@eris.apache.org>,chenpei
Mon Sep 24 22:07:28 2012,http://mail-archives.apache.org/mod_mbox/ctakes-commits/201209.mbox/<20120924220607.11B4A2388C63@eris.apache.org>,chenpei
Mon Sep 24 22:07:28 2012,http://mail-archives.apache.org/mod_mbox/ctakes-commits/201209.mbox/<20120924220607.11B4A2388C63@eris.apache.org>,chenpei
Mon Sep 24 22:07:28 2012,http://mail-archives.apache.org/mod_mbox/ctakes-commits/201209.mbox/<20120924220607.11B4A2388C63@eris.apache.org>,chenpei
Mon Sep 24 22:07:28 2012,http://mail-archives.apache.org/mod_mbox/ctakes-commits/201209.mbox/<20120924220607.11B4A2388C63@eris.apache.org>,chenpei
Mon Sep 24 22:07:28 2012,http://mail-archives.apache.org/mod_mbox/ctakes-commits/201209.mbox/<20120924220607.11B4A2388C63@eris.apache.org>,chenpei
Mon Sep 24 22:07:28 2012,http://mail-archives.apache.org/mod_mbox/ctakes-commits/201209.mbox/<20120924220607.11B4A2388C63@eris.apache.org>,chenpei
Mon Sep 24 22:07:28 2012,http://mail-archives.apache.org/mod_mbox/ctakes-commits/201209.mbox/<20120924220607.11B4A2388C63@eris.apache.org>,chenpei
Mon Sep 24 22:07:28 2012,http://mail-archives.apache.org/mod_mbox/ctakes-commits/201209.mbox/<20120924220607.11B4A2388C63@eris.apache.org>,chenpei
Mon Sep 24 22:07:28 2012,http://mail-archives.apache.org/mod_mbox/ctakes-commits/201209.mbox/<20120924220607.11B4A2388C63@eris.apache.org>,chenpei
Mon Sep 24 22:07:28 2012,http://mail-archives.apache.org/mod_mbox/ctakes-commits/201209.mbox/<20120924220607.11B4A2388C63@eris.apache.org>,chenpei
Mon Sep 24 22:07:28 2012,http://mail-archives.apache.org/mod_mbox/ctakes-commits/201209.mbox/<20120924220607.11B4A2388C63@eris.apache.org>,chenpei
Mon Sep 24 22:07:28 2012,http://mail-archives.apache.org/mod_mbox/ctakes-commits/201209.mbox/<20120924220607.11B4A2388C63@eris.apache.org>,chenpei
Mon Sep 24 22:07:28 2012,http://mail-archives.apache.org/mod_mbox/ctakes-commits/201209.mbox/<20120924220607.11B4A2388C63@eris.apache.org>,chenpei
Mon Sep 24 22:07:28 2012,http://mail-archives.apache.org/mod_mbox/ctakes-commits/201209.mbox/<20120924220607.11B4A2388C63@eris.apache.org>,chenpei
Mon Sep 24 22:07:28 2012,http://mail-archives.apache.org/mod_mbox/ctakes-commits/201209.mbox/<20120924220607.11B4A2388C63@eris.apache.org>,chenpei
Mon Sep 24 22:07:28 2012,http://mail-archives.apache.org/mod_mbox/ctakes-commits/201209.mbox/<20120924220607.11B4A2388C63@eris.apache.org>,chenpei
Mon Sep 24 22:07:28 2012,http://mail-archives.apache.org/mod_mbox/ctakes-commits/201209.mbox/<20120924220607.11B4A2388C63@eris.apache.org>,chenpei
Mon Sep 24 22:07:28 2012,http://mail-archives.apache.org/mod_mbox/ctakes-commits/201209.mbox/<20120924220607.11B4A2388C63@eris.apache.org>,chenpei
Mon Sep 24 22:07:28 2012,http://mail-archives.apache.org/mod_mbox/ctakes-commits/201209.mbox/<20120924220607.11B4A2388C63@eris.apache.org>,chenpei
Mon Sep 24 22:07:28 2012,http://mail-archives.apache.org/mod_mbox/ctakes-commits/201209.mbox/<20120924220607.11B4A2388C63@eris.apache.org>,chenpei
Mon Sep 24 22:07:28 2012,http://mail-archives.apache.org/mod_mbox/ctakes-commits/201209.mbox/<20120924220607.11B4A2388C63@eris.apache.org>,chenpei
Mon Sep 24 22:07:28 2012,http://mail-archives.apache.org/mod_mbox/ctakes-commits/201209.mbox/<20120924220607.11B4A2388C63@eris.apache.org>,chenpei
Mon Sep 24 22:07:28 2012,http://mail-archives.apache.org/mod_mbox/ctakes-commits/201209.mbox/<20120924220607.11B4A2388C63@eris.apache.org>,chenpei
Mon Sep 24 22:07:28 2012,http://mail-archives.apache.org/mod_mbox/ctakes-commits/201209.mbox/<20120924220607.11B4A2388C63@eris.apache.org>,chenpei
Mon Sep 24 22:07:28 2012,http://mail-archives.apache.org/mod_mbox/ctakes-commits/201209.mbox/<20120924220607.11B4A2388C63@eris.apache.org>,chenpei
Mon Sep 24 22:07:28 2012,http://mail-archives.apache.org/mod_mbox/ctakes-commits/201209.mbox/<20120924220607.11B4A2388C63@eris.apache.org>,chenpei
Mon Sep 24 22:07:28 2012,http://mail-archives.apache.org/mod_mbox/ctakes-commits/201209.mbox/<20120924220607.11B4A2388C63@eris.apache.org>,chenpei
Mon Sep 24 22:07:28 2012,http://mail-archives.apache.org/mod_mbox/ctakes-commits/201209.mbox/<20120924220607.11B4A2388C63@eris.apache.org>,chenpei
Mon Sep 24 22:07:28 2012,http://mail-archives.apache.org/mod_mbox/ctakes-commits/201209.mbox/<20120924220607.0C6BD2388C5D@eris.apache.org>,chenpei
Mon Sep 24 22:07:28 2012,http://mail-archives.apache.org/mod_mbox/ctakes-commits/201209.mbox/<20120924220607.0C6BD2388C5D@eris.apache.org>,chenpei
Mon Sep 24 22:07:28 2012,http://mail-archives.apache.org/mod_mbox/ctakes-commits/201209.mbox/<20120924220607.0C6BD2388C5D@eris.apache.org>,chenpei
Mon Sep 24 22:07:28 2012,http://mail-archives.apache.org/mod_mbox/ctakes-commits/201209.mbox/<20120924220607.0C6BD2388C5D@eris.apache.org>,chenpei
Mon Sep 24 22:07:28 2012,http://mail-archives.apache.org/mod_mbox/ctakes-commits/201209.mbox/<20120924220607.0C6BD2388C5D@eris.apache.org>,chenpei
Mon Sep 24 22:07:28 2012,http://mail-archives.apache.org/mod_mbox/ctakes-commits/201209.mbox/<20120924220607.0C6BD2388C5D@eris.apache.org>,chenpei
Mon Sep 24 22:07:28 2012,http://mail-archives.apache.org/mod_mbox/ctakes-commits/201209.mbox/<20120924220607.0C6BD2388C5D@eris.apache.org>,chenpei
Mon Sep 24 22:07:28 2012,http://mail-archives.apache.org/mod_mbox/ctakes-commits/201209.mbox/<20120924220607.0C6BD2388C5D@eris.apache.org>,chenpei
Mon Sep 24 22:07:28 2012,http://mail-archives.apache.org/mod_mbox/ctakes-commits/201209.mbox/<20120924220607.0C6BD2388C5D@eris.apache.org>,chenpei
Mon Sep 24 22:07:28 2012,http://mail-archives.apache.org/mod_mbox/ctakes-commits/201209.mbox/<20120924220607.0C6BD2388C5D@eris.apache.org>,chenpei
Mon Sep 24 22:07:28 2012,http://mail-archives.apache.org/mod_mbox/ctakes-commits/201209.mbox/<20120924220607.0C6BD2388C5D@eris.apache.org>,chenpei
Mon Sep 24 22:07:28 2012,http://mail-archives.apache.org/mod_mbox/ctakes-commits/201209.mbox/<20120924220607.0C6BD2388C5D@eris.apache.org>,chenpei
Mon Sep 24 22:07:28 2012,http://mail-archives.apache.org/mod_mbox/ctakes-commits/201209.mbox/<20120924220607.0C6BD2388C5D@eris.apache.org>,chenpei
Mon Sep 24 22:07:28 2012,http://mail-archives.apache.org/mod_mbox/ctakes-commits/201209.mbox/<20120924220607.11B4A2388C63@eris.apache.org>,chenpei
Mon Sep 24 22:07:28 2012,http://mail-archives.apache.org/mod_mbox/ctakes-commits/201209.mbox/<20120924220607.11B4A2388C63@eris.apache.org>,chenpei
Mon Sep 24 22:07:28 2012,http://mail-archives.apache.org/mod_mbox/ctakes-commits/201209.mbox/<20120924220607.11B4A2388C63@eris.apache.org>,chenpei
Mon Sep 24 22:07:28 2012,http://mail-archives.apache.org/mod_mbox/ctakes-commits/201209.mbox/<20120924220607.11B4A2388C63@eris.apache.org>,chenpei
Mon Sep 24 22:07:28 2012,http://mail-archives.apache.org/mod_mbox/ctakes-commits/201209.mbox/<20120924220607.11B4A2388C63@eris.apache.org>,chenpei
Mon Sep 24 22:07:28 2012,http://mail-archives.apache.org/mod_mbox/ctakes-commits/201209.mbox/<20120924220607.11B4A2388C63@eris.apache.org>,chenpei
Mon Sep 24 22:07:28 2012,http://mail-archives.apache.org/mod_mbox/ctakes-commits/201209.mbox/<20120924220607.11B4A2388C63@eris.apache.org>,chenpei
Mon Sep 24 22:07:28 2012,http://mail-archives.apache.org/mod_mbox/ctakes-commits/201209.mbox/<20120924220607.11B4A2388C63@eris.apache.org>,chenpei
Mon Sep 24 22:07:28 2012,http://mail-archives.apache.org/mod_mbox/ctakes-commits/201209.mbox/<20120924220607.11B4A2388C63@eris.apache.org>,chenpei
Mon Sep 24 22:07:28 2012,http://mail-archives.apache.org/mod_mbox/ctakes-commits/201209.mbox/<20120924220607.11B4A2388C63@eris.apache.org>,chenpei
Mon Sep 24 22:07:28 2012,http://mail-archives.apache.org/mod_mbox/ctakes-commits/201209.mbox/<20120924220607.11B4A2388C63@eris.apache.org>,chenpei
Mon Sep 24 22:07:28 2012,http://mail-archives.apache.org/mod_mbox/ctakes-commits/201209.mbox/<20120924220607.11B4A2388C63@eris.apache.org>,chenpei
Mon Sep 24 22:07:28 2012,http://mail-archives.apache.org/mod_mbox/ctakes-commits/201209.mbox/<20120924220607.11B4A2388C63@eris.apache.org>,chenpei
Mon Sep 24 22:07:28 2012,http://mail-archives.apache.org/mod_mbox/ctakes-commits/201209.mbox/<20120924220607.11B4A2388C63@eris.apache.org>,chenpei
Mon Sep 24 22:07:28 2012,http://mail-archives.apache.org/mod_mbox/ctakes-commits/201209.mbox/<20120924220607.0C6BD2388C5D@eris.apache.org>,chenpei
Mon Sep 24 22:07:28 2012,http://mail-archives.apache.org/mod_mbox/ctakes-commits/201209.mbox/<20120924220607.0C6BD2388C5D@eris.apache.org>,chenpei
Mon Sep 24 22:07:28 2012,http://mail-archives.apache.org/mod_mbox/ctakes-commits/201209.mbox/<20120924220607.0C6BD2388C5D@eris.apache.org>,chenpei
Mon Sep 24 22:07:28 2012,http://mail-archives.apache.org/mod_mbox/ctakes-commits/201209.mbox/<20120924220607.0C6BD2388C5D@eris.apache.org>,chenpei
Mon Sep 24 22:07:28 2012,http://mail-archives.apache.org/mod_mbox/ctakes-commits/201209.mbox/<20120924220607.0C6BD2388C5D@eris.apache.org>,chenpei
Mon Sep 24 22:07:28 2012,http://mail-archives.apache.org/mod_mbox/ctakes-commits/201209.mbox/<20120924220607.0C6BD2388C5D@eris.apache.org>,chenpei
Mon Sep 24 22:07:28 2012,http://mail-archives.apache.org/mod_mbox/ctakes-commits/201209.mbox/<20120924220607.0C6BD2388C5D@eris.apache.org>,chenpei
Mon Sep 24 22:07:28 2012,http://mail-archives.apache.org/mod_mbox/ctakes-commits/201209.mbox/<20120924220607.0C6BD2388C5D@eris.apache.org>,chenpei
Mon Sep 24 22:07:28 2012,http://mail-archives.apache.org/mod_mbox/ctakes-commits/201209.mbox/<20120924220607.0C6BD2388C5D@eris.apache.org>,chenpei
Mon Sep 24 22:07:28 2012,http://mail-archives.apache.org/mod_mbox/ctakes-commits/201209.mbox/<20120924220607.0C6BD2388C5D@eris.apache.org>,chenpei
Mon Sep 24 22:07:28 2012,http://mail-archives.apache.org/mod_mbox/ctakes-commits/201209.mbox/<20120924220607.0C6BD2388C5D@eris.apache.org>,chenpei
Mon Sep 24 22:07:28 2012,http://mail-archives.apache.org/mod_mbox/ctakes-commits/201209.mbox/<20120924220607.0C6BD2388C5D@eris.apache.org>,chenpei
Mon Sep 24 22:07:28 2012,http://mail-archives.apache.org/mod_mbox/ctakes-commits/201209.mbox/<20120924220607.0C6BD2388C5D@eris.apache.org>,chenpei
Mon Sep 24 22:07:28 2012,http://mail-archives.apache.org/mod_mbox/ctakes-commits/201209.mbox/<20120924220607.0C6BD2388C5D@eris.apache.org>,chenpei
Mon Sep 24 22:07:28 2012,http://mail-archives.apache.org/mod_mbox/ctakes-commits/201209.mbox/<20120924220607.0C6BD2388C5D@eris.apache.org>,chenpei
Mon Sep 24 22:07:28 2012,http://mail-archives.apache.org/mod_mbox/ctakes-commits/201209.mbox/<20120924220607.0C6BD2388C5D@eris.apache.org>,chenpei
Mon Sep 24 22:07:28 2012,http://mail-archives.apache.org/mod_mbox/ctakes-commits/201209.mbox/<20120924220607.0C6BD2388C5D@eris.apache.org>,chenpei
Mon Sep 24 22:07:28 2012,http://mail-archives.apache.org/mod_mbox/ctakes-commits/201209.mbox/<20120924220607.0C6BD2388C5D@eris.apache.org>,chenpei
Mon Sep 24 22:07:28 2012,http://mail-archives.apache.org/mod_mbox/ctakes-commits/201209.mbox/<20120924220607.0C6BD2388C5D@eris.apache.org>,chenpei
Mon Sep 24 22:07:28 2012,http://mail-archives.apache.org/mod_mbox/ctakes-commits/201209.mbox/<20120924220607.0C6BD2388C5D@eris.apache.org>,chenpei
Mon Sep 24 22:07:28 2012,http://mail-archives.apache.org/mod_mbox/ctakes-commits/201209.mbox/<20120924220607.0C6BD2388C5D@eris.apache.org>,chenpei
Mon Sep 24 22:07:28 2012,http://mail-archives.apache.org/mod_mbox/ctakes-commits/201209.mbox/<20120924220607.0C6BD2388C5D@eris.apache.org>,chenpei
Mon Sep 24 22:07:28 2012,http://mail-archives.apache.org/mod_mbox/ctakes-commits/201209.mbox/<20120924220607.0C6BD2388C5D@eris.apache.org>,chenpei
Mon Sep 24 22:07:28 2012,http://mail-archives.apache.org/mod_mbox/ctakes-commits/201209.mbox/<20120924220607.0C6BD2388C5D@eris.apache.org>,chenpei
Mon Sep 24 22:07:28 2012,http://mail-archives.apache.org/mod_mbox/ctakes-commits/201209.mbox/<20120924220607.0C6BD2388C5D@eris.apache.org>,chenpei
Mon Sep 24 22:07:28 2012,http://mail-archives.apache.org/mod_mbox/ctakes-commits/201209.mbox/<20120924220607.0C6BD2388C5D@eris.apache.org>,chenpei
Mon Sep 24 22:07:28 2012,http://mail-archives.apache.org/mod_mbox/ctakes-commits/201209.mbox/<20120924220607.0C6BD2388C5D@eris.apache.org>,chenpei
Mon Sep 24 22:07:28 2012,http://mail-archives.apache.org/mod_mbox/ctakes-commits/201209.mbox/<20120924220607.0C6BD2388C5D@eris.apache.org>,chenpei
Mon Sep 24 22:07:28 2012,http://mail-archives.apache.org/mod_mbox/ctakes-commits/201209.mbox/<20120924220607.0C6BD2388C5D@eris.apache.org>,chenpei
Mon Sep 24 22:07:28 2012,http://mail-archives.apache.org/mod_mbox/ctakes-commits/201209.mbox/<20120924220607.0C6BD2388C5D@eris.apache.org>,chenpei
Mon Sep 24 22:07:28 2012,http://mail-archives.apache.org/mod_mbox/ctakes-commits/201209.mbox/<20120924220607.11B4A2388C63@eris.apache.org>,chenpei
Mon Sep 24 22:07:28 2012,http://mail-archives.apache.org/mod_mbox/ctakes-commits/201209.mbox/<20120924220607.11B4A2388C63@eris.apache.org>,chenpei
Mon Sep 24 22:07:28 2012,http://mail-archives.apache.org/mod_mbox/ctakes-commits/201209.mbox/<20120924220607.11B4A2388C63@eris.apache.org>,chenpei
Mon Sep 24 22:07:28 2012,http://mail-archives.apache.org/mod_mbox/ctakes-commits/201209.mbox/<20120924220607.11B4A2388C63@eris.apache.org>,chenpei
Mon Sep 24 22:07:28 2012,http://mail-archives.apache.org/mod_mbox/ctakes-commits/201209.mbox/<20120924220607.11B4A2388C63@eris.apache.org>,chenpei
Mon Sep 24 22:07:28 2012,http://mail-archives.apache.org/mod_mbox/ctakes-commits/201209.mbox/<20120924220607.11B4A2388C63@eris.apache.org>,chenpei
Mon Sep 24 22:07:28 2012,http://mail-archives.apache.org/mod_mbox/ctakes-commits/201209.mbox/<20120924220607.11B4A2388C63@eris.apache.org>,chenpei
Mon Sep 24 22:07:28 2012,http://mail-archives.apache.org/mod_mbox/ctakes-commits/201209.mbox/<20120924220607.11B4A2388C63@eris.apache.org>,chenpei
Mon Sep 24 22:07:28 2012,http://mail-archives.apache.org/mod_mbox/ctakes-commits/201209.mbox/<20120924220607.11B4A2388C63@eris.apache.org>,chenpei
Mon Sep 24 22:07:28 2012,http://mail-archives.apache.org/mod_mbox/ctakes-commits/201209.mbox/<20120924220607.11B4A2388C63@eris.apache.org>,chenpei
Mon Sep 24 22:07:28 2012,http://mail-archives.apache.org/mod_mbox/ctakes-commits/201209.mbox/<20120924220607.11B4A2388C63@eris.apache.org>,chenpei
Mon Sep 24 22:07:28 2012,http://mail-archives.apache.org/mod_mbox/ctakes-commits/201209.mbox/<20120924220607.11B4A2388C63@eris.apache.org>,chenpei
Mon Sep 24 22:07:28 2012,http://mail-archives.apache.org/mod_mbox/ctakes-commits/201209.mbox/<20120924220607.11B4A2388C63@eris.apache.org>,chenpei
Mon Sep 24 22:07:28 2012,http://mail-archives.apache.org/mod_mbox/ctakes-commits/201209.mbox/<20120924220607.11B4A2388C63@eris.apache.org>,chenpei
Mon Sep 24 22:07:28 2012,http://mail-archives.apache.org/mod_mbox/ctakes-commits/201209.mbox/<20120924220607.11B4A2388C63@eris.apache.org>,chenpei
Mon Sep 24 22:07:28 2012,http://mail-archives.apache.org/mod_mbox/ctakes-commits/201209.mbox/<20120924220607.11B4A2388C63@eris.apache.org>,chenpei
Mon Sep 24 22:07:28 2012,http://mail-archives.apache.org/mod_mbox/ctakes-commits/201209.mbox/<20120924220607.11B4A2388C63@eris.apache.org>,chenpei
Mon Sep 24 22:07:28 2012,http://mail-archives.apache.org/mod_mbox/ctakes-commits/201209.mbox/<20120924220607.11B4A2388C63@eris.apache.org>,chenpei
Mon Sep 24 22:07:28 2012,http://mail-archives.apache.org/mod_mbox/ctakes-commits/201209.mbox/<20120924220607.11B4A2388C63@eris.apache.org>,chenpei
Mon Sep 24 22:07:28 2012,http://mail-archives.apache.org/mod_mbox/ctakes-commits/201209.mbox/<20120924220607.11B4A2388C63@eris.apache.org>,chenpei
Mon Sep 24 22:07:28 2012,http://mail-archives.apache.org/mod_mbox/ctakes-commits/201209.mbox/<20120924220607.11B4A2388C63@eris.apache.org>,chenpei
Mon Sep 24 22:07:28 2012,http://mail-archives.apache.org/mod_mbox/ctakes-commits/201209.mbox/<20120924220607.11B4A2388C63@eris.apache.org>,chenpei
Mon Sep 24 22:07:28 2012,http://mail-archives.apache.org/mod_mbox/ctakes-commits/201209.mbox/<20120924220607.11B4A2388C63@eris.apache.org>,chenpei
Mon Sep 24 22:07:28 2012,http://mail-archives.apache.org/mod_mbox/ctakes-commits/201209.mbox/<20120924220607.11B4A2388C63@eris.apache.org>,chenpei
Mon Sep 24 22:07:28 2012,http://mail-archives.apache.org/mod_mbox/ctakes-commits/201209.mbox/<20120924220607.11B4A2388C63@eris.apache.org>,chenpei
Mon Sep 24 22:07:28 2012,http://mail-archives.apache.org/mod_mbox/ctakes-commits/201209.mbox/<20120924220607.11B4A2388C63@eris.apache.org>,chenpei
Mon Sep 24 22:07:28 2012,http://mail-archives.apache.org/mod_mbox/ctakes-commits/201209.mbox/<20120924220607.11B4A2388C63@eris.apache.org>,chenpei
Mon Sep 24 22:07:28 2012,http://mail-archives.apache.org/mod_mbox/ctakes-commits/201209.mbox/<20120924220607.11B4A2388C63@eris.apache.org>,chenpei
Mon Sep 24 22:07:28 2012,http://mail-archives.apache.org/mod_mbox/ctakes-commits/201209.mbox/<20120924220607.11B4A2388C63@eris.apache.org>,chenpei
Mon Sep 24 22:07:28 2012,http://mail-archives.apache.org/mod_mbox/ctakes-commits/201209.mbox/<20120924220607.11B4A2388C63@eris.apache.org>,chenpei
Mon Sep 24 22:07:28 2012,http://mail-archives.apache.org/mod_mbox/ctakes-commits/201209.mbox/<20120924220607.11B4A2388C63@eris.apache.org>,chenpei
Mon Sep 24 22:07:28 2012,http://mail-archives.apache.org/mod_mbox/ctakes-commits/201209.mbox/<20120924220607.11B4A2388C63@eris.apache.org>,chenpei
Mon Sep 24 22:07:28 2012,http://mail-archives.apache.org/mod_mbox/ctakes-commits/201209.mbox/<20120924220607.0C6BD2388C5D@eris.apache.org>,chenpei
Mon Sep 24 22:07:28 2012,http://mail-archives.apache.org/mod_mbox/ctakes-commits/201209.mbox/<20120924220607.11B4A2388C63@eris.apache.org>,chenpei
Mon Sep 24 22:07:28 2012,http://mail-archives.apache.org/mod_mbox/ctakes-commits/201209.mbox/<20120924220607.11B4A2388C63@eris.apache.org>,chenpei
Mon Sep 24 22:07:28 2012,http://mail-archives.apache.org/mod_mbox/ctakes-commits/201209.mbox/<20120924220607.11B4A2388C63@eris.apache.org>,chenpei
Mon Sep 24 22:07:28 2012,http://mail-archives.apache.org/mod_mbox/ctakes-commits/201209.mbox/<20120924220607.11B4A2388C63@eris.apache.org>,chenpei
Mon Sep 24 22:07:28 2012,http://mail-archives.apache.org/mod_mbox/ctakes-commits/201209.mbox/<20120924220607.11B4A2388C63@eris.apache.org>,chenpei
Mon Sep 24 22:07:28 2012,http://mail-archives.apache.org/mod_mbox/ctakes-commits/201209.mbox/<20120924220607.11B4A2388C63@eris.apache.org>,chenpei
Mon Sep 24 22:07:28 2012,http://mail-archives.apache.org/mod_mbox/ctakes-commits/201209.mbox/<20120924220607.11B4A2388C63@eris.apache.org>,chenpei
Mon Sep 24 22:07:28 2012,http://mail-archives.apache.org/mod_mbox/ctakes-commits/201209.mbox/<20120924220607.11B4A2388C63@eris.apache.org>,chenpei
Mon Sep 24 22:07:28 2012,http://mail-archives.apache.org/mod_mbox/ctakes-commits/201209.mbox/<20120924220607.11B4A2388C63@eris.apache.org>,chenpei
Mon Sep 24 22:07:28 2012,http://mail-archives.apache.org/mod_mbox/ctakes-commits/201209.mbox/<20120924220607.11B4A2388C63@eris.apache.org>,chenpei
Mon Sep 24 22:07:28 2012,http://mail-archives.apache.org/mod_mbox/ctakes-commits/201209.mbox/<20120924220607.11B4A2388C63@eris.apache.org>,chenpei
Mon Sep 24 22:07:28 2012,http://mail-archives.apache.org/mod_mbox/ctakes-commits/201209.mbox/<20120924220607.11B4A2388C63@eris.apache.org>,chenpei
Mon Sep 24 22:07:28 2012,http://mail-archives.apache.org/mod_mbox/ctakes-commits/201209.mbox/<20120924220607.11B4A2388C63@eris.apache.org>,chenpei
Mon Sep 24 22:07:28 2012,http://mail-archives.apache.org/mod_mbox/ctakes-commits/201209.mbox/<20120924220607.11B4A2388C63@eris.apache.org>,chenpei
Mon Sep 24 22:07:28 2012,http://mail-archives.apache.org/mod_mbox/ctakes-commits/201209.mbox/<20120924220607.11B4A2388C63@eris.apache.org>,chenpei
Mon Sep 24 22:07:28 2012,http://mail-archives.apache.org/mod_mbox/ctakes-commits/201209.mbox/<20120924220607.11B4A2388C63@eris.apache.org>,chenpei
Mon Sep 24 22:07:28 2012,http://mail-archives.apache.org/mod_mbox/ctakes-commits/201209.mbox/<20120924220607.11B4A2388C63@eris.apache.org>,chenpei
Mon Sep 24 22:07:28 2012,http://mail-archives.apache.org/mod_mbox/ctakes-commits/201209.mbox/<20120924220607.11B4A2388C63@eris.apache.org>,chenpei
Mon Sep 24 22:07:28 2012,http://mail-archives.apache.org/mod_mbox/ctakes-commits/201209.mbox/<20120924220607.11B4A2388C63@eris.apache.org>,chenpei
Mon Sep 24 22:07:28 2012,http://mail-archives.apache.org/mod_mbox/ctakes-commits/201209.mbox/<20120924220607.11B4A2388C63@eris.apache.org>,chenpei
Mon Sep 24 22:07:28 2012,http://mail-archives.apache.org/mod_mbox/ctakes-commits/201209.mbox/<20120924220607.11B4A2388C63@eris.apache.org>,chenpei
Mon Sep 24 22:07:28 2012,http://mail-archives.apache.org/mod_mbox/ctakes-commits/201209.mbox/<20120924220607.11B4A2388C63@eris.apache.org>,chenpei
Mon Sep 24 22:07:28 2012,http://mail-archives.apache.org/mod_mbox/ctakes-commits/201209.mbox/<20120924220607.11B4A2388C63@eris.apache.org>,chenpei
Mon Sep 24 22:07:28 2012,http://mail-archives.apache.org/mod_mbox/ctakes-commits/201209.mbox/<20120924220607.11B4A2388C63@eris.apache.org>,chenpei
Mon Sep 24 22:07:28 2012,http://mail-archives.apache.org/mod_mbox/ctakes-commits/201209.mbox/<20120924220607.11B4A2388C63@eris.apache.org>,chenpei
Mon Sep 24 22:07:28 2012,http://mail-archives.apache.org/mod_mbox/ctakes-commits/201209.mbox/<20120924220607.11B4A2388C63@eris.apache.org>,chenpei
Mon Sep 24 22:07:28 2012,http://mail-archives.apache.org/mod_mbox/ctakes-commits/201209.mbox/<20120924220607.11B4A2388C63@eris.apache.org>,chenpei
Mon Sep 24 22:07:28 2012,http://mail-archives.apache.org/mod_mbox/ctakes-commits/201209.mbox/<20120924220607.11B4A2388C63@eris.apache.org>,chenpei
Mon Sep 24 22:07:28 2012,http://mail-archives.apache.org/mod_mbox/ctakes-commits/201209.mbox/<20120924220607.11B4A2388C63@eris.apache.org>,chenpei
Mon Sep 24 22:07:28 2012,http://mail-archives.apache.org/mod_mbox/ctakes-commits/201209.mbox/<20120924220607.11B4A2388C63@eris.apache.org>,chenpei
Mon Sep 24 22:07:28 2012,http://mail-archives.apache.org/mod_mbox/ctakes-commits/201209.mbox/<20120924220607.16DEB2388C65@eris.apache.org>,chenpei
Mon Sep 24 22:07:28 2012,http://mail-archives.apache.org/mod_mbox/ctakes-commits/201209.mbox/<20120924220607.16DEB2388C65@eris.apache.org>,chenpei
Mon Sep 24 22:07:28 2012,http://mail-archives.apache.org/mod_mbox/ctakes-commits/201209.mbox/<20120924220607.16DEB2388C65@eris.apache.org>,chenpei
Mon Sep 24 22:07:28 2012,http://mail-archives.apache.org/mod_mbox/ctakes-commits/201209.mbox/<20120924220607.16DEB2388C65@eris.apache.org>,chenpei
Mon Sep 24 22:07:28 2012,http://mail-archives.apache.org/mod_mbox/ctakes-commits/201209.mbox/<20120924220607.16DEB2388C65@eris.apache.org>,chenpei
Mon Sep 24 22:07:28 2012,http://mail-archives.apache.org/mod_mbox/ctakes-commits/201209.mbox/<20120924220607.16DEB2388C65@eris.apache.org>,chenpei
Mon Sep 24 22:07:28 2012,http://mail-archives.apache.org/mod_mbox/ctakes-commits/201209.mbox/<20120924220607.16DEB2388C65@eris.apache.org>,chenpei
Mon Sep 24 22:07:28 2012,http://mail-archives.apache.org/mod_mbox/ctakes-commits/201209.mbox/<20120924220607.16DEB2388C65@eris.apache.org>,chenpei
Mon Sep 24 22:07:28 2012,http://mail-archives.apache.org/mod_mbox/ctakes-commits/201209.mbox/<20120924220607.16DEB2388C65@eris.apache.org>,chenpei
Mon Sep 24 22:07:28 2012,http://mail-archives.apache.org/mod_mbox/ctakes-commits/201209.mbox/<20120924220607.16DEB2388C65@eris.apache.org>,chenpei
Mon Sep 24 22:07:28 2012,http://mail-archives.apache.org/mod_mbox/ctakes-commits/201209.mbox/<20120924220607.16DEB2388C65@eris.apache.org>,chenpei
Mon Sep 24 22:07:28 2012,http://mail-archives.apache.org/mod_mbox/ctakes-commits/201209.mbox/<20120924220607.16DEB2388C65@eris.apache.org>,chenpei
Mon Sep 24 22:07:28 2012,http://mail-archives.apache.org/mod_mbox/ctakes-commits/201209.mbox/<20120924220607.16DEB2388C65@eris.apache.org>,chenpei
Mon Sep 24 22:07:28 2012,http://mail-archives.apache.org/mod_mbox/ctakes-commits/201209.mbox/<20120924220607.16DEB2388C65@eris.apache.org>,chenpei
Mon Sep 24 22:07:28 2012,http://mail-archives.apache.org/mod_mbox/ctakes-commits/201209.mbox/<20120924220607.16DEB2388C65@eris.apache.org>,chenpei
Mon Sep 24 22:07:28 2012,http://mail-archives.apache.org/mod_mbox/ctakes-commits/201209.mbox/<20120924220607.16DEB2388C65@eris.apache.org>,chenpei
Mon Sep 24 22:07:28 2012,http://mail-archives.apache.org/mod_mbox/ctakes-commits/201209.mbox/<20120924220607.16DEB2388C65@eris.apache.org>,chenpei
Mon Sep 24 22:07:28 2012,http://mail-archives.apache.org/mod_mbox/ctakes-commits/201209.mbox/<20120924220607.16DEB2388C65@eris.apache.org>,chenpei
Mon Sep 24 22:07:28 2012,http://mail-archives.apache.org/mod_mbox/ctakes-commits/201209.mbox/<20120924220607.16DEB2388C65@eris.apache.org>,chenpei
Mon Sep 24 22:07:28 2012,http://mail-archives.apache.org/mod_mbox/ctakes-commits/201209.mbox/<20120924220607.16DEB2388C65@eris.apache.org>,chenpei
Mon Sep 24 22:07:28 2012,http://mail-archives.apache.org/mod_mbox/ctakes-commits/201209.mbox/<20120924220607.16DEB2388C65@eris.apache.org>,chenpei
Mon Sep 24 22:07:28 2012,http://mail-archives.apache.org/mod_mbox/ctakes-commits/201209.mbox/<20120924220607.16DEB2388C65@eris.apache.org>,chenpei
Mon Sep 24 22:07:28 2012,http://mail-archives.apache.org/mod_mbox/ctakes-commits/201209.mbox/<20120924220607.16DEB2388C65@eris.apache.org>,chenpei
Mon Sep 24 22:07:28 2012,http://mail-archives.apache.org/mod_mbox/ctakes-commits/201209.mbox/<20120924220607.16DEB2388C65@eris.apache.org>,chenpei
Mon Sep 24 22:07:28 2012,http://mail-archives.apache.org/mod_mbox/ctakes-commits/201209.mbox/<20120924220607.16DEB2388C65@eris.apache.org>,chenpei
Mon Sep 24 22:07:28 2012,http://mail-archives.apache.org/mod_mbox/ctakes-commits/201209.mbox/<20120924220607.16DEB2388C65@eris.apache.org>,chenpei
Mon Sep 24 22:07:28 2012,http://mail-archives.apache.org/mod_mbox/ctakes-commits/201209.mbox/<20120924220607.16DEB2388C65@eris.apache.org>,chenpei
Mon Sep 24 22:07:28 2012,http://mail-archives.apache.org/mod_mbox/ctakes-commits/201209.mbox/<20120924220607.16DEB2388C65@eris.apache.org>,chenpei
Mon Sep 24 22:07:28 2012,http://mail-archives.apache.org/mod_mbox/ctakes-commits/201209.mbox/<20120924220607.16DEB2388C65@eris.apache.org>,chenpei
Mon Sep 24 22:07:28 2012,http://mail-archives.apache.org/mod_mbox/ctakes-commits/201209.mbox/<20120924220607.16DEB2388C65@eris.apache.org>,chenpei
Mon Sep 24 22:07:28 2012,http://mail-archives.apache.org/mod_mbox/ctakes-commits/201209.mbox/<20120924220607.16DEB2388C65@eris.apache.org>,chenpei
Mon Sep 24 22:07:28 2012,http://mail-archives.apache.org/mod_mbox/ctakes-commits/201209.mbox/<20120924220607.16DEB2388C65@eris.apache.org>,chenpei
Mon Sep 24 22:07:28 2012,http://mail-archives.apache.org/mod_mbox/ctakes-commits/201209.mbox/<20120924220607.16DEB2388C65@eris.apache.org>,chenpei
Mon Sep 24 22:07:28 2012,http://mail-archives.apache.org/mod_mbox/ctakes-commits/201209.mbox/<20120924220607.16DEB2388C65@eris.apache.org>,chenpei
Mon Sep 24 22:07:28 2012,http://mail-archives.apache.org/mod_mbox/ctakes-commits/201209.mbox/<20120924220607.16DEB2388C65@eris.apache.org>,chenpei
Mon Sep 24 22:07:28 2012,http://mail-archives.apache.org/mod_mbox/ctakes-commits/201209.mbox/<20120924220607.16DEB2388C65@eris.apache.org>,chenpei
Mon Sep 24 22:07:28 2012,http://mail-archives.apache.org/mod_mbox/ctakes-commits/201209.mbox/<20120924220607.16DEB2388C65@eris.apache.org>,chenpei
Mon Sep 24 22:07:28 2012,http://mail-archives.apache.org/mod_mbox/ctakes-commits/201209.mbox/<20120924220607.16DEB2388C65@eris.apache.org>,chenpei
Mon Sep 24 22:07:28 2012,http://mail-archives.apache.org/mod_mbox/ctakes-commits/201209.mbox/<20120924220607.16DEB2388C65@eris.apache.org>,chenpei
Mon Sep 24 22:07:28 2012,http://mail-archives.apache.org/mod_mbox/ctakes-commits/201209.mbox/<20120924220607.16DEB2388C65@eris.apache.org>,chenpei
Mon Sep 24 22:07:28 2012,http://mail-archives.apache.org/mod_mbox/ctakes-commits/201209.mbox/<20120924220607.16DEB2388C65@eris.apache.org>,chenpei
Mon Sep 24 22:07:28 2012,http://mail-archives.apache.org/mod_mbox/ctakes-commits/201209.mbox/<20120924220607.16DEB2388C65@eris.apache.org>,chenpei
Mon Sep 24 22:07:28 2012,http://mail-archives.apache.org/mod_mbox/ctakes-commits/201209.mbox/<20120924220607.16DEB2388C65@eris.apache.org>,chenpei
Mon Sep 24 22:07:28 2012,http://mail-archives.apache.org/mod_mbox/ctakes-commits/201209.mbox/<20120924220607.16DEB2388C65@eris.apache.org>,chenpei
Mon Sep 24 22:07:28 2012,http://mail-archives.apache.org/mod_mbox/ctakes-commits/201209.mbox/<20120924220607.16DEB2388C65@eris.apache.org>,chenpei
Mon Sep 24 22:07:28 2012,http://mail-archives.apache.org/mod_mbox/ctakes-commits/201209.mbox/<20120924220607.16DEB2388C65@eris.apache.org>,chenpei
Mon Sep 24 22:07:28 2012,http://mail-archives.apache.org/mod_mbox/ctakes-commits/201209.mbox/<20120924220607.16DEB2388C65@eris.apache.org>,chenpei
Mon Sep 24 22:07:28 2012,http://mail-archives.apache.org/mod_mbox/ctakes-commits/201209.mbox/<20120924220607.16DEB2388C65@eris.apache.org>,chenpei
Mon Sep 24 22:07:28 2012,http://mail-archives.apache.org/mod_mbox/ctakes-commits/201209.mbox/<20120924220607.16DEB2388C65@eris.apache.org>,chenpei
Mon Sep 24 22:07:28 2012,http://mail-archives.apache.org/mod_mbox/ctakes-commits/201209.mbox/<20120924220607.16DEB2388C65@eris.apache.org>,chenpei
Mon Sep 24 22:07:28 2012,http://mail-archives.apache.org/mod_mbox/ctakes-commits/201209.mbox/<20120924220607.16DEB2388C65@eris.apache.org>,chenpei
Mon Sep 24 22:07:28 2012,http://mail-archives.apache.org/mod_mbox/ctakes-commits/201209.mbox/<20120924220607.16DEB2388C65@eris.apache.org>,chenpei
Mon Sep 24 22:07:28 2012,http://mail-archives.apache.org/mod_mbox/ctakes-commits/201209.mbox/<20120924220607.16DEB2388C65@eris.apache.org>,chenpei
Mon Sep 24 22:07:28 2012,http://mail-archives.apache.org/mod_mbox/ctakes-commits/201209.mbox/<20120924220607.16DEB2388C65@eris.apache.org>,chenpei
Mon Sep 24 22:07:28 2012,http://mail-archives.apache.org/mod_mbox/ctakes-commits/201209.mbox/<20120924220607.16DEB2388C65@eris.apache.org>,chenpei
Mon Sep 24 22:07:28 2012,http://mail-archives.apache.org/mod_mbox/ctakes-commits/201209.mbox/<20120924220607.16DEB2388C65@eris.apache.org>,chenpei
Mon Sep 24 22:07:28 2012,http://mail-archives.apache.org/mod_mbox/ctakes-commits/201209.mbox/<20120924220607.16DEB2388C65@eris.apache.org>,chenpei
Mon Sep 24 22:07:28 2012,http://mail-archives.apache.org/mod_mbox/ctakes-commits/201209.mbox/<20120924220607.16DEB2388C65@eris.apache.org>,chenpei
Mon Sep 24 22:07:28 2012,http://mail-archives.apache.org/mod_mbox/ctakes-commits/201209.mbox/<20120924220607.16DEB2388C65@eris.apache.org>,chenpei
Mon Sep 24 22:07:28 2012,http://mail-archives.apache.org/mod_mbox/ctakes-commits/201209.mbox/<20120924220607.16DEB2388C65@eris.apache.org>,chenpei
Mon Sep 24 22:07:28 2012,http://mail-archives.apache.org/mod_mbox/ctakes-commits/201209.mbox/<20120924220607.16DEB2388C65@eris.apache.org>,chenpei
Mon Sep 24 22:07:28 2012,http://mail-archives.apache.org/mod_mbox/ctakes-commits/201209.mbox/<20120924220607.16DEB2388C65@eris.apache.org>,chenpei
Mon Sep 24 22:07:28 2012,http://mail-archives.apache.org/mod_mbox/ctakes-commits/201209.mbox/<20120924220607.16DEB2388C65@eris.apache.org>,chenpei
Mon Sep 24 22:07:28 2012,http://mail-archives.apache.org/mod_mbox/ctakes-commits/201209.mbox/<20120924220607.16DEB2388C65@eris.apache.org>,chenpei
Mon Sep 24 22:07:28 2012,http://mail-archives.apache.org/mod_mbox/ctakes-commits/201209.mbox/<20120924220607.16DEB2388C65@eris.apache.org>,chenpei
Mon Sep 24 22:07:28 2012,http://mail-archives.apache.org/mod_mbox/ctakes-commits/201209.mbox/<20120924220607.16DEB2388C65@eris.apache.org>,chenpei
Mon Sep 24 22:07:28 2012,http://mail-archives.apache.org/mod_mbox/ctakes-commits/201209.mbox/<20120924220607.16DEB2388C65@eris.apache.org>,chenpei
Mon Sep 24 22:07:28 2012,http://mail-archives.apache.org/mod_mbox/ctakes-commits/201209.mbox/<20120924220607.16DEB2388C65@eris.apache.org>,chenpei
Mon Sep 24 22:07:28 2012,http://mail-archives.apache.org/mod_mbox/ctakes-commits/201209.mbox/<20120924220607.16DEB2388C65@eris.apache.org>,chenpei
Mon Sep 24 22:07:28 2012,http://mail-archives.apache.org/mod_mbox/ctakes-commits/201209.mbox/<20120924220607.16DEB2388C65@eris.apache.org>,chenpei
Mon Sep 24 22:07:28 2012,http://mail-archives.apache.org/mod_mbox/ctakes-commits/201209.mbox/<20120924220607.16DEB2388C65@eris.apache.org>,chenpei
Mon Sep 24 22:07:28 2012,http://mail-archives.apache.org/mod_mbox/ctakes-commits/201209.mbox/<20120924220607.16DEB2388C65@eris.apache.org>,chenpei
Mon Sep 24 22:07:28 2012,http://mail-archives.apache.org/mod_mbox/ctakes-commits/201209.mbox/<20120924220607.16DEB2388C65@eris.apache.org>,chenpei
Mon Sep 24 22:07:28 2012,http://mail-archives.apache.org/mod_mbox/ctakes-commits/201209.mbox/<20120924220607.16DEB2388C65@eris.apache.org>,chenpei
Mon Sep 24 22:07:28 2012,http://mail-archives.apache.org/mod_mbox/ctakes-commits/201209.mbox/<20120924220607.16DEB2388C65@eris.apache.org>,chenpei
Mon Sep 24 22:07:28 2012,http://mail-archives.apache.org/mod_mbox/ctakes-commits/201209.mbox/<20120924220607.16DEB2388C65@eris.apache.org>,chenpei
Mon Sep 24 22:07:28 2012,http://mail-archives.apache.org/mod_mbox/ctakes-commits/201209.mbox/<20120924220607.16DEB2388C65@eris.apache.org>,chenpei
Mon Sep 24 22:07:28 2012,http://mail-archives.apache.org/mod_mbox/ctakes-commits/201209.mbox/<20120924220607.16DEB2388C65@eris.apache.org>,chenpei
Mon Sep 24 22:07:28 2012,http://mail-archives.apache.org/mod_mbox/ctakes-commits/201209.mbox/<20120924220607.16DEB2388C65@eris.apache.org>,chenpei
Mon Sep 24 22:07:28 2012,http://mail-archives.apache.org/mod_mbox/ctakes-commits/201209.mbox/<20120924220607.16DEB2388C65@eris.apache.org>,chenpei
Mon Sep 24 22:07:28 2012,http://mail-archives.apache.org/mod_mbox/ctakes-commits/201209.mbox/<20120924220607.16DEB2388C65@eris.apache.org>,chenpei
Mon Sep 24 22:07:28 2012,http://mail-archives.apache.org/mod_mbox/ctakes-commits/201209.mbox/<20120924220607.16DEB2388C65@eris.apache.org>,chenpei
Mon Sep 24 22:07:28 2012,http://mail-archives.apache.org/mod_mbox/ctakes-commits/201209.mbox/<20120924220607.16DEB2388C65@eris.apache.org>,chenpei
Mon Sep 24 22:07:28 2012,http://mail-archives.apache.org/mod_mbox/ctakes-commits/201209.mbox/<20120924220607.16DEB2388C65@eris.apache.org>,chenpei
Mon Sep 24 22:07:28 2012,http://mail-archives.apache.org/mod_mbox/ctakes-commits/201209.mbox/<20120924220607.16DEB2388C65@eris.apache.org>,chenpei
Mon Sep 24 22:07:28 2012,http://mail-archives.apache.org/mod_mbox/ctakes-commits/201209.mbox/<20120924220607.16DEB2388C65@eris.apache.org>,chenpei
Mon Sep 24 22:07:28 2012,http://mail-archives.apache.org/mod_mbox/ctakes-commits/201209.mbox/<20120924220607.16DEB2388C65@eris.apache.org>,chenpei
Mon Sep 24 22:07:28 2012,http://mail-archives.apache.org/mod_mbox/ctakes-commits/201209.mbox/<20120924220607.16DEB2388C65@eris.apache.org>,chenpei
Mon Sep 24 22:07:28 2012,http://mail-archives.apache.org/mod_mbox/ctakes-commits/201209.mbox/<20120924220607.16DEB2388C65@eris.apache.org>,chenpei
Mon Sep 24 22:07:28 2012,http://mail-archives.apache.org/mod_mbox/ctakes-commits/201209.mbox/<20120924220607.16DEB2388C65@eris.apache.org>,chenpei
Mon Sep 24 22:07:28 2012,http://mail-archives.apache.org/mod_mbox/ctakes-commits/201209.mbox/<20120924220607.16DEB2388C65@eris.apache.org>,chenpei
Mon Sep 24 22:07:28 2012,http://mail-archives.apache.org/mod_mbox/ctakes-commits/201209.mbox/<20120924220607.16DEB2388C65@eris.apache.org>,chenpei
Mon Sep 24 22:07:28 2012,http://mail-archives.apache.org/mod_mbox/ctakes-commits/201209.mbox/<20120924220607.16DEB2388C65@eris.apache.org>,chenpei
Mon Sep 24 22:07:28 2012,http://mail-archives.apache.org/mod_mbox/ctakes-commits/201209.mbox/<20120924220607.16DEB2388C65@eris.apache.org>,chenpei
Mon Sep 24 22:07:28 2012,http://mail-archives.apache.org/mod_mbox/ctakes-commits/201209.mbox/<20120924220607.16DEB2388C65@eris.apache.org>,chenpei
Mon Sep 24 22:07:28 2012,http://mail-archives.apache.org/mod_mbox/ctakes-commits/201209.mbox/<20120924220607.16DEB2388C65@eris.apache.org>,chenpei
Mon Sep 24 22:07:28 2012,http://mail-archives.apache.org/mod_mbox/ctakes-commits/201209.mbox/<20120924220607.16DEB2388C65@eris.apache.org>,chenpei
Mon Sep 24 22:07:28 2012,http://mail-archives.apache.org/mod_mbox/ctakes-commits/201209.mbox/<20120924220607.16DEB2388C65@eris.apache.org>,chenpei
Mon Sep 24 22:07:28 2012,http://mail-archives.apache.org/mod_mbox/ctakes-commits/201209.mbox/<20120924220607.16DEB2388C65@eris.apache.org>,chenpei
Mon Sep 24 22:07:28 2012,http://mail-archives.apache.org/mod_mbox/ctakes-commits/201209.mbox/<20120924220607.16DEB2388C65@eris.apache.org>,chenpei
Mon Sep 24 22:07:28 2012,http://mail-archives.apache.org/mod_mbox/ctakes-commits/201209.mbox/<20120924220607.16DEB2388C65@eris.apache.org>,chenpei
Mon Sep 24 22:07:28 2012,http://mail-archives.apache.org/mod_mbox/ctakes-commits/201209.mbox/<20120924220607.16DEB2388C65@eris.apache.org>,chenpei
Mon Sep 24 22:07:28 2012,http://mail-archives.apache.org/mod_mbox/ctakes-commits/201209.mbox/<20120924220607.16DEB2388C65@eris.apache.org>,chenpei
Mon Sep 24 22:07:28 2012,http://mail-archives.apache.org/mod_mbox/ctakes-commits/201209.mbox/<20120924220607.16DEB2388C65@eris.apache.org>,chenpei
Mon Sep 24 22:07:28 2012,http://mail-archives.apache.org/mod_mbox/ctakes-commits/201209.mbox/<20120924220607.16DEB2388C65@eris.apache.org>,chenpei
Mon Sep 24 22:07:28 2012,http://mail-archives.apache.org/mod_mbox/ctakes-commits/201209.mbox/<20120924220607.16DEB2388C65@eris.apache.org>,chenpei
Mon Sep 24 22:07:28 2012,http://mail-archives.apache.org/mod_mbox/ctakes-commits/201209.mbox/<20120924220607.16DEB2388C65@eris.apache.org>,chenpei
Mon Sep 24 22:07:28 2012,http://mail-archives.apache.org/mod_mbox/ctakes-commits/201209.mbox/<20120924220607.16DEB2388C65@eris.apache.org>,chenpei
Mon Sep 24 22:07:28 2012,http://mail-archives.apache.org/mod_mbox/ctakes-commits/201209.mbox/<20120924220607.16DEB2388C65@eris.apache.org>,chenpei
Mon Sep 24 22:07:28 2012,http://mail-archives.apache.org/mod_mbox/ctakes-commits/201209.mbox/<20120924220607.16DEB2388C65@eris.apache.org>,chenpei
Mon Sep 24 22:07:28 2012,http://mail-archives.apache.org/mod_mbox/ctakes-commits/201209.mbox/<20120924220607.16DEB2388C65@eris.apache.org>,chenpei
Mon Sep 24 22:07:28 2012,http://mail-archives.apache.org/mod_mbox/ctakes-commits/201209.mbox/<20120924220607.16DEB2388C65@eris.apache.org>,chenpei
Mon Sep 24 22:07:28 2012,http://mail-archives.apache.org/mod_mbox/ctakes-commits/201209.mbox/<20120924220607.16DEB2388C65@eris.apache.org>,chenpei
Mon Sep 24 22:07:28 2012,http://mail-archives.apache.org/mod_mbox/ctakes-commits/201209.mbox/<20120924220607.16DEB2388C65@eris.apache.org>,chenpei
Mon Sep 24 22:07:28 2012,http://mail-archives.apache.org/mod_mbox/ctakes-commits/201209.mbox/<20120924220607.16DEB2388C65@eris.apache.org>,chenpei
Mon Sep 24 22:07:28 2012,http://mail-archives.apache.org/mod_mbox/ctakes-commits/201209.mbox/<20120924220607.16DEB2388C65@eris.apache.org>,chenpei
Mon Sep 24 22:07:28 2012,http://mail-archives.apache.org/mod_mbox/ctakes-commits/201209.mbox/<20120924220607.16DEB2388C65@eris.apache.org>,chenpei
Mon Sep 24 22:07:28 2012,http://mail-archives.apache.org/mod_mbox/ctakes-commits/201209.mbox/<20120924220607.16DEB2388C65@eris.apache.org>,chenpei
Mon Sep 24 22:07:28 2012,http://mail-archives.apache.org/mod_mbox/ctakes-commits/201209.mbox/<20120924220607.16DEB2388C65@eris.apache.org>,chenpei
Mon Sep 24 22:07:28 2012,http://mail-archives.apache.org/mod_mbox/ctakes-commits/201209.mbox/<20120924220607.16DEB2388C65@eris.apache.org>,chenpei
Mon Sep 24 22:07:28 2012,http://mail-archives.apache.org/mod_mbox/ctakes-commits/201209.mbox/<20120924220607.16DEB2388C65@eris.apache.org>,chenpei
Mon Sep 24 22:07:28 2012,http://mail-archives.apache.org/mod_mbox/ctakes-commits/201209.mbox/<20120924220607.16DEB2388C65@eris.apache.org>,chenpei
Mon Sep 24 22:07:28 2012,http://mail-archives.apache.org/mod_mbox/ctakes-commits/201209.mbox/<20120924220607.16DEB2388C65@eris.apache.org>,chenpei
Mon Sep 24 22:07:28 2012,http://mail-archives.apache.org/mod_mbox/ctakes-commits/201209.mbox/<20120924220607.16DEB2388C65@eris.apache.org>,chenpei
Mon Sep 24 22:07:28 2012,http://mail-archives.apache.org/mod_mbox/ctakes-commits/201209.mbox/<20120924220607.16DEB2388C65@eris.apache.org>,chenpei
Mon Sep 24 22:07:28 2012,http://mail-archives.apache.org/mod_mbox/ctakes-commits/201209.mbox/<20120924220607.16DEB2388C65@eris.apache.org>,chenpei
Mon Sep 24 22:07:28 2012,http://mail-archives.apache.org/mod_mbox/ctakes-commits/201209.mbox/<20120924220607.16DEB2388C65@eris.apache.org>,chenpei
Mon Sep 24 22:07:28 2012,http://mail-archives.apache.org/mod_mbox/ctakes-commits/201209.mbox/<20120924220607.16DEB2388C65@eris.apache.org>,chenpei
Mon Sep 24 22:07:28 2012,http://mail-archives.apache.org/mod_mbox/ctakes-commits/201209.mbox/<20120924220607.16DEB2388C65@eris.apache.org>,chenpei
Mon Sep 24 22:07:28 2012,http://mail-archives.apache.org/mod_mbox/ctakes-commits/201209.mbox/<20120924220607.16DEB2388C65@eris.apache.org>,chenpei
Mon Sep 24 22:07:28 2012,http://mail-archives.apache.org/mod_mbox/ctakes-commits/201209.mbox/<20120924220607.16DEB2388C65@eris.apache.org>,chenpei
Mon Sep 24 22:07:28 2012,http://mail-archives.apache.org/mod_mbox/ctakes-commits/201209.mbox/<20120924220607.16DEB2388C65@eris.apache.org>,chenpei
Mon Sep 24 22:07:28 2012,http://mail-archives.apache.org/mod_mbox/ctakes-commits/201209.mbox/<20120924220607.16DEB2388C65@eris.apache.org>,chenpei
Mon Sep 24 22:07:28 2012,http://mail-archives.apache.org/mod_mbox/ctakes-commits/201209.mbox/<20120924220607.16DEB2388C65@eris.apache.org>,chenpei
Mon Sep 24 22:07:28 2012,http://mail-archives.apache.org/mod_mbox/ctakes-commits/201209.mbox/<20120924220607.16DEB2388C65@eris.apache.org>,chenpei
Mon Sep 24 22:07:28 2012,http://mail-archives.apache.org/mod_mbox/ctakes-commits/201209.mbox/<20120924220607.16DEB2388C65@eris.apache.org>,chenpei
Mon Sep 24 22:07:28 2012,http://mail-archives.apache.org/mod_mbox/ctakes-commits/201209.mbox/<20120924220607.16DEB2388C65@eris.apache.org>,chenpei
Mon Sep 24 22:07:28 2012,http://mail-archives.apache.org/mod_mbox/ctakes-commits/201209.mbox/<20120924220607.16DEB2388C65@eris.apache.org>,chenpei
Mon Sep 24 22:07:28 2012,http://mail-archives.apache.org/mod_mbox/ctakes-commits/201209.mbox/<20120924220607.16DEB2388C65@eris.apache.org>,chenpei
Mon Sep 24 22:07:28 2012,http://mail-archives.apache.org/mod_mbox/ctakes-commits/201209.mbox/<20120924220607.16DEB2388C65@eris.apache.org>,chenpei
Mon Sep 24 22:07:28 2012,http://mail-archives.apache.org/mod_mbox/ctakes-commits/201209.mbox/<20120924220607.16DEB2388C65@eris.apache.org>,chenpei
Mon Sep 24 22:07:28 2012,http://mail-archives.apache.org/mod_mbox/ctakes-commits/201209.mbox/<20120924220607.16DEB2388C65@eris.apache.org>,chenpei
Mon Sep 24 22:07:28 2012,http://mail-archives.apache.org/mod_mbox/ctakes-commits/201209.mbox/<20120924220607.16DEB2388C65@eris.apache.org>,chenpei
Mon Sep 24 22:07:28 2012,http://mail-archives.apache.org/mod_mbox/ctakes-commits/201209.mbox/<20120924220607.16DEB2388C65@eris.apache.org>,chenpei
Mon Sep 24 22:07:28 2012,http://mail-archives.apache.org/mod_mbox/ctakes-commits/201209.mbox/<20120924220607.16DEB2388C65@eris.apache.org>,chenpei
Mon Sep 24 22:07:28 2012,http://mail-archives.apache.org/mod_mbox/ctakes-commits/201209.mbox/<20120924220607.16DEB2388C65@eris.apache.org>,chenpei
Mon Sep 24 22:07:28 2012,http://mail-archives.apache.org/mod_mbox/ctakes-commits/201209.mbox/<20120924220607.16DEB2388C65@eris.apache.org>,chenpei
Mon Sep 24 22:07:28 2012,http://mail-archives.apache.org/mod_mbox/ctakes-commits/201209.mbox/<20120924220607.16DEB2388C65@eris.apache.org>,chenpei
Mon Sep 24 22:07:28 2012,http://mail-archives.apache.org/mod_mbox/ctakes-commits/201209.mbox/<20120924220607.16DEB2388C65@eris.apache.org>,chenpei
Mon Sep 24 22:07:28 2012,http://mail-archives.apache.org/mod_mbox/ctakes-commits/201209.mbox/<20120924220607.16DEB2388C65@eris.apache.org>,chenpei
Mon Sep 24 22:07:28 2012,http://mail-archives.apache.org/mod_mbox/ctakes-commits/201209.mbox/<20120924220607.16DEB2388C65@eris.apache.org>,chenpei
Mon Sep 24 22:07:28 2012,http://mail-archives.apache.org/mod_mbox/ctakes-commits/201209.mbox/<20120924220607.16DEB2388C65@eris.apache.org>,chenpei
Mon Sep 24 22:07:28 2012,http://mail-archives.apache.org/mod_mbox/ctakes-commits/201209.mbox/<20120924220607.16DEB2388C65@eris.apache.org>,chenpei
Mon Sep 24 22:07:28 2012,http://mail-archives.apache.org/mod_mbox/ctakes-commits/201209.mbox/<20120924220607.16DEB2388C65@eris.apache.org>,chenpei
Mon Sep 24 22:07:28 2012,http://mail-archives.apache.org/mod_mbox/ctakes-commits/201209.mbox/<20120924220607.16DEB2388C65@eris.apache.org>,chenpei
Mon Sep 24 22:07:28 2012,http://mail-archives.apache.org/mod_mbox/ctakes-commits/201209.mbox/<20120924220607.16DEB2388C65@eris.apache.org>,chenpei
Mon Sep 24 22:07:28 2012,http://mail-archives.apache.org/mod_mbox/ctakes-commits/201209.mbox/<20120924220607.16DEB2388C65@eris.apache.org>,chenpei
Mon Sep 24 22:07:28 2012,http://mail-archives.apache.org/mod_mbox/ctakes-commits/201209.mbox/<20120924220607.16DEB2388C65@eris.apache.org>,chenpei
Mon Sep 24 22:07:28 2012,http://mail-archives.apache.org/mod_mbox/ctakes-commits/201209.mbox/<20120924220607.16DEB2388C65@eris.apache.org>,chenpei
Mon Sep 24 22:07:28 2012,http://mail-archives.apache.org/mod_mbox/ctakes-commits/201209.mbox/<20120924220607.16DEB2388C65@eris.apache.org>,chenpei
Mon Sep 24 22:07:28 2012,http://mail-archives.apache.org/mod_mbox/ctakes-commits/201209.mbox/<20120924220607.16DEB2388C65@eris.apache.org>,chenpei
Mon Sep 24 22:07:28 2012,http://mail-archives.apache.org/mod_mbox/ctakes-commits/201209.mbox/<20120924220607.16DEB2388C65@eris.apache.org>,chenpei
Mon Sep 24 22:07:28 2012,http://mail-archives.apache.org/mod_mbox/ctakes-commits/201209.mbox/<20120924220607.16DEB2388C65@eris.apache.org>,chenpei
Mon Sep 24 22:07:28 2012,http://mail-archives.apache.org/mod_mbox/ctakes-commits/201209.mbox/<20120924220607.16DEB2388C65@eris.apache.org>,chenpei
Mon Sep 24 22:07:28 2012,http://mail-archives.apache.org/mod_mbox/ctakes-commits/201209.mbox/<20120924220607.16DEB2388C65@eris.apache.org>,chenpei
Mon Sep 24 22:07:28 2012,http://mail-archives.apache.org/mod_mbox/ctakes-commits/201209.mbox/<20120924220607.16DEB2388C65@eris.apache.org>,chenpei
Mon Sep 24 22:07:28 2012,http://mail-archives.apache.org/mod_mbox/ctakes-commits/201209.mbox/<20120924220607.16DEB2388C65@eris.apache.org>,chenpei
Mon Sep 24 22:07:28 2012,http://mail-archives.apache.org/mod_mbox/ctakes-commits/201209.mbox/<20120924220607.16DEB2388C65@eris.apache.org>,chenpei
Mon Sep 24 22:07:28 2012,http://mail-archives.apache.org/mod_mbox/ctakes-commits/201209.mbox/<20120924220607.16DEB2388C65@eris.apache.org>,chenpei
Mon Sep 24 22:07:28 2012,http://mail-archives.apache.org/mod_mbox/ctakes-commits/201209.mbox/<20120924220607.16DEB2388C65@eris.apache.org>,chenpei
Mon Sep 24 22:07:28 2012,http://mail-archives.apache.org/mod_mbox/ctakes-commits/201209.mbox/<20120924220607.16DEB2388C65@eris.apache.org>,chenpei
Mon Sep 24 22:07:28 2012,http://mail-archives.apache.org/mod_mbox/ctakes-commits/201209.mbox/<20120924220607.16DEB2388C65@eris.apache.org>,chenpei
Mon Sep 24 22:07:28 2012,http://mail-archives.apache.org/mod_mbox/ctakes-commits/201209.mbox/<20120924220607.16DEB2388C65@eris.apache.org>,chenpei
Mon Sep 24 22:07:28 2012,http://mail-archives.apache.org/mod_mbox/ctakes-commits/201209.mbox/<20120924220607.16DEB2388C65@eris.apache.org>,chenpei
Mon Sep 24 22:07:28 2012,http://mail-archives.apache.org/mod_mbox/ctakes-commits/201209.mbox/<20120924220607.16DEB2388C65@eris.apache.org>,chenpei
Mon Sep 24 22:07:28 2012,http://mail-archives.apache.org/mod_mbox/ctakes-commits/201209.mbox/<20120924220607.16DEB2388C65@eris.apache.org>,chenpei
Mon Sep 24 22:07:28 2012,http://mail-archives.apache.org/mod_mbox/ctakes-commits/201209.mbox/<20120924220607.16DEB2388C65@eris.apache.org>,chenpei
Mon Sep 24 22:07:28 2012,http://mail-archives.apache.org/mod_mbox/ctakes-commits/201209.mbox/<20120924220607.16DEB2388C65@eris.apache.org>,chenpei
Mon Sep 24 22:07:28 2012,http://mail-archives.apache.org/mod_mbox/ctakes-commits/201209.mbox/<20120924220607.16DEB2388C65@eris.apache.org>,chenpei
Mon Sep 24 22:07:28 2012,http://mail-archives.apache.org/mod_mbox/ctakes-commits/201209.mbox/<20120924220607.16DEB2388C65@eris.apache.org>,chenpei
Mon Sep 24 22:07:28 2012,http://mail-archives.apache.org/mod_mbox/ctakes-commits/201209.mbox/<20120924220607.16DEB2388C65@eris.apache.org>,chenpei
Mon Sep 24 22:07:28 2012,http://mail-archives.apache.org/mod_mbox/ctakes-commits/201209.mbox/<20120924220607.16DEB2388C65@eris.apache.org>,chenpei
Mon Sep 24 22:07:28 2012,http://mail-archives.apache.org/mod_mbox/ctakes-commits/201209.mbox/<20120924220607.16DEB2388C65@eris.apache.org>,chenpei
Mon Sep 24 22:07:28 2012,http://mail-archives.apache.org/mod_mbox/ctakes-commits/201209.mbox/<20120924220607.16DEB2388C65@eris.apache.org>,chenpei
Mon Sep 24 22:07:28 2012,http://mail-archives.apache.org/mod_mbox/ctakes-commits/201209.mbox/<20120924220607.16DEB2388C65@eris.apache.org>,chenpei
Mon Sep 24 22:07:28 2012,http://mail-archives.apache.org/mod_mbox/ctakes-commits/201209.mbox/<20120924220607.16DEB2388C65@eris.apache.org>,chenpei
Mon Sep 24 22:07:28 2012,http://mail-archives.apache.org/mod_mbox/ctakes-commits/201209.mbox/<20120924220607.16DEB2388C65@eris.apache.org>,chenpei
Mon Sep 24 22:07:28 2012,http://mail-archives.apache.org/mod_mbox/ctakes-commits/201209.mbox/<20120924220607.16DEB2388C65@eris.apache.org>,chenpei
Mon Sep 24 22:07:28 2012,http://mail-archives.apache.org/mod_mbox/ctakes-commits/201209.mbox/<20120924220607.16DEB2388C65@eris.apache.org>,chenpei
Mon Sep 24 22:07:28 2012,http://mail-archives.apache.org/mod_mbox/ctakes-commits/201209.mbox/<20120924220607.16DEB2388C65@eris.apache.org>,chenpei
Mon Sep 24 22:07:28 2012,http://mail-archives.apache.org/mod_mbox/ctakes-commits/201209.mbox/<20120924220607.16DEB2388C65@eris.apache.org>,chenpei
Mon Sep 24 22:07:28 2012,http://mail-archives.apache.org/mod_mbox/ctakes-commits/201209.mbox/<20120924220607.16DEB2388C65@eris.apache.org>,chenpei
Mon Sep 24 22:07:28 2012,http://mail-archives.apache.org/mod_mbox/ctakes-commits/201209.mbox/<20120924220607.16DEB2388C65@eris.apache.org>,chenpei
Mon Sep 24 22:07:28 2012,http://mail-archives.apache.org/mod_mbox/ctakes-commits/201209.mbox/<20120924220607.16DEB2388C65@eris.apache.org>,chenpei
Mon Sep 24 22:07:28 2012,http://mail-archives.apache.org/mod_mbox/ctakes-commits/201209.mbox/<20120924220607.16DEB2388C65@eris.apache.org>,chenpei
Mon Sep 24 22:07:28 2012,http://mail-archives.apache.org/mod_mbox/ctakes-commits/201209.mbox/<20120924220607.16DEB2388C65@eris.apache.org>,chenpei
Mon Sep 24 22:07:28 2012,http://mail-archives.apache.org/mod_mbox/ctakes-commits/201209.mbox/<20120924220607.16DEB2388C65@eris.apache.org>,chenpei
Mon Sep 24 22:07:28 2012,http://mail-archives.apache.org/mod_mbox/ctakes-commits/201209.mbox/<20120924220607.16DEB2388C65@eris.apache.org>,chenpei
Mon Sep 24 22:07:28 2012,http://mail-archives.apache.org/mod_mbox/ctakes-commits/201209.mbox/<20120924220607.16DEB2388C65@eris.apache.org>,chenpei
Mon Sep 24 22:07:28 2012,http://mail-archives.apache.org/mod_mbox/ctakes-commits/201209.mbox/<20120924220607.16DEB2388C65@eris.apache.org>,chenpei
Mon Sep 24 22:07:28 2012,http://mail-archives.apache.org/mod_mbox/ctakes-commits/201209.mbox/<20120924220607.16DEB2388C65@eris.apache.org>,chenpei
Mon Sep 24 22:07:28 2012,http://mail-archives.apache.org/mod_mbox/ctakes-commits/201209.mbox/<20120924220607.16DEB2388C65@eris.apache.org>,chenpei
Mon Sep 24 22:07:28 2012,http://mail-archives.apache.org/mod_mbox/ctakes-commits/201209.mbox/<20120924220607.16DEB2388C65@eris.apache.org>,chenpei
Mon Sep 24 22:07:28 2012,http://mail-archives.apache.org/mod_mbox/ctakes-commits/201209.mbox/<20120924220607.16DEB2388C65@eris.apache.org>,chenpei
Mon Sep 24 22:07:28 2012,http://mail-archives.apache.org/mod_mbox/ctakes-commits/201209.mbox/<20120924220607.16DEB2388C65@eris.apache.org>,chenpei
Mon Sep 24 22:07:28 2012,http://mail-archives.apache.org/mod_mbox/ctakes-commits/201209.mbox/<20120924220607.16DEB2388C65@eris.apache.org>,chenpei
Mon Sep 24 22:07:28 2012,http://mail-archives.apache.org/mod_mbox/ctakes-commits/201209.mbox/<20120924220607.16DEB2388C65@eris.apache.org>,chenpei
Mon Sep 24 22:07:28 2012,http://mail-archives.apache.org/mod_mbox/ctakes-commits/201209.mbox/<20120924220607.16DEB2388C65@eris.apache.org>,chenpei
Mon Sep 24 22:07:28 2012,http://mail-archives.apache.org/mod_mbox/ctakes-commits/201209.mbox/<20120924220607.16DEB2388C65@eris.apache.org>,chenpei
Mon Sep 24 22:07:28 2012,http://mail-archives.apache.org/mod_mbox/ctakes-commits/201209.mbox/<20120924220607.16DEB2388C65@eris.apache.org>,chenpei
Mon Sep 24 22:07:28 2012,http://mail-archives.apache.org/mod_mbox/ctakes-commits/201209.mbox/<20120924220607.16DEB2388C65@eris.apache.org>,chenpei
Mon Sep 24 22:07:28 2012,http://mail-archives.apache.org/mod_mbox/ctakes-commits/201209.mbox/<20120924220607.16DEB2388C65@eris.apache.org>,chenpei
Mon Sep 24 22:07:28 2012,http://mail-archives.apache.org/mod_mbox/ctakes-commits/201209.mbox/<20120924220607.16DEB2388C65@eris.apache.org>,chenpei
Mon Sep 24 22:07:28 2012,http://mail-archives.apache.org/mod_mbox/ctakes-commits/201209.mbox/<20120924220607.16DEB2388C65@eris.apache.org>,chenpei
Mon Sep 24 22:07:28 2012,http://mail-archives.apache.org/mod_mbox/ctakes-commits/201209.mbox/<20120924220607.16DEB2388C65@eris.apache.org>,chenpei
Mon Sep 24 22:07:28 2012,http://mail-archives.apache.org/mod_mbox/ctakes-commits/201209.mbox/<20120924220607.16DEB2388C65@eris.apache.org>,chenpei
Mon Sep 24 22:07:28 2012,http://mail-archives.apache.org/mod_mbox/ctakes-commits/201209.mbox/<20120924220607.16DEB2388C65@eris.apache.org>,chenpei
Mon Sep 24 22:07:28 2012,http://mail-archives.apache.org/mod_mbox/ctakes-commits/201209.mbox/<20120924220607.16DEB2388C65@eris.apache.org>,chenpei
Mon Sep 24 22:07:28 2012,http://mail-archives.apache.org/mod_mbox/ctakes-commits/201209.mbox/<20120924220607.16DEB2388C65@eris.apache.org>,chenpei
Mon Sep 24 22:07:28 2012,http://mail-archives.apache.org/mod_mbox/ctakes-commits/201209.mbox/<20120924220607.16DEB2388C65@eris.apache.org>,chenpei
Mon Sep 24 22:07:28 2012,http://mail-archives.apache.org/mod_mbox/ctakes-commits/201209.mbox/<20120924220607.16DEB2388C65@eris.apache.org>,chenpei
Mon Sep 24 22:07:28 2012,http://mail-archives.apache.org/mod_mbox/ctakes-commits/201209.mbox/<20120924220607.16DEB2388C65@eris.apache.org>,chenpei
Mon Sep 24 22:07:28 2012,http://mail-archives.apache.org/mod_mbox/ctakes-commits/201209.mbox/<20120924220607.16DEB2388C65@eris.apache.org>,chenpei
Mon Sep 24 22:07:28 2012,http://mail-archives.apache.org/mod_mbox/ctakes-commits/201209.mbox/<20120924220607.16DEB2388C65@eris.apache.org>,chenpei
Mon Sep 24 22:07:28 2012,http://mail-archives.apache.org/mod_mbox/ctakes-commits/201209.mbox/<20120924220607.16DEB2388C65@eris.apache.org>,chenpei
Mon Sep 24 22:07:28 2012,http://mail-archives.apache.org/mod_mbox/ctakes-commits/201209.mbox/<20120924220607.16DEB2388C65@eris.apache.org>,chenpei
Mon Sep 24 22:07:28 2012,http://mail-archives.apache.org/mod_mbox/ctakes-commits/201209.mbox/<20120924220607.16DEB2388C65@eris.apache.org>,chenpei
Mon Sep 24 22:07:28 2012,http://mail-archives.apache.org/mod_mbox/ctakes-commits/201209.mbox/<20120924220607.16DEB2388C65@eris.apache.org>,chenpei
Mon Sep 24 22:07:28 2012,http://mail-archives.apache.org/mod_mbox/ctakes-commits/201209.mbox/<20120924220607.16DEB2388C65@eris.apache.org>,chenpei
Mon Sep 24 22:07:28 2012,http://mail-archives.apache.org/mod_mbox/ctakes-commits/201209.mbox/<20120924220607.16DEB2388C65@eris.apache.org>,chenpei
Mon Sep 24 22:07:28 2012,http://mail-archives.apache.org/mod_mbox/ctakes-commits/201209.mbox/<20120924220607.16DEB2388C65@eris.apache.org>,chenpei
Mon Sep 24 22:07:28 2012,http://mail-archives.apache.org/mod_mbox/ctakes-commits/201209.mbox/<20120924220607.16DEB2388C65@eris.apache.org>,chenpei
Mon Sep 24 22:07:28 2012,http://mail-archives.apache.org/mod_mbox/ctakes-commits/201209.mbox/<20120924220607.16DEB2388C65@eris.apache.org>,chenpei
Mon Sep 24 22:07:28 2012,http://mail-archives.apache.org/mod_mbox/ctakes-commits/201209.mbox/<20120924220607.16DEB2388C65@eris.apache.org>,chenpei
Mon Sep 24 22:07:28 2012,http://mail-archives.apache.org/mod_mbox/ctakes-commits/201209.mbox/<20120924220607.16DEB2388C65@eris.apache.org>,chenpei
Mon Sep 24 22:07:28 2012,http://mail-archives.apache.org/mod_mbox/ctakes-commits/201209.mbox/<20120924220607.16DEB2388C65@eris.apache.org>,chenpei
Mon Sep 24 22:07:28 2012,http://mail-archives.apache.org/mod_mbox/ctakes-commits/201209.mbox/<20120924220607.16DEB2388C65@eris.apache.org>,chenpei
Mon Sep 24 22:07:28 2012,http://mail-archives.apache.org/mod_mbox/ctakes-commits/201209.mbox/<20120924220607.16DEB2388C65@eris.apache.org>,chenpei
Mon Sep 24 22:07:28 2012,http://mail-archives.apache.org/mod_mbox/ctakes-commits/201209.mbox/<20120924220607.16DEB2388C65@eris.apache.org>,chenpei
Mon Sep 24 22:07:28 2012,http://mail-archives.apache.org/mod_mbox/ctakes-commits/201209.mbox/<20120924220607.16DEB2388C65@eris.apache.org>,chenpei
Mon Sep 24 22:07:28 2012,http://mail-archives.apache.org/mod_mbox/ctakes-commits/201209.mbox/<20120924220607.16DEB2388C65@eris.apache.org>,chenpei
Mon Sep 24 22:07:28 2012,http://mail-archives.apache.org/mod_mbox/ctakes-commits/201209.mbox/<20120924220607.16DEB2388C65@eris.apache.org>,chenpei
Mon Sep 24 22:07:28 2012,http://mail-archives.apache.org/mod_mbox/ctakes-commits/201209.mbox/<20120924220607.16DEB2388C65@eris.apache.org>,chenpei
Mon Sep 24 22:07:28 2012,http://mail-archives.apache.org/mod_mbox/ctakes-commits/201209.mbox/<20120924220607.16DEB2388C65@eris.apache.org>,chenpei
Mon Sep 24 22:07:28 2012,http://mail-archives.apache.org/mod_mbox/ctakes-commits/201209.mbox/<20120924220607.16DEB2388C65@eris.apache.org>,chenpei
Mon Sep 24 22:07:28 2012,http://mail-archives.apache.org/mod_mbox/ctakes-commits/201209.mbox/<20120924220607.16DEB2388C65@eris.apache.org>,chenpei
Mon Sep 24 22:07:28 2012,http://mail-archives.apache.org/mod_mbox/ctakes-commits/201209.mbox/<20120924220607.16DEB2388C65@eris.apache.org>,chenpei
Mon Sep 24 22:07:28 2012,http://mail-archives.apache.org/mod_mbox/ctakes-commits/201209.mbox/<20120924220607.16DEB2388C65@eris.apache.org>,chenpei
Mon Sep 24 22:07:28 2012,http://mail-archives.apache.org/mod_mbox/ctakes-commits/201209.mbox/<20120924220607.16DEB2388C65@eris.apache.org>,chenpei
Mon Sep 24 22:07:28 2012,http://mail-archives.apache.org/mod_mbox/ctakes-commits/201209.mbox/<20120924220607.16DEB2388C65@eris.apache.org>,chenpei
Mon Sep 24 22:07:28 2012,http://mail-archives.apache.org/mod_mbox/ctakes-commits/201209.mbox/<20120924220607.16DEB2388C65@eris.apache.org>,chenpei
Mon Sep 24 22:07:28 2012,http://mail-archives.apache.org/mod_mbox/ctakes-commits/201209.mbox/<20120924220607.16DEB2388C65@eris.apache.org>,chenpei
Mon Sep 24 22:07:28 2012,http://mail-archives.apache.org/mod_mbox/ctakes-commits/201209.mbox/<20120924220607.16DEB2388C65@eris.apache.org>,chenpei
Mon Sep 24 22:07:28 2012,http://mail-archives.apache.org/mod_mbox/ctakes-commits/201209.mbox/<20120924220607.16DEB2388C65@eris.apache.org>,chenpei
Mon Sep 24 22:07:28 2012,http://mail-archives.apache.org/mod_mbox/ctakes-commits/201209.mbox/<20120924220607.16DEB2388C65@eris.apache.org>,chenpei
Mon Sep 24 22:07:28 2012,http://mail-archives.apache.org/mod_mbox/ctakes-commits/201209.mbox/<20120924220607.16DEB2388C65@eris.apache.org>,chenpei
Mon Sep 24 22:07:28 2012,http://mail-archives.apache.org/mod_mbox/ctakes-commits/201209.mbox/<20120924220607.16DEB2388C65@eris.apache.org>,chenpei
Mon Sep 24 22:07:28 2012,http://mail-archives.apache.org/mod_mbox/ctakes-commits/201209.mbox/<20120924220607.16DEB2388C65@eris.apache.org>,chenpei
Mon Sep 24 22:07:28 2012,http://mail-archives.apache.org/mod_mbox/ctakes-commits/201209.mbox/<20120924220607.16DEB2388C65@eris.apache.org>,chenpei
Mon Sep 24 22:07:28 2012,http://mail-archives.apache.org/mod_mbox/ctakes-commits/201209.mbox/<20120924220607.16DEB2388C65@eris.apache.org>,chenpei
Mon Sep 24 22:07:28 2012,http://mail-archives.apache.org/mod_mbox/ctakes-commits/201209.mbox/<20120924220607.16DEB2388C65@eris.apache.org>,chenpei
Mon Sep 24 22:07:28 2012,http://mail-archives.apache.org/mod_mbox/ctakes-commits/201209.mbox/<20120924220607.16DEB2388C65@eris.apache.org>,chenpei
Mon Sep 24 22:07:28 2012,http://mail-archives.apache.org/mod_mbox/ctakes-commits/201209.mbox/<20120924220607.16DEB2388C65@eris.apache.org>,chenpei
Mon Sep 24 22:07:28 2012,http://mail-archives.apache.org/mod_mbox/ctakes-commits/201209.mbox/<20120924220607.16DEB2388C65@eris.apache.org>,chenpei
Mon Sep 24 22:07:28 2012,http://mail-archives.apache.org/mod_mbox/ctakes-commits/201209.mbox/<20120924220607.16DEB2388C65@eris.apache.org>,chenpei
Mon Sep 24 22:07:28 2012,http://mail-archives.apache.org/mod_mbox/ctakes-commits/201209.mbox/<20120924220607.11B4A2388C63@eris.apache.org>,chenpei
Mon Sep 24 22:07:28 2012,http://mail-archives.apache.org/mod_mbox/ctakes-commits/201209.mbox/<20120924220607.11B4A2388C63@eris.apache.org>,chenpei
Mon Sep 24 22:07:28 2012,http://mail-archives.apache.org/mod_mbox/ctakes-commits/201209.mbox/<20120924220607.11B4A2388C63@eris.apache.org>,chenpei
Mon Sep 24 22:07:28 2012,http://mail-archives.apache.org/mod_mbox/ctakes-commits/201209.mbox/<20120924220607.11B4A2388C63@eris.apache.org>,chenpei
Mon Sep 24 22:07:28 2012,http://mail-archives.apache.org/mod_mbox/ctakes-commits/201209.mbox/<20120924220607.11B4A2388C63@eris.apache.org>,chenpei
Mon Sep 24 22:07:28 2012,http://mail-archives.apache.org/mod_mbox/ctakes-commits/201209.mbox/<20120924220607.11B4A2388C63@eris.apache.org>,chenpei
Mon Sep 24 22:07:28 2012,http://mail-archives.apache.org/mod_mbox/ctakes-commits/201209.mbox/<20120924220607.11B4A2388C63@eris.apache.org>,chenpei
Mon Sep 24 22:07:28 2012,http://mail-archives.apache.org/mod_mbox/ctakes-commits/201209.mbox/<20120924220607.11B4A2388C63@eris.apache.org>,chenpei
Mon Sep 24 22:07:28 2012,http://mail-archives.apache.org/mod_mbox/ctakes-commits/201209.mbox/<20120924220607.16DEB2388C65@eris.apache.org>,chenpei
Mon Sep 24 22:07:28 2012,http://mail-archives.apache.org/mod_mbox/ctakes-commits/201209.mbox/<20120924220607.16DEB2388C65@eris.apache.org>,chenpei
Mon Sep 24 22:07:28 2012,http://mail-archives.apache.org/mod_mbox/ctakes-commits/201209.mbox/<20120924220607.16DEB2388C65@eris.apache.org>,chenpei
Mon Sep 24 22:07:28 2012,http://mail-archives.apache.org/mod_mbox/ctakes-commits/201209.mbox/<20120924220607.16DEB2388C65@eris.apache.org>,chenpei
Mon Sep 24 22:07:28 2012,http://mail-archives.apache.org/mod_mbox/ctakes-commits/201209.mbox/<20120924220607.16DEB2388C65@eris.apache.org>,chenpei
Mon Sep 24 22:07:28 2012,http://mail-archives.apache.org/mod_mbox/ctakes-commits/201209.mbox/<20120924220607.16DEB2388C65@eris.apache.org>,chenpei
Mon Sep 24 22:07:28 2012,http://mail-archives.apache.org/mod_mbox/ctakes-commits/201209.mbox/<20120924220607.16DEB2388C65@eris.apache.org>,chenpei
Mon Sep 24 22:07:28 2012,http://mail-archives.apache.org/mod_mbox/ctakes-commits/201209.mbox/<20120924220607.16DEB2388C65@eris.apache.org>,chenpei
Mon Sep 24 22:07:28 2012,http://mail-archives.apache.org/mod_mbox/ctakes-commits/201209.mbox/<20120924220607.16DEB2388C65@eris.apache.org>,chenpei
Mon Sep 24 22:07:28 2012,http://mail-archives.apache.org/mod_mbox/ctakes-commits/201209.mbox/<20120924220607.16DEB2388C65@eris.apache.org>,chenpei
Mon Sep 24 22:07:28 2012,http://mail-archives.apache.org/mod_mbox/ctakes-commits/201209.mbox/<20120924220607.16DEB2388C65@eris.apache.org>,chenpei
Mon Sep 24 22:07:28 2012,http://mail-archives.apache.org/mod_mbox/ctakes-commits/201209.mbox/<20120924220607.16DEB2388C65@eris.apache.org>,chenpei
Mon Sep 24 22:07:28 2012,http://mail-archives.apache.org/mod_mbox/ctakes-commits/201209.mbox/<20120924220607.16DEB2388C65@eris.apache.org>,chenpei
Mon Sep 24 22:07:28 2012,http://mail-archives.apache.org/mod_mbox/ctakes-commits/201209.mbox/<20120924220607.16DEB2388C65@eris.apache.org>,chenpei
Mon Sep 24 22:07:28 2012,http://mail-archives.apache.org/mod_mbox/ctakes-commits/201209.mbox/<20120924220607.16DEB2388C65@eris.apache.org>,chenpei
Mon Sep 24 22:07:28 2012,http://mail-archives.apache.org/mod_mbox/ctakes-commits/201209.mbox/<20120924220607.16DEB2388C65@eris.apache.org>,chenpei
Mon Sep 24 22:07:28 2012,http://mail-archives.apache.org/mod_mbox/ctakes-commits/201209.mbox/<20120924220607.16DEB2388C65@eris.apache.org>,chenpei
Mon Sep 24 22:07:28 2012,http://mail-archives.apache.org/mod_mbox/ctakes-commits/201209.mbox/<20120924220607.16DEB2388C65@eris.apache.org>,chenpei
Mon Sep 24 22:07:28 2012,http://mail-archives.apache.org/mod_mbox/ctakes-commits/201209.mbox/<20120924220607.16DEB2388C65@eris.apache.org>,chenpei
Mon Sep 24 22:07:28 2012,http://mail-archives.apache.org/mod_mbox/ctakes-commits/201209.mbox/<20120924220607.16DEB2388C65@eris.apache.org>,chenpei
Mon Sep 24 22:07:28 2012,http://mail-archives.apache.org/mod_mbox/ctakes-commits/201209.mbox/<20120924220607.16DEB2388C65@eris.apache.org>,chenpei
Mon Sep 24 22:07:28 2012,http://mail-archives.apache.org/mod_mbox/ctakes-commits/201209.mbox/<20120924220607.16DEB2388C65@eris.apache.org>,chenpei
Mon Sep 24 22:07:28 2012,http://mail-archives.apache.org/mod_mbox/ctakes-commits/201209.mbox/<20120924220607.16DEB2388C65@eris.apache.org>,chenpei
Mon Sep 24 22:07:28 2012,http://mail-archives.apache.org/mod_mbox/ctakes-commits/201209.mbox/<20120924220607.16DEB2388C65@eris.apache.org>,chenpei
Mon Sep 24 22:07:28 2012,http://mail-archives.apache.org/mod_mbox/ctakes-commits/201209.mbox/<20120924220607.16DEB2388C65@eris.apache.org>,chenpei
Mon Sep 24 22:07:28 2012,http://mail-archives.apache.org/mod_mbox/ctakes-commits/201209.mbox/<20120924220607.16DEB2388C65@eris.apache.org>,chenpei
Mon Sep 24 22:07:28 2012,http://mail-archives.apache.org/mod_mbox/ctakes-commits/201209.mbox/<20120924220607.16DEB2388C65@eris.apache.org>,chenpei
Mon Sep 24 22:07:28 2012,http://mail-archives.apache.org/mod_mbox/ctakes-commits/201209.mbox/<20120924220607.16DEB2388C65@eris.apache.org>,chenpei
Mon Sep 24 22:07:28 2012,http://mail-archives.apache.org/mod_mbox/ctakes-commits/201209.mbox/<20120924220607.16DEB2388C65@eris.apache.org>,chenpei
Mon Sep 24 22:07:28 2012,http://mail-archives.apache.org/mod_mbox/ctakes-commits/201209.mbox/<20120924220607.16DEB2388C65@eris.apache.org>,chenpei
Mon Sep 24 22:07:28 2012,http://mail-archives.apache.org/mod_mbox/ctakes-commits/201209.mbox/<20120924220607.16DEB2388C65@eris.apache.org>,chenpei
Mon Sep 24 22:07:28 2012,http://mail-archives.apache.org/mod_mbox/ctakes-commits/201209.mbox/<20120924220607.11B4A2388C63@eris.apache.org>,chenpei
Mon Sep 24 22:07:28 2012,http://mail-archives.apache.org/mod_mbox/ctakes-commits/201209.mbox/<20120924220607.16DEB2388C65@eris.apache.org>,chenpei
Mon Sep 24 22:07:28 2012,http://mail-archives.apache.org/mod_mbox/ctakes-commits/201209.mbox/<20120924220607.11B4A2388C63@eris.apache.org>,chenpei
Mon Sep 24 22:07:28 2012,http://mail-archives.apache.org/mod_mbox/ctakes-commits/201209.mbox/<20120924220607.11B4A2388C63@eris.apache.org>,chenpei
Mon Sep 24 22:07:28 2012,http://mail-archives.apache.org/mod_mbox/ctakes-commits/201209.mbox/<20120924220607.11B4A2388C63@eris.apache.org>,chenpei
Mon Sep 24 22:07:28 2012,http://mail-archives.apache.org/mod_mbox/ctakes-commits/201209.mbox/<20120924220607.11B4A2388C63@eris.apache.org>,chenpei
Mon Sep 24 22:07:28 2012,http://mail-archives.apache.org/mod_mbox/ctakes-commits/201209.mbox/<20120924220607.11B4A2388C63@eris.apache.org>,chenpei
Mon Sep 24 22:07:28 2012,http://mail-archives.apache.org/mod_mbox/ctakes-commits/201209.mbox/<20120924220607.11B4A2388C63@eris.apache.org>,chenpei
Mon Sep 24 22:07:28 2012,http://mail-archives.apache.org/mod_mbox/ctakes-commits/201209.mbox/<20120924220607.11B4A2388C63@eris.apache.org>,chenpei
Mon Sep 24 22:07:28 2012,http://mail-archives.apache.org/mod_mbox/ctakes-commits/201209.mbox/<20120924220607.11B4A2388C63@eris.apache.org>,chenpei
Mon Sep 24 22:07:28 2012,http://mail-archives.apache.org/mod_mbox/ctakes-commits/201209.mbox/<20120924220607.11B4A2388C63@eris.apache.org>,chenpei
Mon Sep 24 22:07:28 2012,http://mail-archives.apache.org/mod_mbox/ctakes-commits/201209.mbox/<20120924220607.11B4A2388C63@eris.apache.org>,chenpei
Mon Sep 24 22:07:28 2012,http://mail-archives.apache.org/mod_mbox/ctakes-commits/201209.mbox/<20120924220607.11B4A2388C63@eris.apache.org>,chenpei
Mon Sep 24 22:07:28 2012,http://mail-archives.apache.org/mod_mbox/ctakes-commits/201209.mbox/<20120924220607.11B4A2388C63@eris.apache.org>,chenpei
Mon Sep 24 22:07:28 2012,http://mail-archives.apache.org/mod_mbox/ctakes-commits/201209.mbox/<20120924220607.11B4A2388C63@eris.apache.org>,chenpei
Mon Sep 24 22:07:28 2012,http://mail-archives.apache.org/mod_mbox/ctakes-commits/201209.mbox/<20120924220607.11B4A2388C63@eris.apache.org>,chenpei
Mon Sep 24 22:07:28 2012,http://mail-archives.apache.org/mod_mbox/ctakes-commits/201209.mbox/<20120924220607.11B4A2388C63@eris.apache.org>,chenpei
Mon Sep 24 22:07:28 2012,http://mail-archives.apache.org/mod_mbox/ctakes-commits/201209.mbox/<20120924220607.11B4A2388C63@eris.apache.org>,chenpei
Mon Sep 24 22:07:28 2012,http://mail-archives.apache.org/mod_mbox/ctakes-commits/201209.mbox/<20120924220607.11B4A2388C63@eris.apache.org>,chenpei
Mon Sep 24 22:07:28 2012,http://mail-archives.apache.org/mod_mbox/ctakes-commits/201209.mbox/<20120924220607.11B4A2388C63@eris.apache.org>,chenpei
Mon Sep 24 22:07:28 2012,http://mail-archives.apache.org/mod_mbox/ctakes-commits/201209.mbox/<20120924220607.11B4A2388C63@eris.apache.org>,chenpei
Mon Sep 24 22:07:28 2012,http://mail-archives.apache.org/mod_mbox/ctakes-commits/201209.mbox/<20120924220607.11B4A2388C63@eris.apache.org>,chenpei
Mon Sep 24 22:07:28 2012,http://mail-archives.apache.org/mod_mbox/ctakes-commits/201209.mbox/<20120924220607.11B4A2388C63@eris.apache.org>,chenpei
Mon Sep 24 22:07:28 2012,http://mail-archives.apache.org/mod_mbox/ctakes-commits/201209.mbox/<20120924220607.11B4A2388C63@eris.apache.org>,chenpei
Mon Sep 24 22:07:28 2012,http://mail-archives.apache.org/mod_mbox/ctakes-commits/201209.mbox/<20120924220607.11B4A2388C63@eris.apache.org>,chenpei
Mon Sep 24 22:07:28 2012,http://mail-archives.apache.org/mod_mbox/ctakes-commits/201209.mbox/<20120924220607.11B4A2388C63@eris.apache.org>,chenpei
Mon Sep 24 22:07:28 2012,http://mail-archives.apache.org/mod_mbox/ctakes-commits/201209.mbox/<20120924220607.11B4A2388C63@eris.apache.org>,chenpei
Mon Sep 24 22:07:28 2012,http://mail-archives.apache.org/mod_mbox/ctakes-commits/201209.mbox/<20120924220607.11B4A2388C63@eris.apache.org>,chenpei
Mon Sep 24 22:07:28 2012,http://mail-archives.apache.org/mod_mbox/ctakes-commits/201209.mbox/<20120924220607.11B4A2388C63@eris.apache.org>,chenpei
Mon Sep 24 22:07:28 2012,http://mail-archives.apache.org/mod_mbox/ctakes-commits/201209.mbox/<20120924220607.0C6BD2388C5D@eris.apache.org>,chenpei
Mon Sep 24 22:07:28 2012,http://mail-archives.apache.org/mod_mbox/ctakes-commits/201209.mbox/<20120924220607.11B4A2388C63@eris.apache.org>,chenpei
Mon Sep 24 22:07:28 2012,http://mail-archives.apache.org/mod_mbox/ctakes-commits/201209.mbox/<20120924220607.11B4A2388C63@eris.apache.org>,chenpei
Mon Sep 24 22:07:28 2012,http://mail-archives.apache.org/mod_mbox/ctakes-commits/201209.mbox/<20120924220607.11B4A2388C63@eris.apache.org>,chenpei
Mon Sep 24 22:07:28 2012,http://mail-archives.apache.org/mod_mbox/ctakes-commits/201209.mbox/<20120924220607.11B4A2388C63@eris.apache.org>,chenpei
Mon Sep 24 22:07:28 2012,http://mail-archives.apache.org/mod_mbox/ctakes-commits/201209.mbox/<20120924220607.11B4A2388C63@eris.apache.org>,chenpei
Mon Sep 24 22:07:28 2012,http://mail-archives.apache.org/mod_mbox/ctakes-commits/201209.mbox/<20120924220607.11B4A2388C63@eris.apache.org>,chenpei
Mon Sep 24 22:07:28 2012,http://mail-archives.apache.org/mod_mbox/ctakes-commits/201209.mbox/<20120924220607.11B4A2388C63@eris.apache.org>,chenpei
Mon Sep 24 22:07:28 2012,http://mail-archives.apache.org/mod_mbox/ctakes-commits/201209.mbox/<20120924220607.11B4A2388C63@eris.apache.org>,chenpei
Mon Sep 24 22:07:28 2012,http://mail-archives.apache.org/mod_mbox/ctakes-commits/201209.mbox/<20120924220607.11B4A2388C63@eris.apache.org>,chenpei
Mon Sep 24 22:07:28 2012,http://mail-archives.apache.org/mod_mbox/ctakes-commits/201209.mbox/<20120924220607.11B4A2388C63@eris.apache.org>,chenpei
Mon Sep 24 22:07:28 2012,http://mail-archives.apache.org/mod_mbox/ctakes-commits/201209.mbox/<20120924220607.11B4A2388C63@eris.apache.org>,chenpei
Mon Sep 24 22:07:28 2012,http://mail-archives.apache.org/mod_mbox/ctakes-commits/201209.mbox/<20120924220607.11B4A2388C63@eris.apache.org>,chenpei
Mon Sep 24 22:07:28 2012,http://mail-archives.apache.org/mod_mbox/ctakes-commits/201209.mbox/<20120924220607.11B4A2388C63@eris.apache.org>,chenpei
Mon Sep 24 22:07:28 2012,http://mail-archives.apache.org/mod_mbox/ctakes-commits/201209.mbox/<20120924220607.11B4A2388C63@eris.apache.org>,chenpei
Mon Sep 24 22:07:28 2012,http://mail-archives.apache.org/mod_mbox/ctakes-commits/201209.mbox/<20120924220607.11B4A2388C63@eris.apache.org>,chenpei
Mon Sep 24 22:07:28 2012,http://mail-archives.apache.org/mod_mbox/ctakes-commits/201209.mbox/<20120924220607.11B4A2388C63@eris.apache.org>,chenpei
Mon Sep 24 22:07:28 2012,http://mail-archives.apache.org/mod_mbox/ctakes-commits/201209.mbox/<20120924220607.11B4A2388C63@eris.apache.org>,chenpei
Mon Sep 24 22:07:28 2012,http://mail-archives.apache.org/mod_mbox/ctakes-commits/201209.mbox/<20120924220607.11B4A2388C63@eris.apache.org>,chenpei
Mon Sep 24 22:07:28 2012,http://mail-archives.apache.org/mod_mbox/ctakes-commits/201209.mbox/<20120924220607.11B4A2388C63@eris.apache.org>,chenpei
Mon Sep 24 22:07:28 2012,http://mail-archives.apache.org/mod_mbox/ctakes-commits/201209.mbox/<20120924220607.11B4A2388C63@eris.apache.org>,chenpei
Mon Sep 24 22:07:28 2012,http://mail-archives.apache.org/mod_mbox/ctakes-commits/201209.mbox/<20120924220607.11B4A2388C63@eris.apache.org>,chenpei
Mon Sep 24 22:07:28 2012,http://mail-archives.apache.org/mod_mbox/ctakes-commits/201209.mbox/<20120924220607.11B4A2388C63@eris.apache.org>,chenpei
Mon Sep 24 22:07:28 2012,http://mail-archives.apache.org/mod_mbox/ctakes-commits/201209.mbox/<20120924220607.11B4A2388C63@eris.apache.org>,chenpei
Mon Sep 24 22:07:28 2012,http://mail-archives.apache.org/mod_mbox/ctakes-commits/201209.mbox/<20120924220607.11B4A2388C63@eris.apache.org>,chenpei
Mon Sep 24 22:07:28 2012,http://mail-archives.apache.org/mod_mbox/ctakes-commits/201209.mbox/<20120924220607.11B4A2388C63@eris.apache.org>,chenpei
Mon Sep 24 22:07:28 2012,http://mail-archives.apache.org/mod_mbox/ctakes-commits/201209.mbox/<20120924220607.11B4A2388C63@eris.apache.org>,chenpei
Mon Sep 24 22:07:28 2012,http://mail-archives.apache.org/mod_mbox/ctakes-commits/201209.mbox/<20120924220607.11B4A2388C63@eris.apache.org>,chenpei
Mon Sep 24 22:07:28 2012,http://mail-archives.apache.org/mod_mbox/ctakes-commits/201209.mbox/<20120924220607.11B4A2388C63@eris.apache.org>,chenpei
Mon Sep 24 22:07:28 2012,http://mail-archives.apache.org/mod_mbox/ctakes-commits/201209.mbox/<20120924220607.11B4A2388C63@eris.apache.org>,chenpei
Mon Sep 24 22:07:28 2012,http://mail-archives.apache.org/mod_mbox/ctakes-commits/201209.mbox/<20120924220607.11B4A2388C63@eris.apache.org>,chenpei
Mon Sep 24 22:07:28 2012,http://mail-archives.apache.org/mod_mbox/ctakes-commits/201209.mbox/<20120924220607.11B4A2388C63@eris.apache.org>,chenpei
Mon Sep 24 22:07:28 2012,http://mail-archives.apache.org/mod_mbox/ctakes-commits/201209.mbox/<20120924220607.11B4A2388C63@eris.apache.org>,chenpei
Mon Sep 24 22:07:28 2012,http://mail-archives.apache.org/mod_mbox/ctakes-commits/201209.mbox/<20120924220607.16DEB2388C65@eris.apache.org>,chenpei
Mon Sep 24 22:07:28 2012,http://mail-archives.apache.org/mod_mbox/ctakes-commits/201209.mbox/<20120924220607.16DEB2388C65@eris.apache.org>,chenpei
Mon Sep 24 22:07:28 2012,http://mail-archives.apache.org/mod_mbox/ctakes-commits/201209.mbox/<20120924220607.16DEB2388C65@eris.apache.org>,chenpei
Mon Sep 24 22:07:28 2012,http://mail-archives.apache.org/mod_mbox/ctakes-commits/201209.mbox/<20120924220607.16DEB2388C65@eris.apache.org>,chenpei
Mon Sep 24 22:07:28 2012,http://mail-archives.apache.org/mod_mbox/ctakes-commits/201209.mbox/<20120924220607.16DEB2388C65@eris.apache.org>,chenpei
Mon Sep 24 22:07:28 2012,http://mail-archives.apache.org/mod_mbox/ctakes-commits/201209.mbox/<20120924220607.16DEB2388C65@eris.apache.org>,chenpei
Mon Sep 24 22:07:28 2012,http://mail-archives.apache.org/mod_mbox/ctakes-commits/201209.mbox/<20120924220607.16DEB2388C65@eris.apache.org>,chenpei
Mon Sep 24 22:07:28 2012,http://mail-archives.apache.org/mod_mbox/ctakes-commits/201209.mbox/<20120924220607.16DEB2388C65@eris.apache.org>,chenpei
Mon Sep 24 22:07:28 2012,http://mail-archives.apache.org/mod_mbox/ctakes-commits/201209.mbox/<20120924220607.16DEB2388C65@eris.apache.org>,chenpei
Mon Sep 24 22:07:28 2012,http://mail-archives.apache.org/mod_mbox/ctakes-commits/201209.mbox/<20120924220607.16DEB2388C65@eris.apache.org>,chenpei
Mon Sep 24 22:07:28 2012,http://mail-archives.apache.org/mod_mbox/ctakes-commits/201209.mbox/<20120924220607.16DEB2388C65@eris.apache.org>,chenpei
Mon Sep 24 22:07:28 2012,http://mail-archives.apache.org/mod_mbox/ctakes-commits/201209.mbox/<20120924220607.16DEB2388C65@eris.apache.org>,chenpei
Mon Sep 24 22:07:28 2012,http://mail-archives.apache.org/mod_mbox/ctakes-commits/201209.mbox/<20120924220607.16DEB2388C65@eris.apache.org>,chenpei
Mon Sep 24 22:07:28 2012,http://mail-archives.apache.org/mod_mbox/ctakes-commits/201209.mbox/<20120924220607.16DEB2388C65@eris.apache.org>,chenpei
Mon Sep 24 22:07:28 2012,http://mail-archives.apache.org/mod_mbox/ctakes-commits/201209.mbox/<20120924220607.16DEB2388C65@eris.apache.org>,chenpei
Mon Sep 24 22:07:28 2012,http://mail-archives.apache.org/mod_mbox/ctakes-commits/201209.mbox/<20120924220607.16DEB2388C65@eris.apache.org>,chenpei
Mon Sep 24 22:07:28 2012,http://mail-archives.apache.org/mod_mbox/ctakes-commits/201209.mbox/<20120924220607.16DEB2388C65@eris.apache.org>,chenpei
Mon Sep 24 22:07:28 2012,http://mail-archives.apache.org/mod_mbox/ctakes-commits/201209.mbox/<20120924220607.16DEB2388C65@eris.apache.org>,chenpei
Mon Sep 24 22:07:28 2012,http://mail-archives.apache.org/mod_mbox/ctakes-commits/201209.mbox/<20120924220607.16DEB2388C65@eris.apache.org>,chenpei
Mon Sep 24 22:07:28 2012,http://mail-archives.apache.org/mod_mbox/ctakes-commits/201209.mbox/<20120924220607.16DEB2388C65@eris.apache.org>,chenpei
Mon Sep 24 22:07:28 2012,http://mail-archives.apache.org/mod_mbox/ctakes-commits/201209.mbox/<20120924220607.16DEB2388C65@eris.apache.org>,chenpei
Mon Sep 24 22:07:28 2012,http://mail-archives.apache.org/mod_mbox/ctakes-commits/201209.mbox/<20120924220607.16DEB2388C65@eris.apache.org>,chenpei
Mon Sep 24 22:07:28 2012,http://mail-archives.apache.org/mod_mbox/ctakes-commits/201209.mbox/<20120924220607.16DEB2388C65@eris.apache.org>,chenpei
Mon Sep 24 22:07:28 2012,http://mail-archives.apache.org/mod_mbox/ctakes-commits/201209.mbox/<20120924220607.16DEB2388C65@eris.apache.org>,chenpei
Mon Sep 24 22:07:28 2012,http://mail-archives.apache.org/mod_mbox/ctakes-commits/201209.mbox/<20120924220607.16DEB2388C65@eris.apache.org>,chenpei
Mon Sep 24 22:07:28 2012,http://mail-archives.apache.org/mod_mbox/ctakes-commits/201209.mbox/<20120924220607.16DEB2388C65@eris.apache.org>,chenpei
Mon Sep 24 22:07:28 2012,http://mail-archives.apache.org/mod_mbox/ctakes-commits/201209.mbox/<20120924220607.16DEB2388C65@eris.apache.org>,chenpei
Mon Sep 24 22:07:28 2012,http://mail-archives.apache.org/mod_mbox/ctakes-commits/201209.mbox/<20120924220607.16DEB2388C65@eris.apache.org>,chenpei
Mon Sep 24 22:07:28 2012,http://mail-archives.apache.org/mod_mbox/ctakes-commits/201209.mbox/<20120924220607.16DEB2388C65@eris.apache.org>,chenpei
Mon Sep 24 22:07:28 2012,http://mail-archives.apache.org/mod_mbox/ctakes-commits/201209.mbox/<20120924220607.16DEB2388C65@eris.apache.org>,chenpei
Mon Sep 24 22:07:28 2012,http://mail-archives.apache.org/mod_mbox/ctakes-commits/201209.mbox/<20120924220607.16DEB2388C65@eris.apache.org>,chenpei
Mon Sep 24 22:07:28 2012,http://mail-archives.apache.org/mod_mbox/ctakes-commits/201209.mbox/<20120924220607.16DEB2388C65@eris.apache.org>,chenpei
Mon Sep 24 22:07:28 2012,http://mail-archives.apache.org/mod_mbox/ctakes-commits/201209.mbox/<20120924220607.16DEB2388C65@eris.apache.org>,chenpei
Mon Sep 24 22:07:28 2012,http://mail-archives.apache.org/mod_mbox/ctakes-commits/201209.mbox/<20120924220607.16DEB2388C65@eris.apache.org>,chenpei
Mon Sep 24 22:07:28 2012,http://mail-archives.apache.org/mod_mbox/ctakes-commits/201209.mbox/<20120924220607.16DEB2388C65@eris.apache.org>,chenpei
Mon Sep 24 22:07:28 2012,http://mail-archives.apache.org/mod_mbox/ctakes-commits/201209.mbox/<20120924220607.16DEB2388C65@eris.apache.org>,chenpei
Mon Sep 24 22:07:28 2012,http://mail-archives.apache.org/mod_mbox/ctakes-commits/201209.mbox/<20120924220607.16DEB2388C65@eris.apache.org>,chenpei
Mon Sep 24 22:07:28 2012,http://mail-archives.apache.org/mod_mbox/ctakes-commits/201209.mbox/<20120924220607.16DEB2388C65@eris.apache.org>,chenpei
Mon Sep 24 22:07:28 2012,http://mail-archives.apache.org/mod_mbox/ctakes-commits/201209.mbox/<20120924220607.16DEB2388C65@eris.apache.org>,chenpei
Mon Sep 24 22:07:28 2012,http://mail-archives.apache.org/mod_mbox/ctakes-commits/201209.mbox/<20120924220607.16DEB2388C65@eris.apache.org>,chenpei
Mon Sep 24 22:07:28 2012,http://mail-archives.apache.org/mod_mbox/ctakes-commits/201209.mbox/<20120924220607.16DEB2388C65@eris.apache.org>,chenpei
Mon Sep 24 22:07:28 2012,http://mail-archives.apache.org/mod_mbox/ctakes-commits/201209.mbox/<20120924220607.16DEB2388C65@eris.apache.org>,chenpei
Mon Sep 24 22:07:28 2012,http://mail-archives.apache.org/mod_mbox/ctakes-commits/201209.mbox/<20120924220607.16DEB2388C65@eris.apache.org>,chenpei
Mon Sep 24 22:07:28 2012,http://mail-archives.apache.org/mod_mbox/ctakes-commits/201209.mbox/<20120924220607.16DEB2388C65@eris.apache.org>,chenpei
Mon Sep 24 22:07:28 2012,http://mail-archives.apache.org/mod_mbox/ctakes-commits/201209.mbox/<20120924220607.16DEB2388C65@eris.apache.org>,chenpei
Mon Sep 24 22:07:28 2012,http://mail-archives.apache.org/mod_mbox/ctakes-commits/201209.mbox/<20120924220607.16DEB2388C65@eris.apache.org>,chenpei
Mon Sep 24 22:07:28 2012,http://mail-archives.apache.org/mod_mbox/ctakes-commits/201209.mbox/<20120924220607.16DEB2388C65@eris.apache.org>,chenpei
Mon Sep 24 22:07:28 2012,http://mail-archives.apache.org/mod_mbox/ctakes-commits/201209.mbox/<20120924220607.16DEB2388C65@eris.apache.org>,chenpei
Mon Sep 24 22:07:28 2012,http://mail-archives.apache.org/mod_mbox/ctakes-commits/201209.mbox/<20120924220607.16DEB2388C65@eris.apache.org>,chenpei
Mon Sep 24 22:07:28 2012,http://mail-archives.apache.org/mod_mbox/ctakes-commits/201209.mbox/<20120924220607.16DEB2388C65@eris.apache.org>,chenpei
Mon Sep 24 22:07:28 2012,http://mail-archives.apache.org/mod_mbox/ctakes-commits/201209.mbox/<20120924220607.16DEB2388C65@eris.apache.org>,chenpei
Mon Sep 24 22:07:28 2012,http://mail-archives.apache.org/mod_mbox/ctakes-commits/201209.mbox/<20120924220607.16DEB2388C65@eris.apache.org>,chenpei
Mon Sep 24 22:07:28 2012,http://mail-archives.apache.org/mod_mbox/ctakes-commits/201209.mbox/<20120924220607.16DEB2388C65@eris.apache.org>,chenpei
Mon Sep 24 22:07:28 2012,http://mail-archives.apache.org/mod_mbox/ctakes-commits/201209.mbox/<20120924220607.16DEB2388C65@eris.apache.org>,chenpei
Mon Sep 24 22:07:28 2012,http://mail-archives.apache.org/mod_mbox/ctakes-commits/201209.mbox/<20120924220607.16DEB2388C65@eris.apache.org>,chenpei
Mon Sep 24 22:07:28 2012,http://mail-archives.apache.org/mod_mbox/ctakes-commits/201209.mbox/<20120924220607.16DEB2388C65@eris.apache.org>,chenpei
Mon Sep 24 22:07:28 2012,http://mail-archives.apache.org/mod_mbox/ctakes-commits/201209.mbox/<20120924220607.16DEB2388C65@eris.apache.org>,chenpei
Mon Sep 24 22:07:28 2012,http://mail-archives.apache.org/mod_mbox/ctakes-commits/201209.mbox/<20120924220607.16DEB2388C65@eris.apache.org>,chenpei
Mon Sep 24 22:07:28 2012,http://mail-archives.apache.org/mod_mbox/ctakes-commits/201209.mbox/<20120924220607.16DEB2388C65@eris.apache.org>,chenpei
Mon Sep 24 22:07:28 2012,http://mail-archives.apache.org/mod_mbox/ctakes-commits/201209.mbox/<20120924220607.16DEB2388C65@eris.apache.org>,chenpei
Mon Sep 24 22:07:28 2012,http://mail-archives.apache.org/mod_mbox/ctakes-commits/201209.mbox/<20120924220607.16DEB2388C65@eris.apache.org>,chenpei
Mon Sep 24 22:07:28 2012,http://mail-archives.apache.org/mod_mbox/ctakes-commits/201209.mbox/<20120924220607.16DEB2388C65@eris.apache.org>,chenpei
Mon Sep 24 22:07:28 2012,http://mail-archives.apache.org/mod_mbox/ctakes-commits/201209.mbox/<20120924220607.16DEB2388C65@eris.apache.org>,chenpei
Mon Sep 24 22:07:28 2012,http://mail-archives.apache.org/mod_mbox/ctakes-commits/201209.mbox/<20120924220607.16DEB2388C65@eris.apache.org>,chenpei
Mon Sep 24 22:07:28 2012,http://mail-archives.apache.org/mod_mbox/ctakes-commits/201209.mbox/<20120924220607.16DEB2388C65@eris.apache.org>,chenpei
Mon Sep 24 22:07:28 2012,http://mail-archives.apache.org/mod_mbox/ctakes-commits/201209.mbox/<20120924220607.16DEB2388C65@eris.apache.org>,chenpei
Mon Sep 24 22:07:28 2012,http://mail-archives.apache.org/mod_mbox/ctakes-commits/201209.mbox/<20120924220607.16DEB2388C65@eris.apache.org>,chenpei
Mon Sep 24 22:07:28 2012,http://mail-archives.apache.org/mod_mbox/ctakes-commits/201209.mbox/<20120924220607.16DEB2388C65@eris.apache.org>,chenpei
Mon Sep 24 22:07:28 2012,http://mail-archives.apache.org/mod_mbox/ctakes-commits/201209.mbox/<20120924220607.16DEB2388C65@eris.apache.org>,chenpei
Mon Sep 24 22:07:28 2012,http://mail-archives.apache.org/mod_mbox/ctakes-commits/201209.mbox/<20120924220607.16DEB2388C65@eris.apache.org>,chenpei
Mon Sep 24 22:07:28 2012,http://mail-archives.apache.org/mod_mbox/ctakes-commits/201209.mbox/<20120924220607.16DEB2388C65@eris.apache.org>,chenpei
Mon Sep 24 22:07:28 2012,http://mail-archives.apache.org/mod_mbox/ctakes-commits/201209.mbox/<20120924220607.16DEB2388C65@eris.apache.org>,chenpei
Mon Sep 24 22:07:28 2012,http://mail-archives.apache.org/mod_mbox/ctakes-commits/201209.mbox/<20120924220607.16DEB2388C65@eris.apache.org>,chenpei
Mon Sep 24 22:07:28 2012,http://mail-archives.apache.org/mod_mbox/ctakes-commits/201209.mbox/<20120924220607.16DEB2388C65@eris.apache.org>,chenpei
Mon Sep 24 22:07:28 2012,http://mail-archives.apache.org/mod_mbox/ctakes-commits/201209.mbox/<20120924220607.16DEB2388C65@eris.apache.org>,chenpei
Mon Sep 24 22:07:28 2012,http://mail-archives.apache.org/mod_mbox/ctakes-commits/201209.mbox/<20120924220607.16DEB2388C65@eris.apache.org>,chenpei
Mon Sep 24 22:07:28 2012,http://mail-archives.apache.org/mod_mbox/ctakes-commits/201209.mbox/<20120924220607.16DEB2388C65@eris.apache.org>,chenpei
Mon Sep 24 22:07:28 2012,http://mail-archives.apache.org/mod_mbox/ctakes-commits/201209.mbox/<20120924220607.16DEB2388C65@eris.apache.org>,chenpei
Mon Sep 24 22:07:28 2012,http://mail-archives.apache.org/mod_mbox/ctakes-commits/201209.mbox/<20120924220607.16DEB2388C65@eris.apache.org>,chenpei
Mon Sep 24 22:07:28 2012,http://mail-archives.apache.org/mod_mbox/ctakes-commits/201209.mbox/<20120924220607.16DEB2388C65@eris.apache.org>,chenpei
Mon Sep 24 22:07:28 2012,http://mail-archives.apache.org/mod_mbox/ctakes-commits/201209.mbox/<20120924220607.16DEB2388C65@eris.apache.org>,chenpei
Mon Sep 24 22:07:28 2012,http://mail-archives.apache.org/mod_mbox/ctakes-commits/201209.mbox/<20120924220607.16DEB2388C65@eris.apache.org>,chenpei
Mon Sep 24 22:07:28 2012,http://mail-archives.apache.org/mod_mbox/ctakes-commits/201209.mbox/<20120924220607.16DEB2388C65@eris.apache.org>,chenpei
Mon Sep 24 22:07:28 2012,http://mail-archives.apache.org/mod_mbox/ctakes-commits/201209.mbox/<20120924220607.16DEB2388C65@eris.apache.org>,chenpei
Mon Sep 24 22:07:28 2012,http://mail-archives.apache.org/mod_mbox/ctakes-commits/201209.mbox/<20120924220607.16DEB2388C65@eris.apache.org>,chenpei
Mon Sep 24 22:07:28 2012,http://mail-archives.apache.org/mod_mbox/ctakes-commits/201209.mbox/<20120924220607.16DEB2388C65@eris.apache.org>,chenpei
Mon Sep 24 22:07:28 2012,http://mail-archives.apache.org/mod_mbox/ctakes-commits/201209.mbox/<20120924220607.16DEB2388C65@eris.apache.org>,chenpei
Mon Sep 24 22:07:28 2012,http://mail-archives.apache.org/mod_mbox/ctakes-commits/201209.mbox/<20120924220607.16DEB2388C65@eris.apache.org>,chenpei
Mon Sep 24 22:07:28 2012,http://mail-archives.apache.org/mod_mbox/ctakes-commits/201209.mbox/<20120924220607.16DEB2388C65@eris.apache.org>,chenpei
Mon Sep 24 22:07:28 2012,http://mail-archives.apache.org/mod_mbox/ctakes-commits/201209.mbox/<20120924220607.16DEB2388C65@eris.apache.org>,chenpei
Mon Sep 24 22:07:28 2012,http://mail-archives.apache.org/mod_mbox/ctakes-commits/201209.mbox/<20120924220607.16DEB2388C65@eris.apache.org>,chenpei
Mon Sep 24 22:07:28 2012,http://mail-archives.apache.org/mod_mbox/ctakes-commits/201209.mbox/<20120924220607.16DEB2388C65@eris.apache.org>,chenpei
Mon Sep 24 22:07:28 2012,http://mail-archives.apache.org/mod_mbox/ctakes-commits/201209.mbox/<20120924220607.16DEB2388C65@eris.apache.org>,chenpei
Mon Sep 24 22:07:28 2012,http://mail-archives.apache.org/mod_mbox/ctakes-commits/201209.mbox/<20120924220607.16DEB2388C65@eris.apache.org>,chenpei
Mon Sep 24 22:07:28 2012,http://mail-archives.apache.org/mod_mbox/ctakes-commits/201209.mbox/<20120924220607.16DEB2388C65@eris.apache.org>,chenpei
Mon Sep 24 22:07:28 2012,http://mail-archives.apache.org/mod_mbox/ctakes-commits/201209.mbox/<20120924220607.16DEB2388C65@eris.apache.org>,chenpei
Mon Sep 24 22:07:28 2012,http://mail-archives.apache.org/mod_mbox/ctakes-commits/201209.mbox/<20120924220607.16DEB2388C65@eris.apache.org>,chenpei
Mon Sep 24 22:07:28 2012,http://mail-archives.apache.org/mod_mbox/ctakes-commits/201209.mbox/<20120924220607.16DEB2388C65@eris.apache.org>,chenpei
Mon Sep 24 22:07:28 2012,http://mail-archives.apache.org/mod_mbox/ctakes-commits/201209.mbox/<20120924220607.16DEB2388C65@eris.apache.org>,chenpei
Mon Sep 24 22:07:28 2012,http://mail-archives.apache.org/mod_mbox/ctakes-commits/201209.mbox/<20120924220607.16DEB2388C65@eris.apache.org>,chenpei
Mon Sep 24 22:07:28 2012,http://mail-archives.apache.org/mod_mbox/ctakes-commits/201209.mbox/<20120924220607.16DEB2388C65@eris.apache.org>,chenpei
Mon Sep 24 22:07:28 2012,http://mail-archives.apache.org/mod_mbox/ctakes-commits/201209.mbox/<20120924220607.16DEB2388C65@eris.apache.org>,chenpei
Mon Sep 24 22:07:28 2012,http://mail-archives.apache.org/mod_mbox/ctakes-commits/201209.mbox/<20120924220607.16DEB2388C65@eris.apache.org>,chenpei
Mon Sep 24 22:07:28 2012,http://mail-archives.apache.org/mod_mbox/ctakes-commits/201209.mbox/<20120924220607.16DEB2388C65@eris.apache.org>,chenpei
Mon Sep 24 22:07:28 2012,http://mail-archives.apache.org/mod_mbox/ctakes-commits/201209.mbox/<20120924220607.16DEB2388C65@eris.apache.org>,chenpei
Mon Sep 24 22:07:28 2012,http://mail-archives.apache.org/mod_mbox/ctakes-commits/201209.mbox/<20120924220607.16DEB2388C65@eris.apache.org>,chenpei
Mon Sep 24 22:07:28 2012,http://mail-archives.apache.org/mod_mbox/ctakes-commits/201209.mbox/<20120924220607.16DEB2388C65@eris.apache.org>,chenpei
Mon Sep 24 22:07:28 2012,http://mail-archives.apache.org/mod_mbox/ctakes-commits/201209.mbox/<20120924220607.16DEB2388C65@eris.apache.org>,chenpei
Mon Sep 24 22:07:28 2012,http://mail-archives.apache.org/mod_mbox/ctakes-commits/201209.mbox/<20120924220607.16DEB2388C65@eris.apache.org>,chenpei
Mon Sep 24 22:07:28 2012,http://mail-archives.apache.org/mod_mbox/ctakes-commits/201209.mbox/<20120924220607.16DEB2388C65@eris.apache.org>,chenpei
Mon Sep 24 22:07:28 2012,http://mail-archives.apache.org/mod_mbox/ctakes-commits/201209.mbox/<20120924220607.16DEB2388C65@eris.apache.org>,chenpei
Mon Sep 24 22:07:28 2012,http://mail-archives.apache.org/mod_mbox/ctakes-commits/201209.mbox/<20120924220607.16DEB2388C65@eris.apache.org>,chenpei
Mon Sep 24 22:07:28 2012,http://mail-archives.apache.org/mod_mbox/ctakes-commits/201209.mbox/<20120924220607.16DEB2388C65@eris.apache.org>,chenpei
Mon Sep 24 22:07:28 2012,http://mail-archives.apache.org/mod_mbox/ctakes-commits/201209.mbox/<20120924220607.16DEB2388C65@eris.apache.org>,chenpei
Mon Sep 24 22:07:28 2012,http://mail-archives.apache.org/mod_mbox/ctakes-commits/201209.mbox/<20120924220607.16DEB2388C65@eris.apache.org>,chenpei
Mon Sep 24 22:07:28 2012,http://mail-archives.apache.org/mod_mbox/ctakes-commits/201209.mbox/<20120924220607.16DEB2388C65@eris.apache.org>,chenpei
Mon Sep 24 22:07:28 2012,http://mail-archives.apache.org/mod_mbox/ctakes-commits/201209.mbox/<20120924220607.16DEB2388C65@eris.apache.org>,chenpei
Mon Sep 24 22:07:28 2012,http://mail-archives.apache.org/mod_mbox/ctakes-commits/201209.mbox/<20120924220607.16DEB2388C65@eris.apache.org>,chenpei
Mon Sep 24 22:07:28 2012,http://mail-archives.apache.org/mod_mbox/ctakes-commits/201209.mbox/<20120924220607.16DEB2388C65@eris.apache.org>,chenpei
Mon Sep 24 22:07:28 2012,http://mail-archives.apache.org/mod_mbox/ctakes-commits/201209.mbox/<20120924220607.16DEB2388C65@eris.apache.org>,chenpei
Mon Sep 24 22:07:28 2012,http://mail-archives.apache.org/mod_mbox/ctakes-commits/201209.mbox/<20120924220607.16DEB2388C65@eris.apache.org>,chenpei
Mon Sep 24 22:07:28 2012,http://mail-archives.apache.org/mod_mbox/ctakes-commits/201209.mbox/<20120924220607.16DEB2388C65@eris.apache.org>,chenpei
Mon Sep 24 22:07:28 2012,http://mail-archives.apache.org/mod_mbox/ctakes-commits/201209.mbox/<20120924220607.16DEB2388C65@eris.apache.org>,chenpei
Mon Sep 24 22:07:28 2012,http://mail-archives.apache.org/mod_mbox/ctakes-commits/201209.mbox/<20120924220607.16DEB2388C65@eris.apache.org>,chenpei
Mon Sep 24 22:07:28 2012,http://mail-archives.apache.org/mod_mbox/ctakes-commits/201209.mbox/<20120924220607.16DEB2388C65@eris.apache.org>,chenpei
Mon Sep 24 22:07:28 2012,http://mail-archives.apache.org/mod_mbox/ctakes-commits/201209.mbox/<20120924220607.16DEB2388C65@eris.apache.org>,chenpei
Mon Sep 24 22:07:28 2012,http://mail-archives.apache.org/mod_mbox/ctakes-commits/201209.mbox/<20120924220607.16DEB2388C65@eris.apache.org>,chenpei
Mon Sep 24 22:07:28 2012,http://mail-archives.apache.org/mod_mbox/ctakes-commits/201209.mbox/<20120924220607.16DEB2388C65@eris.apache.org>,chenpei
Mon Sep 24 22:07:28 2012,http://mail-archives.apache.org/mod_mbox/ctakes-commits/201209.mbox/<20120924220607.16DEB2388C65@eris.apache.org>,chenpei
Mon Sep 24 22:07:28 2012,http://mail-archives.apache.org/mod_mbox/ctakes-commits/201209.mbox/<20120924220607.16DEB2388C65@eris.apache.org>,chenpei
Mon Sep 24 22:07:28 2012,http://mail-archives.apache.org/mod_mbox/ctakes-commits/201209.mbox/<20120924220607.16DEB2388C65@eris.apache.org>,chenpei
Mon Sep 24 22:07:28 2012,http://mail-archives.apache.org/mod_mbox/ctakes-commits/201209.mbox/<20120924220607.16DEB2388C65@eris.apache.org>,chenpei
Mon Sep 24 22:07:28 2012,http://mail-archives.apache.org/mod_mbox/ctakes-commits/201209.mbox/<20120924220607.16DEB2388C65@eris.apache.org>,chenpei
Mon Sep 24 22:07:28 2012,http://mail-archives.apache.org/mod_mbox/ctakes-commits/201209.mbox/<20120924220607.16DEB2388C65@eris.apache.org>,chenpei
Mon Sep 24 22:07:28 2012,http://mail-archives.apache.org/mod_mbox/ctakes-commits/201209.mbox/<20120924220607.16DEB2388C65@eris.apache.org>,chenpei
Mon Sep 24 22:07:28 2012,http://mail-archives.apache.org/mod_mbox/ctakes-commits/201209.mbox/<20120924220607.16DEB2388C65@eris.apache.org>,chenpei
Mon Sep 24 22:07:28 2012,http://mail-archives.apache.org/mod_mbox/ctakes-commits/201209.mbox/<20120924220607.16DEB2388C65@eris.apache.org>,chenpei
Mon Sep 24 22:07:28 2012,http://mail-archives.apache.org/mod_mbox/ctakes-commits/201209.mbox/<20120924220607.16DEB2388C65@eris.apache.org>,chenpei
Mon Sep 24 22:07:28 2012,http://mail-archives.apache.org/mod_mbox/ctakes-commits/201209.mbox/<20120924220607.16DEB2388C65@eris.apache.org>,chenpei
Mon Sep 24 22:07:28 2012,http://mail-archives.apache.org/mod_mbox/ctakes-commits/201209.mbox/<20120924220607.16DEB2388C65@eris.apache.org>,chenpei
Mon Sep 24 22:07:28 2012,http://mail-archives.apache.org/mod_mbox/ctakes-commits/201209.mbox/<20120924220607.16DEB2388C65@eris.apache.org>,chenpei
Mon Sep 24 22:07:28 2012,http://mail-archives.apache.org/mod_mbox/ctakes-commits/201209.mbox/<20120924220607.16DEB2388C65@eris.apache.org>,chenpei
Mon Sep 24 22:07:28 2012,http://mail-archives.apache.org/mod_mbox/ctakes-commits/201209.mbox/<20120924220607.16DEB2388C65@eris.apache.org>,chenpei
Mon Sep 24 22:07:28 2012,http://mail-archives.apache.org/mod_mbox/ctakes-commits/201209.mbox/<20120924220607.16DEB2388C65@eris.apache.org>,chenpei
Mon Sep 24 22:07:28 2012,http://mail-archives.apache.org/mod_mbox/ctakes-commits/201209.mbox/<20120924220607.16DEB2388C65@eris.apache.org>,chenpei
Mon Sep 24 22:07:28 2012,http://mail-archives.apache.org/mod_mbox/ctakes-commits/201209.mbox/<20120924220607.16DEB2388C65@eris.apache.org>,chenpei
Mon Sep 24 22:07:28 2012,http://mail-archives.apache.org/mod_mbox/ctakes-commits/201209.mbox/<20120924220607.16DEB2388C65@eris.apache.org>,chenpei
Mon Sep 24 22:07:28 2012,http://mail-archives.apache.org/mod_mbox/ctakes-commits/201209.mbox/<20120924220607.16DEB2388C65@eris.apache.org>,chenpei
Mon Sep 24 22:07:28 2012,http://mail-archives.apache.org/mod_mbox/ctakes-commits/201209.mbox/<20120924220607.16DEB2388C65@eris.apache.org>,chenpei
Mon Sep 24 22:07:28 2012,http://mail-archives.apache.org/mod_mbox/ctakes-commits/201209.mbox/<20120924220607.16DEB2388C65@eris.apache.org>,chenpei
Mon Sep 24 22:07:28 2012,http://mail-archives.apache.org/mod_mbox/ctakes-commits/201209.mbox/<20120924220607.16DEB2388C65@eris.apache.org>,chenpei
Mon Sep 24 22:07:28 2012,http://mail-archives.apache.org/mod_mbox/ctakes-commits/201209.mbox/<20120924220607.16DEB2388C65@eris.apache.org>,chenpei
Mon Sep 24 22:07:28 2012,http://mail-archives.apache.org/mod_mbox/ctakes-commits/201209.mbox/<20120924220607.16DEB2388C65@eris.apache.org>,chenpei
Mon Sep 24 22:07:28 2012,http://mail-archives.apache.org/mod_mbox/ctakes-commits/201209.mbox/<20120924220607.16DEB2388C65@eris.apache.org>,chenpei
Mon Sep 24 22:07:28 2012,http://mail-archives.apache.org/mod_mbox/ctakes-commits/201209.mbox/<20120924220607.16DEB2388C65@eris.apache.org>,chenpei
Mon Sep 24 22:07:28 2012,http://mail-archives.apache.org/mod_mbox/ctakes-commits/201209.mbox/<20120924220607.16DEB2388C65@eris.apache.org>,chenpei
Mon Sep 24 22:07:28 2012,http://mail-archives.apache.org/mod_mbox/ctakes-commits/201209.mbox/<20120924220607.16DEB2388C65@eris.apache.org>,chenpei
Mon Sep 24 22:07:28 2012,http://mail-archives.apache.org/mod_mbox/ctakes-commits/201209.mbox/<20120924220607.16DEB2388C65@eris.apache.org>,chenpei
Mon Sep 24 22:07:28 2012,http://mail-archives.apache.org/mod_mbox/ctakes-commits/201209.mbox/<20120924220607.16DEB2388C65@eris.apache.org>,chenpei
Mon Sep 24 22:07:28 2012,http://mail-archives.apache.org/mod_mbox/ctakes-commits/201209.mbox/<20120924220607.16DEB2388C65@eris.apache.org>,chenpei
Mon Sep 24 22:07:28 2012,http://mail-archives.apache.org/mod_mbox/ctakes-commits/201209.mbox/<20120924220607.16DEB2388C65@eris.apache.org>,chenpei
Mon Sep 24 22:07:28 2012,http://mail-archives.apache.org/mod_mbox/ctakes-commits/201209.mbox/<20120924220607.16DEB2388C65@eris.apache.org>,chenpei
Mon Sep 24 22:07:28 2012,http://mail-archives.apache.org/mod_mbox/ctakes-commits/201209.mbox/<20120924220607.16DEB2388C65@eris.apache.org>,chenpei
Mon Sep 24 22:07:28 2012,http://mail-archives.apache.org/mod_mbox/ctakes-commits/201209.mbox/<20120924220607.16DEB2388C65@eris.apache.org>,chenpei
Mon Sep 24 22:07:28 2012,http://mail-archives.apache.org/mod_mbox/ctakes-commits/201209.mbox/<20120924220607.16DEB2388C65@eris.apache.org>,chenpei
Mon Sep 24 22:07:28 2012,http://mail-archives.apache.org/mod_mbox/ctakes-commits/201209.mbox/<20120924220607.16DEB2388C65@eris.apache.org>,chenpei
Mon Sep 24 22:07:28 2012,http://mail-archives.apache.org/mod_mbox/ctakes-commits/201209.mbox/<20120924220607.16DEB2388C65@eris.apache.org>,chenpei
Mon Sep 24 22:07:28 2012,http://mail-archives.apache.org/mod_mbox/ctakes-commits/201209.mbox/<20120924220607.16DEB2388C65@eris.apache.org>,chenpei
Mon Sep 24 22:07:28 2012,http://mail-archives.apache.org/mod_mbox/ctakes-commits/201209.mbox/<20120924220607.16DEB2388C65@eris.apache.org>,chenpei
Mon Sep 24 22:07:28 2012,http://mail-archives.apache.org/mod_mbox/ctakes-commits/201209.mbox/<20120924220607.16DEB2388C65@eris.apache.org>,chenpei
Mon Sep 24 22:07:28 2012,http://mail-archives.apache.org/mod_mbox/ctakes-commits/201209.mbox/<20120924220607.16DEB2388C65@eris.apache.org>,chenpei
Mon Sep 24 22:07:28 2012,http://mail-archives.apache.org/mod_mbox/ctakes-commits/201209.mbox/<20120924220607.16DEB2388C65@eris.apache.org>,chenpei
Mon Sep 24 22:07:28 2012,http://mail-archives.apache.org/mod_mbox/ctakes-commits/201209.mbox/<20120924220607.16DEB2388C65@eris.apache.org>,chenpei
Mon Sep 24 22:07:28 2012,http://mail-archives.apache.org/mod_mbox/ctakes-commits/201209.mbox/<20120924220607.16DEB2388C65@eris.apache.org>,chenpei
Mon Sep 24 22:07:28 2012,http://mail-archives.apache.org/mod_mbox/ctakes-commits/201209.mbox/<20120924220607.16DEB2388C65@eris.apache.org>,chenpei
Mon Sep 24 22:07:28 2012,http://mail-archives.apache.org/mod_mbox/ctakes-commits/201209.mbox/<20120924220607.16DEB2388C65@eris.apache.org>,chenpei
Mon Sep 24 22:07:28 2012,http://mail-archives.apache.org/mod_mbox/ctakes-commits/201209.mbox/<20120924220607.16DEB2388C65@eris.apache.org>,chenpei
Mon Sep 24 22:07:28 2012,http://mail-archives.apache.org/mod_mbox/ctakes-commits/201209.mbox/<20120924220607.16DEB2388C65@eris.apache.org>,chenpei
Mon Sep 24 22:07:28 2012,http://mail-archives.apache.org/mod_mbox/ctakes-commits/201209.mbox/<20120924220607.16DEB2388C65@eris.apache.org>,chenpei
Mon Sep 24 22:07:28 2012,http://mail-archives.apache.org/mod_mbox/ctakes-commits/201209.mbox/<20120924220607.16DEB2388C65@eris.apache.org>,chenpei
Mon Sep 24 22:07:28 2012,http://mail-archives.apache.org/mod_mbox/ctakes-commits/201209.mbox/<20120924220607.16DEB2388C65@eris.apache.org>,chenpei
Mon Sep 24 22:07:28 2012,http://mail-archives.apache.org/mod_mbox/ctakes-commits/201209.mbox/<20120924220607.16DEB2388C65@eris.apache.org>,chenpei
Mon Sep 24 22:07:28 2012,http://mail-archives.apache.org/mod_mbox/ctakes-commits/201209.mbox/<20120924220607.16DEB2388C65@eris.apache.org>,chenpei
Mon Sep 24 22:07:28 2012,http://mail-archives.apache.org/mod_mbox/ctakes-commits/201209.mbox/<20120924220607.16DEB2388C65@eris.apache.org>,chenpei
Mon Sep 24 22:07:28 2012,http://mail-archives.apache.org/mod_mbox/ctakes-commits/201209.mbox/<20120924220607.16DEB2388C65@eris.apache.org>,chenpei
Mon Sep 24 22:07:28 2012,http://mail-archives.apache.org/mod_mbox/ctakes-commits/201209.mbox/<20120924220607.16DEB2388C65@eris.apache.org>,chenpei
Mon Sep 24 22:07:28 2012,http://mail-archives.apache.org/mod_mbox/ctakes-commits/201209.mbox/<20120924220607.16DEB2388C65@eris.apache.org>,chenpei
Mon Sep 24 22:07:28 2012,http://mail-archives.apache.org/mod_mbox/ctakes-commits/201209.mbox/<20120924220607.16DEB2388C65@eris.apache.org>,chenpei
Mon Sep 24 22:07:28 2012,http://mail-archives.apache.org/mod_mbox/ctakes-commits/201209.mbox/<20120924220607.16DEB2388C65@eris.apache.org>,chenpei
Mon Sep 24 22:07:28 2012,http://mail-archives.apache.org/mod_mbox/ctakes-commits/201209.mbox/<20120924220607.16DEB2388C65@eris.apache.org>,chenpei
Mon Sep 24 22:07:28 2012,http://mail-archives.apache.org/mod_mbox/ctakes-commits/201209.mbox/<20120924220607.16DEB2388C65@eris.apache.org>,chenpei
Mon Sep 24 22:07:28 2012,http://mail-archives.apache.org/mod_mbox/ctakes-commits/201209.mbox/<20120924220607.16DEB2388C65@eris.apache.org>,chenpei
Mon Sep 24 22:07:28 2012,http://mail-archives.apache.org/mod_mbox/ctakes-commits/201209.mbox/<20120924220607.16DEB2388C65@eris.apache.org>,chenpei
Mon Sep 24 22:07:28 2012,http://mail-archives.apache.org/mod_mbox/ctakes-commits/201209.mbox/<20120924220607.16DEB2388C65@eris.apache.org>,chenpei
Mon Sep 24 22:07:28 2012,http://mail-archives.apache.org/mod_mbox/ctakes-commits/201209.mbox/<20120924220607.16DEB2388C65@eris.apache.org>,chenpei
Mon Sep 24 22:07:28 2012,http://mail-archives.apache.org/mod_mbox/ctakes-commits/201209.mbox/<20120924220607.16DEB2388C65@eris.apache.org>,chenpei
Mon Sep 24 22:07:28 2012,http://mail-archives.apache.org/mod_mbox/ctakes-commits/201209.mbox/<20120924220607.16DEB2388C65@eris.apache.org>,chenpei
Mon Sep 24 22:07:28 2012,http://mail-archives.apache.org/mod_mbox/ctakes-commits/201209.mbox/<20120924220607.16DEB2388C65@eris.apache.org>,chenpei
Mon Sep 24 22:07:28 2012,http://mail-archives.apache.org/mod_mbox/ctakes-commits/201209.mbox/<20120924220607.16DEB2388C65@eris.apache.org>,chenpei
Mon Sep 24 22:07:28 2012,http://mail-archives.apache.org/mod_mbox/ctakes-commits/201209.mbox/<20120924220607.16DEB2388C65@eris.apache.org>,chenpei
Mon Sep 24 22:07:28 2012,http://mail-archives.apache.org/mod_mbox/ctakes-commits/201209.mbox/<20120924220607.16DEB2388C65@eris.apache.org>,chenpei
Mon Sep 24 22:07:28 2012,http://mail-archives.apache.org/mod_mbox/ctakes-commits/201209.mbox/<20120924220607.16DEB2388C65@eris.apache.org>,chenpei
Mon Sep 24 22:07:28 2012,http://mail-archives.apache.org/mod_mbox/ctakes-commits/201209.mbox/<20120924220607.16DEB2388C65@eris.apache.org>,chenpei
Mon Sep 24 22:07:28 2012,http://mail-archives.apache.org/mod_mbox/ctakes-commits/201209.mbox/<20120924220607.16DEB2388C65@eris.apache.org>,chenpei
Mon Sep 24 22:07:28 2012,http://mail-archives.apache.org/mod_mbox/ctakes-commits/201209.mbox/<20120924220607.16DEB2388C65@eris.apache.org>,chenpei
Mon Sep 24 22:07:28 2012,http://mail-archives.apache.org/mod_mbox/ctakes-commits/201209.mbox/<20120924220607.16DEB2388C65@eris.apache.org>,chenpei
Mon Sep 24 22:07:28 2012,http://mail-archives.apache.org/mod_mbox/ctakes-commits/201209.mbox/<20120924220607.16DEB2388C65@eris.apache.org>,chenpei
Mon Sep 24 22:07:28 2012,http://mail-archives.apache.org/mod_mbox/ctakes-commits/201209.mbox/<20120924220607.16DEB2388C65@eris.apache.org>,chenpei
Mon Sep 24 22:07:28 2012,http://mail-archives.apache.org/mod_mbox/ctakes-commits/201209.mbox/<20120924220607.16DEB2388C65@eris.apache.org>,chenpei
Mon Sep 24 22:07:28 2012,http://mail-archives.apache.org/mod_mbox/ctakes-commits/201209.mbox/<20120924220607.16DEB2388C65@eris.apache.org>,chenpei
Mon Sep 24 22:07:28 2012,http://mail-archives.apache.org/mod_mbox/ctakes-commits/201209.mbox/<20120924220607.16DEB2388C65@eris.apache.org>,chenpei
Mon Sep 24 22:07:28 2012,http://mail-archives.apache.org/mod_mbox/ctakes-commits/201209.mbox/<20120924220607.16DEB2388C65@eris.apache.org>,chenpei
Mon Sep 24 22:07:28 2012,http://mail-archives.apache.org/mod_mbox/ctakes-commits/201209.mbox/<20120924220607.16DEB2388C65@eris.apache.org>,chenpei
Mon Sep 24 22:07:28 2012,http://mail-archives.apache.org/mod_mbox/ctakes-commits/201209.mbox/<20120924220607.16DEB2388C65@eris.apache.org>,chenpei
Mon Sep 24 22:07:28 2012,http://mail-archives.apache.org/mod_mbox/ctakes-commits/201209.mbox/<20120924220607.16DEB2388C65@eris.apache.org>,chenpei
Mon Sep 24 22:07:28 2012,http://mail-archives.apache.org/mod_mbox/ctakes-commits/201209.mbox/<20120924220607.16DEB2388C65@eris.apache.org>,chenpei
Mon Sep 24 22:07:28 2012,http://mail-archives.apache.org/mod_mbox/ctakes-commits/201209.mbox/<20120924220607.16DEB2388C65@eris.apache.org>,chenpei
Mon Sep 24 22:07:28 2012,http://mail-archives.apache.org/mod_mbox/ctakes-commits/201209.mbox/<20120924220607.16DEB2388C65@eris.apache.org>,chenpei
Mon Sep 24 22:07:28 2012,http://mail-archives.apache.org/mod_mbox/ctakes-commits/201209.mbox/<20120924220607.16DEB2388C65@eris.apache.org>,chenpei
Mon Sep 24 22:07:28 2012,http://mail-archives.apache.org/mod_mbox/ctakes-commits/201209.mbox/<20120924220607.16DEB2388C65@eris.apache.org>,chenpei
Mon Sep 24 22:07:28 2012,http://mail-archives.apache.org/mod_mbox/ctakes-commits/201209.mbox/<20120924220607.16DEB2388C65@eris.apache.org>,chenpei
Mon Sep 24 22:07:28 2012,http://mail-archives.apache.org/mod_mbox/ctakes-commits/201209.mbox/<20120924220607.16DEB2388C65@eris.apache.org>,chenpei
Mon Sep 24 22:07:28 2012,http://mail-archives.apache.org/mod_mbox/ctakes-commits/201209.mbox/<20120924220607.16DEB2388C65@eris.apache.org>,chenpei
Mon Sep 24 22:07:28 2012,http://mail-archives.apache.org/mod_mbox/ctakes-commits/201209.mbox/<20120924220607.16DEB2388C65@eris.apache.org>,chenpei
Mon Sep 24 22:07:28 2012,http://mail-archives.apache.org/mod_mbox/ctakes-commits/201209.mbox/<20120924220607.16DEB2388C65@eris.apache.org>,chenpei
Mon Sep 24 22:07:28 2012,http://mail-archives.apache.org/mod_mbox/ctakes-commits/201209.mbox/<20120924220607.16DEB2388C65@eris.apache.org>,chenpei
Mon Sep 24 22:07:28 2012,http://mail-archives.apache.org/mod_mbox/ctakes-commits/201209.mbox/<20120924220607.16DEB2388C65@eris.apache.org>,chenpei
Mon Sep 24 22:07:28 2012,http://mail-archives.apache.org/mod_mbox/ctakes-commits/201209.mbox/<20120924220607.16DEB2388C65@eris.apache.org>,chenpei
Mon Sep 24 22:07:28 2012,http://mail-archives.apache.org/mod_mbox/ctakes-commits/201209.mbox/<20120924220607.16DEB2388C65@eris.apache.org>,chenpei
Mon Sep 24 22:07:28 2012,http://mail-archives.apache.org/mod_mbox/ctakes-commits/201209.mbox/<20120924220607.16DEB2388C65@eris.apache.org>,chenpei
Mon Sep 24 22:07:28 2012,http://mail-archives.apache.org/mod_mbox/ctakes-commits/201209.mbox/<20120924220607.16DEB2388C65@eris.apache.org>,chenpei
Mon Sep 24 22:07:28 2012,http://mail-archives.apache.org/mod_mbox/ctakes-commits/201209.mbox/<20120924220607.16DEB2388C65@eris.apache.org>,chenpei
Mon Sep 24 22:07:28 2012,http://mail-archives.apache.org/mod_mbox/ctakes-commits/201209.mbox/<20120924220607.16DEB2388C65@eris.apache.org>,chenpei
Mon Sep 24 22:07:28 2012,http://mail-archives.apache.org/mod_mbox/ctakes-commits/201209.mbox/<20120924220607.16DEB2388C65@eris.apache.org>,chenpei
Mon Sep 24 22:07:28 2012,http://mail-archives.apache.org/mod_mbox/ctakes-commits/201209.mbox/<20120924220607.16DEB2388C65@eris.apache.org>,chenpei
Mon Sep 24 22:07:28 2012,http://mail-archives.apache.org/mod_mbox/ctakes-commits/201209.mbox/<20120924220607.16DEB2388C65@eris.apache.org>,chenpei
Mon Sep 24 22:07:28 2012,http://mail-archives.apache.org/mod_mbox/ctakes-commits/201209.mbox/<20120924220607.16DEB2388C65@eris.apache.org>,chenpei
Mon Sep 24 22:07:28 2012,http://mail-archives.apache.org/mod_mbox/ctakes-commits/201209.mbox/<20120924220607.16DEB2388C65@eris.apache.org>,chenpei
Mon Sep 24 22:07:28 2012,http://mail-archives.apache.org/mod_mbox/ctakes-commits/201209.mbox/<20120924220607.16DEB2388C65@eris.apache.org>,chenpei
Mon Sep 24 22:07:28 2012,http://mail-archives.apache.org/mod_mbox/ctakes-commits/201209.mbox/<20120924220607.16DEB2388C65@eris.apache.org>,chenpei
Mon Sep 24 22:07:28 2012,http://mail-archives.apache.org/mod_mbox/ctakes-commits/201209.mbox/<20120924220607.16DEB2388C65@eris.apache.org>,chenpei
Mon Sep 24 22:07:28 2012,http://mail-archives.apache.org/mod_mbox/ctakes-commits/201209.mbox/<20120924220607.16DEB2388C65@eris.apache.org>,chenpei
Mon Sep 24 22:07:28 2012,http://mail-archives.apache.org/mod_mbox/ctakes-commits/201209.mbox/<20120924220607.16DEB2388C65@eris.apache.org>,chenpei
Mon Sep 24 22:07:28 2012,http://mail-archives.apache.org/mod_mbox/ctakes-commits/201209.mbox/<20120924220607.16DEB2388C65@eris.apache.org>,chenpei
Mon Sep 24 22:07:28 2012,http://mail-archives.apache.org/mod_mbox/ctakes-commits/201209.mbox/<20120924220607.16DEB2388C65@eris.apache.org>,chenpei
Mon Sep 24 22:07:28 2012,http://mail-archives.apache.org/mod_mbox/ctakes-commits/201209.mbox/<20120924220607.16DEB2388C65@eris.apache.org>,chenpei
Mon Sep 24 22:07:28 2012,http://mail-archives.apache.org/mod_mbox/ctakes-commits/201209.mbox/<20120924220607.16DEB2388C65@eris.apache.org>,chenpei
Mon Sep 24 22:07:28 2012,http://mail-archives.apache.org/mod_mbox/ctakes-commits/201209.mbox/<20120924220607.16DEB2388C65@eris.apache.org>,chenpei
Mon Sep 24 22:07:28 2012,http://mail-archives.apache.org/mod_mbox/ctakes-commits/201209.mbox/<20120924220607.16DEB2388C65@eris.apache.org>,chenpei
Mon Sep 24 22:07:28 2012,http://mail-archives.apache.org/mod_mbox/ctakes-commits/201209.mbox/<20120924220607.16DEB2388C65@eris.apache.org>,chenpei
Mon Sep 24 22:07:28 2012,http://mail-archives.apache.org/mod_mbox/ctakes-commits/201209.mbox/<20120924220607.16DEB2388C65@eris.apache.org>,chenpei
Mon Sep 24 22:07:28 2012,http://mail-archives.apache.org/mod_mbox/ctakes-commits/201209.mbox/<20120924220607.16DEB2388C65@eris.apache.org>,chenpei
Mon Sep 24 22:07:28 2012,http://mail-archives.apache.org/mod_mbox/ctakes-commits/201209.mbox/<20120924220607.16DEB2388C65@eris.apache.org>,chenpei
Mon Sep 24 22:07:28 2012,http://mail-archives.apache.org/mod_mbox/ctakes-commits/201209.mbox/<20120924220607.16DEB2388C65@eris.apache.org>,chenpei
Mon Sep 24 22:07:28 2012,http://mail-archives.apache.org/mod_mbox/ctakes-commits/201209.mbox/<20120924220607.16DEB2388C65@eris.apache.org>,chenpei
Mon Sep 24 22:07:28 2012,http://mail-archives.apache.org/mod_mbox/ctakes-commits/201209.mbox/<20120924220607.16DEB2388C65@eris.apache.org>,chenpei
Mon Sep 24 22:07:28 2012,http://mail-archives.apache.org/mod_mbox/ctakes-commits/201209.mbox/<20120924220607.16DEB2388C65@eris.apache.org>,chenpei
Mon Sep 24 22:07:28 2012,http://mail-archives.apache.org/mod_mbox/ctakes-commits/201209.mbox/<20120924220607.16DEB2388C65@eris.apache.org>,chenpei
Mon Sep 24 22:07:28 2012,http://mail-archives.apache.org/mod_mbox/ctakes-commits/201209.mbox/<20120924220607.16DEB2388C65@eris.apache.org>,chenpei
Mon Sep 24 22:07:28 2012,http://mail-archives.apache.org/mod_mbox/ctakes-commits/201209.mbox/<20120924220607.16DEB2388C65@eris.apache.org>,chenpei
Mon Sep 24 22:07:28 2012,http://mail-archives.apache.org/mod_mbox/ctakes-commits/201209.mbox/<20120924220607.16DEB2388C65@eris.apache.org>,chenpei
Mon Sep 24 22:07:28 2012,http://mail-archives.apache.org/mod_mbox/ctakes-commits/201209.mbox/<20120924220607.16DEB2388C65@eris.apache.org>,chenpei
Mon Sep 24 22:07:28 2012,http://mail-archives.apache.org/mod_mbox/ctakes-commits/201209.mbox/<20120924220607.16DEB2388C65@eris.apache.org>,chenpei
Mon Sep 24 22:07:28 2012,http://mail-archives.apache.org/mod_mbox/ctakes-commits/201209.mbox/<20120924220607.16DEB2388C65@eris.apache.org>,chenpei
Mon Sep 24 22:07:28 2012,http://mail-archives.apache.org/mod_mbox/ctakes-commits/201209.mbox/<20120924220607.16DEB2388C65@eris.apache.org>,chenpei
Mon Sep 24 22:07:28 2012,http://mail-archives.apache.org/mod_mbox/ctakes-commits/201209.mbox/<20120924220607.16DEB2388C65@eris.apache.org>,chenpei
Mon Sep 24 22:07:28 2012,http://mail-archives.apache.org/mod_mbox/ctakes-commits/201209.mbox/<20120924220607.16DEB2388C65@eris.apache.org>,chenpei
Mon Sep 24 22:07:28 2012,http://mail-archives.apache.org/mod_mbox/ctakes-commits/201209.mbox/<20120924220607.16DEB2388C65@eris.apache.org>,chenpei
Mon Sep 24 22:07:28 2012,http://mail-archives.apache.org/mod_mbox/ctakes-commits/201209.mbox/<20120924220607.16DEB2388C65@eris.apache.org>,chenpei
Mon Sep 24 22:07:28 2012,http://mail-archives.apache.org/mod_mbox/ctakes-commits/201209.mbox/<20120924220607.16DEB2388C65@eris.apache.org>,chenpei
Mon Sep 24 22:07:28 2012,http://mail-archives.apache.org/mod_mbox/ctakes-commits/201209.mbox/<20120924220607.16DEB2388C65@eris.apache.org>,chenpei
Mon Sep 24 22:07:28 2012,http://mail-archives.apache.org/mod_mbox/ctakes-commits/201209.mbox/<20120924220607.16DEB2388C65@eris.apache.org>,chenpei
Mon Sep 24 22:07:28 2012,http://mail-archives.apache.org/mod_mbox/ctakes-commits/201209.mbox/<20120924220607.16DEB2388C65@eris.apache.org>,chenpei
Mon Sep 24 22:07:28 2012,http://mail-archives.apache.org/mod_mbox/ctakes-commits/201209.mbox/<20120924220607.16DEB2388C65@eris.apache.org>,chenpei
Mon Sep 24 22:07:28 2012,http://mail-archives.apache.org/mod_mbox/ctakes-commits/201209.mbox/<20120924220607.16DEB2388C65@eris.apache.org>,chenpei
Mon Sep 24 22:07:28 2012,http://mail-archives.apache.org/mod_mbox/ctakes-commits/201209.mbox/<20120924220607.16DEB2388C65@eris.apache.org>,chenpei
Mon Sep 24 22:07:28 2012,http://mail-archives.apache.org/mod_mbox/ctakes-commits/201209.mbox/<20120924220607.16DEB2388C65@eris.apache.org>,chenpei
Mon Sep 24 22:07:28 2012,http://mail-archives.apache.org/mod_mbox/ctakes-commits/201209.mbox/<20120924220607.16DEB2388C65@eris.apache.org>,chenpei
Mon Sep 24 22:07:28 2012,http://mail-archives.apache.org/mod_mbox/ctakes-commits/201209.mbox/<20120924220607.16DEB2388C65@eris.apache.org>,chenpei
Mon Sep 24 22:07:28 2012,http://mail-archives.apache.org/mod_mbox/ctakes-commits/201209.mbox/<20120924220607.16DEB2388C65@eris.apache.org>,chenpei
Mon Sep 24 22:07:28 2012,http://mail-archives.apache.org/mod_mbox/ctakes-commits/201209.mbox/<20120924220607.16DEB2388C65@eris.apache.org>,chenpei
Mon Sep 24 22:07:28 2012,http://mail-archives.apache.org/mod_mbox/ctakes-commits/201209.mbox/<20120924220607.16DEB2388C65@eris.apache.org>,chenpei
Mon Sep 24 22:07:28 2012,http://mail-archives.apache.org/mod_mbox/ctakes-commits/201209.mbox/<20120924220607.16DEB2388C65@eris.apache.org>,chenpei
Mon Sep 24 22:07:28 2012,http://mail-archives.apache.org/mod_mbox/ctakes-commits/201209.mbox/<20120924220607.16DEB2388C65@eris.apache.org>,chenpei
Mon Sep 24 22:07:28 2012,http://mail-archives.apache.org/mod_mbox/ctakes-commits/201209.mbox/<20120924220607.16DEB2388C65@eris.apache.org>,chenpei
Mon Sep 24 22:07:28 2012,http://mail-archives.apache.org/mod_mbox/ctakes-commits/201209.mbox/<20120924220607.16DEB2388C65@eris.apache.org>,chenpei
Mon Sep 24 22:07:28 2012,http://mail-archives.apache.org/mod_mbox/ctakes-commits/201209.mbox/<20120924220607.16DEB2388C65@eris.apache.org>,chenpei
Mon Sep 24 22:07:28 2012,http://mail-archives.apache.org/mod_mbox/ctakes-commits/201209.mbox/<20120924220607.16DEB2388C65@eris.apache.org>,chenpei
Mon Sep 24 22:07:28 2012,http://mail-archives.apache.org/mod_mbox/ctakes-commits/201209.mbox/<20120924220607.16DEB2388C65@eris.apache.org>,chenpei
Mon Sep 24 22:07:28 2012,http://mail-archives.apache.org/mod_mbox/ctakes-commits/201209.mbox/<20120924220607.16DEB2388C65@eris.apache.org>,chenpei
Mon Sep 24 22:07:28 2012,http://mail-archives.apache.org/mod_mbox/ctakes-commits/201209.mbox/<20120924220607.16DEB2388C65@eris.apache.org>,chenpei
Mon Sep 24 22:07:28 2012,http://mail-archives.apache.org/mod_mbox/ctakes-commits/201209.mbox/<20120924220607.16DEB2388C65@eris.apache.org>,chenpei
Mon Sep 24 22:07:28 2012,http://mail-archives.apache.org/mod_mbox/ctakes-commits/201209.mbox/<20120924220607.16DEB2388C65@eris.apache.org>,chenpei
Mon Sep 24 22:07:28 2012,http://mail-archives.apache.org/mod_mbox/ctakes-commits/201209.mbox/<20120924220607.16DEB2388C65@eris.apache.org>,chenpei
Mon Sep 24 22:07:28 2012,http://mail-archives.apache.org/mod_mbox/ctakes-commits/201209.mbox/<20120924220607.16DEB2388C65@eris.apache.org>,chenpei
Mon Sep 24 22:07:28 2012,http://mail-archives.apache.org/mod_mbox/ctakes-commits/201209.mbox/<20120924220607.16DEB2388C65@eris.apache.org>,chenpei
Mon Sep 24 22:07:28 2012,http://mail-archives.apache.org/mod_mbox/ctakes-commits/201209.mbox/<20120924220607.16DEB2388C65@eris.apache.org>,chenpei
Mon Sep 24 22:07:28 2012,http://mail-archives.apache.org/mod_mbox/ctakes-commits/201209.mbox/<20120924220607.16DEB2388C65@eris.apache.org>,chenpei
Mon Sep 24 22:07:28 2012,http://mail-archives.apache.org/mod_mbox/ctakes-commits/201209.mbox/<20120924220607.16DEB2388C65@eris.apache.org>,chenpei
Mon Sep 24 22:07:28 2012,http://mail-archives.apache.org/mod_mbox/ctakes-commits/201209.mbox/<20120924220607.16DEB2388C65@eris.apache.org>,chenpei
Mon Sep 24 22:07:28 2012,http://mail-archives.apache.org/mod_mbox/ctakes-commits/201209.mbox/<20120924220607.16DEB2388C65@eris.apache.org>,chenpei
Mon Sep 24 22:07:28 2012,http://mail-archives.apache.org/mod_mbox/ctakes-commits/201209.mbox/<20120924220607.16DEB2388C65@eris.apache.org>,chenpei
Mon Sep 24 22:07:28 2012,http://mail-archives.apache.org/mod_mbox/ctakes-commits/201209.mbox/<20120924220607.16DEB2388C65@eris.apache.org>,chenpei
Mon Sep 24 22:07:28 2012,http://mail-archives.apache.org/mod_mbox/ctakes-commits/201209.mbox/<20120924220607.16DEB2388C65@eris.apache.org>,chenpei
Mon Sep 24 22:07:28 2012,http://mail-archives.apache.org/mod_mbox/ctakes-commits/201209.mbox/<20120924220607.16DEB2388C65@eris.apache.org>,chenpei
Mon Sep 24 22:07:28 2012,http://mail-archives.apache.org/mod_mbox/ctakes-commits/201209.mbox/<20120924220607.16DEB2388C65@eris.apache.org>,chenpei
Mon Sep 24 22:07:28 2012,http://mail-archives.apache.org/mod_mbox/ctakes-commits/201209.mbox/<20120924220607.16DEB2388C65@eris.apache.org>,chenpei
Mon Sep 24 22:07:28 2012,http://mail-archives.apache.org/mod_mbox/ctakes-commits/201209.mbox/<20120924220607.16DEB2388C65@eris.apache.org>,chenpei
Mon Sep 24 22:07:28 2012,http://mail-archives.apache.org/mod_mbox/ctakes-commits/201209.mbox/<20120924220607.16DEB2388C65@eris.apache.org>,chenpei
Mon Sep 24 22:07:28 2012,http://mail-archives.apache.org/mod_mbox/ctakes-commits/201209.mbox/<20120924220607.16DEB2388C65@eris.apache.org>,chenpei
Mon Sep 24 22:07:28 2012,http://mail-archives.apache.org/mod_mbox/ctakes-commits/201209.mbox/<20120924220607.16DEB2388C65@eris.apache.org>,chenpei
Mon Sep 24 22:07:28 2012,http://mail-archives.apache.org/mod_mbox/ctakes-commits/201209.mbox/<20120924220607.16DEB2388C65@eris.apache.org>,chenpei
Mon Sep 24 22:07:28 2012,http://mail-archives.apache.org/mod_mbox/ctakes-commits/201209.mbox/<20120924220607.16DEB2388C65@eris.apache.org>,chenpei
Mon Sep 24 22:07:28 2012,http://mail-archives.apache.org/mod_mbox/ctakes-commits/201209.mbox/<20120924220607.16DEB2388C65@eris.apache.org>,chenpei
Mon Sep 24 22:07:28 2012,http://mail-archives.apache.org/mod_mbox/ctakes-commits/201209.mbox/<20120924220607.16DEB2388C65@eris.apache.org>,chenpei
Mon Sep 24 22:07:28 2012,http://mail-archives.apache.org/mod_mbox/ctakes-commits/201209.mbox/<20120924220607.16DEB2388C65@eris.apache.org>,chenpei
Mon Sep 24 22:07:28 2012,http://mail-archives.apache.org/mod_mbox/ctakes-commits/201209.mbox/<20120924220607.16DEB2388C65@eris.apache.org>,chenpei
Mon Sep 24 22:07:28 2012,http://mail-archives.apache.org/mod_mbox/ctakes-commits/201209.mbox/<20120924220607.16DEB2388C65@eris.apache.org>,chenpei
Mon Sep 24 22:07:28 2012,http://mail-archives.apache.org/mod_mbox/ctakes-commits/201209.mbox/<20120924220607.16DEB2388C65@eris.apache.org>,chenpei
Mon Sep 24 22:07:28 2012,http://mail-archives.apache.org/mod_mbox/ctakes-commits/201209.mbox/<20120924220607.16DEB2388C65@eris.apache.org>,chenpei
Mon Sep 24 22:07:28 2012,http://mail-archives.apache.org/mod_mbox/ctakes-commits/201209.mbox/<20120924220607.16DEB2388C65@eris.apache.org>,chenpei
Mon Sep 24 22:07:28 2012,http://mail-archives.apache.org/mod_mbox/ctakes-commits/201209.mbox/<20120924220607.16DEB2388C65@eris.apache.org>,chenpei
Mon Sep 24 22:07:28 2012,http://mail-archives.apache.org/mod_mbox/ctakes-commits/201209.mbox/<20120924220607.16DEB2388C65@eris.apache.org>,chenpei
Mon Sep 24 22:07:28 2012,http://mail-archives.apache.org/mod_mbox/ctakes-commits/201209.mbox/<20120924220607.16DEB2388C65@eris.apache.org>,chenpei
Mon Sep 24 22:07:28 2012,http://mail-archives.apache.org/mod_mbox/ctakes-commits/201209.mbox/<20120924220607.16DEB2388C65@eris.apache.org>,chenpei
Mon Sep 24 22:07:28 2012,http://mail-archives.apache.org/mod_mbox/ctakes-commits/201209.mbox/<20120924220607.16DEB2388C65@eris.apache.org>,chenpei
Mon Sep 24 22:07:28 2012,http://mail-archives.apache.org/mod_mbox/ctakes-commits/201209.mbox/<20120924220607.16DEB2388C65@eris.apache.org>,chenpei
Mon Sep 24 22:07:28 2012,http://mail-archives.apache.org/mod_mbox/ctakes-commits/201209.mbox/<20120924220607.16DEB2388C65@eris.apache.org>,chenpei
Mon Sep 24 22:07:28 2012,http://mail-archives.apache.org/mod_mbox/ctakes-commits/201209.mbox/<20120924220607.16DEB2388C65@eris.apache.org>,chenpei
Mon Sep 24 22:07:28 2012,http://mail-archives.apache.org/mod_mbox/ctakes-commits/201209.mbox/<20120924220607.16DEB2388C65@eris.apache.org>,chenpei
Mon Sep 24 22:07:28 2012,http://mail-archives.apache.org/mod_mbox/ctakes-commits/201209.mbox/<20120924220607.16DEB2388C65@eris.apache.org>,chenpei
Mon Sep 24 22:07:28 2012,http://mail-archives.apache.org/mod_mbox/ctakes-commits/201209.mbox/<20120924220607.16DEB2388C65@eris.apache.org>,chenpei
Mon Sep 24 22:07:28 2012,http://mail-archives.apache.org/mod_mbox/ctakes-commits/201209.mbox/<20120924220607.16DEB2388C65@eris.apache.org>,chenpei
Mon Sep 24 22:07:28 2012,http://mail-archives.apache.org/mod_mbox/ctakes-commits/201209.mbox/<20120924220607.16DEB2388C65@eris.apache.org>,chenpei
Mon Sep 24 22:07:28 2012,http://mail-archives.apache.org/mod_mbox/ctakes-commits/201209.mbox/<20120924220607.16DEB2388C65@eris.apache.org>,chenpei
Mon Sep 24 22:07:28 2012,http://mail-archives.apache.org/mod_mbox/ctakes-commits/201209.mbox/<20120924220607.16DEB2388C65@eris.apache.org>,chenpei
Mon Sep 24 22:07:28 2012,http://mail-archives.apache.org/mod_mbox/ctakes-commits/201209.mbox/<20120924220607.16DEB2388C65@eris.apache.org>,chenpei
Mon Sep 24 22:07:28 2012,http://mail-archives.apache.org/mod_mbox/ctakes-commits/201209.mbox/<20120924220607.16DEB2388C65@eris.apache.org>,chenpei
Mon Sep 24 22:07:28 2012,http://mail-archives.apache.org/mod_mbox/ctakes-commits/201209.mbox/<20120924220607.16DEB2388C65@eris.apache.org>,chenpei
Mon Sep 24 22:07:28 2012,http://mail-archives.apache.org/mod_mbox/ctakes-commits/201209.mbox/<20120924220607.16DEB2388C65@eris.apache.org>,chenpei
Mon Sep 24 22:07:28 2012,http://mail-archives.apache.org/mod_mbox/ctakes-commits/201209.mbox/<20120924220607.16DEB2388C65@eris.apache.org>,chenpei
Mon Sep 24 22:07:28 2012,http://mail-archives.apache.org/mod_mbox/ctakes-commits/201209.mbox/<20120924220607.16DEB2388C65@eris.apache.org>,chenpei
Mon Sep 24 22:07:28 2012,http://mail-archives.apache.org/mod_mbox/ctakes-commits/201209.mbox/<20120924220607.16DEB2388C65@eris.apache.org>,chenpei
Mon Sep 24 22:07:28 2012,http://mail-archives.apache.org/mod_mbox/ctakes-commits/201209.mbox/<20120924220607.16DEB2388C65@eris.apache.org>,chenpei
Mon Sep 24 22:07:28 2012,http://mail-archives.apache.org/mod_mbox/ctakes-commits/201209.mbox/<20120924220607.16DEB2388C65@eris.apache.org>,chenpei
Mon Sep 24 22:07:28 2012,http://mail-archives.apache.org/mod_mbox/ctakes-commits/201209.mbox/<20120924220607.16DEB2388C65@eris.apache.org>,chenpei
Mon Sep 24 22:07:28 2012,http://mail-archives.apache.org/mod_mbox/ctakes-commits/201209.mbox/<20120924220607.16DEB2388C65@eris.apache.org>,chenpei
Mon Sep 24 22:07:28 2012,http://mail-archives.apache.org/mod_mbox/ctakes-commits/201209.mbox/<20120924220607.16DEB2388C65@eris.apache.org>,chenpei
Mon Sep 24 22:07:28 2012,http://mail-archives.apache.org/mod_mbox/ctakes-commits/201209.mbox/<20120924220607.16DEB2388C65@eris.apache.org>,chenpei
Mon Sep 24 22:07:28 2012,http://mail-archives.apache.org/mod_mbox/ctakes-commits/201209.mbox/<20120924220607.16DEB2388C65@eris.apache.org>,chenpei
Mon Sep 24 22:07:28 2012,http://mail-archives.apache.org/mod_mbox/ctakes-commits/201209.mbox/<20120924220607.16DEB2388C65@eris.apache.org>,chenpei
Mon Sep 24 22:07:28 2012,http://mail-archives.apache.org/mod_mbox/ctakes-commits/201209.mbox/<20120924220607.16DEB2388C65@eris.apache.org>,chenpei
Mon Sep 24 22:07:28 2012,http://mail-archives.apache.org/mod_mbox/ctakes-commits/201209.mbox/<20120924220607.16DEB2388C65@eris.apache.org>,chenpei
Mon Sep 24 22:07:28 2012,http://mail-archives.apache.org/mod_mbox/ctakes-commits/201209.mbox/<20120924220607.16DEB2388C65@eris.apache.org>,chenpei
Mon Sep 24 22:07:28 2012,http://mail-archives.apache.org/mod_mbox/ctakes-commits/201209.mbox/<20120924220607.16DEB2388C65@eris.apache.org>,chenpei
Mon Sep 24 22:07:28 2012,http://mail-archives.apache.org/mod_mbox/ctakes-commits/201209.mbox/<20120924220607.16DEB2388C65@eris.apache.org>,chenpei
Mon Sep 24 22:07:28 2012,http://mail-archives.apache.org/mod_mbox/ctakes-commits/201209.mbox/<20120924220607.16DEB2388C65@eris.apache.org>,chenpei
Mon Sep 24 22:07:28 2012,http://mail-archives.apache.org/mod_mbox/ctakes-commits/201209.mbox/<20120924220607.16DEB2388C65@eris.apache.org>,chenpei
Mon Sep 24 22:07:28 2012,http://mail-archives.apache.org/mod_mbox/ctakes-commits/201209.mbox/<20120924220607.16DEB2388C65@eris.apache.org>,chenpei
Mon Sep 24 22:07:28 2012,http://mail-archives.apache.org/mod_mbox/ctakes-commits/201209.mbox/<20120924220607.16DEB2388C65@eris.apache.org>,chenpei
Mon Sep 24 22:07:28 2012,http://mail-archives.apache.org/mod_mbox/ctakes-commits/201209.mbox/<20120924220607.16DEB2388C65@eris.apache.org>,chenpei
Mon Sep 24 22:07:28 2012,http://mail-archives.apache.org/mod_mbox/ctakes-commits/201209.mbox/<20120924220607.16DEB2388C65@eris.apache.org>,chenpei
Mon Sep 24 22:07:28 2012,http://mail-archives.apache.org/mod_mbox/ctakes-commits/201209.mbox/<20120924220607.16DEB2388C65@eris.apache.org>,chenpei
Mon Sep 24 22:07:28 2012,http://mail-archives.apache.org/mod_mbox/ctakes-commits/201209.mbox/<20120924220607.16DEB2388C65@eris.apache.org>,chenpei
Mon Sep 24 22:07:28 2012,http://mail-archives.apache.org/mod_mbox/ctakes-commits/201209.mbox/<20120924220607.16DEB2388C65@eris.apache.org>,chenpei
Mon Sep 24 22:07:28 2012,http://mail-archives.apache.org/mod_mbox/ctakes-commits/201209.mbox/<20120924220607.16DEB2388C65@eris.apache.org>,chenpei
Mon Sep 24 22:07:28 2012,http://mail-archives.apache.org/mod_mbox/ctakes-commits/201209.mbox/<20120924220607.16DEB2388C65@eris.apache.org>,chenpei
Mon Sep 24 22:07:28 2012,http://mail-archives.apache.org/mod_mbox/ctakes-commits/201209.mbox/<20120924220607.16DEB2388C65@eris.apache.org>,chenpei
Mon Sep 24 22:07:28 2012,http://mail-archives.apache.org/mod_mbox/ctakes-commits/201209.mbox/<20120924220607.16DEB2388C65@eris.apache.org>,chenpei
Mon Sep 24 22:07:28 2012,http://mail-archives.apache.org/mod_mbox/ctakes-commits/201209.mbox/<20120924220607.16DEB2388C65@eris.apache.org>,chenpei
Mon Sep 24 22:07:28 2012,http://mail-archives.apache.org/mod_mbox/ctakes-commits/201209.mbox/<20120924220607.16DEB2388C65@eris.apache.org>,chenpei
Mon Sep 24 22:07:28 2012,http://mail-archives.apache.org/mod_mbox/ctakes-commits/201209.mbox/<20120924220607.16DEB2388C65@eris.apache.org>,chenpei
Mon Sep 24 22:07:28 2012,http://mail-archives.apache.org/mod_mbox/ctakes-commits/201209.mbox/<20120924220607.16DEB2388C65@eris.apache.org>,chenpei
Mon Sep 24 22:07:28 2012,http://mail-archives.apache.org/mod_mbox/ctakes-commits/201209.mbox/<20120924220607.16DEB2388C65@eris.apache.org>,chenpei
Mon Sep 24 22:07:28 2012,http://mail-archives.apache.org/mod_mbox/ctakes-commits/201209.mbox/<20120924220607.16DEB2388C65@eris.apache.org>,chenpei
Mon Sep 24 22:07:28 2012,http://mail-archives.apache.org/mod_mbox/ctakes-commits/201209.mbox/<20120924220607.16DEB2388C65@eris.apache.org>,chenpei
Mon Sep 24 22:07:28 2012,http://mail-archives.apache.org/mod_mbox/ctakes-commits/201209.mbox/<20120924220607.16DEB2388C65@eris.apache.org>,chenpei
Mon Sep 24 22:07:28 2012,http://mail-archives.apache.org/mod_mbox/ctakes-commits/201209.mbox/<20120924220607.16DEB2388C65@eris.apache.org>,chenpei
Mon Sep 24 22:07:28 2012,http://mail-archives.apache.org/mod_mbox/ctakes-commits/201209.mbox/<20120924220607.16DEB2388C65@eris.apache.org>,chenpei
Mon Sep 24 22:07:28 2012,http://mail-archives.apache.org/mod_mbox/ctakes-commits/201209.mbox/<20120924220607.16DEB2388C65@eris.apache.org>,chenpei
Mon Sep 24 22:07:28 2012,http://mail-archives.apache.org/mod_mbox/ctakes-commits/201209.mbox/<20120924220607.16DEB2388C65@eris.apache.org>,chenpei
Mon Sep 24 22:07:28 2012,http://mail-archives.apache.org/mod_mbox/ctakes-commits/201209.mbox/<20120924220607.16DEB2388C65@eris.apache.org>,chenpei
Mon Sep 24 22:07:28 2012,http://mail-archives.apache.org/mod_mbox/ctakes-commits/201209.mbox/<20120924220607.16DEB2388C65@eris.apache.org>,chenpei
Mon Sep 24 22:07:28 2012,http://mail-archives.apache.org/mod_mbox/ctakes-commits/201209.mbox/<20120924220607.16DEB2388C65@eris.apache.org>,chenpei
Mon Sep 24 22:07:28 2012,http://mail-archives.apache.org/mod_mbox/ctakes-commits/201209.mbox/<20120924220607.16DEB2388C65@eris.apache.org>,chenpei
Mon Sep 24 22:07:28 2012,http://mail-archives.apache.org/mod_mbox/ctakes-commits/201209.mbox/<20120924220607.16DEB2388C65@eris.apache.org>,chenpei
Mon Sep 24 22:07:28 2012,http://mail-archives.apache.org/mod_mbox/ctakes-commits/201209.mbox/<20120924220607.16DEB2388C65@eris.apache.org>,chenpei
Mon Sep 24 22:07:28 2012,http://mail-archives.apache.org/mod_mbox/ctakes-commits/201209.mbox/<20120924220607.16DEB2388C65@eris.apache.org>,chenpei
Mon Sep 24 22:07:28 2012,http://mail-archives.apache.org/mod_mbox/ctakes-commits/201209.mbox/<20120924220607.16DEB2388C65@eris.apache.org>,chenpei
Mon Sep 24 22:07:28 2012,http://mail-archives.apache.org/mod_mbox/ctakes-commits/201209.mbox/<20120924220607.16DEB2388C65@eris.apache.org>,chenpei
Mon Sep 24 22:07:28 2012,http://mail-archives.apache.org/mod_mbox/ctakes-commits/201209.mbox/<20120924220607.16DEB2388C65@eris.apache.org>,chenpei
Mon Sep 24 22:07:28 2012,http://mail-archives.apache.org/mod_mbox/ctakes-commits/201209.mbox/<20120924220607.16DEB2388C65@eris.apache.org>,chenpei
Mon Sep 24 22:07:28 2012,http://mail-archives.apache.org/mod_mbox/ctakes-commits/201209.mbox/<20120924220607.16DEB2388C65@eris.apache.org>,chenpei
Mon Sep 24 22:07:28 2012,http://mail-archives.apache.org/mod_mbox/ctakes-commits/201209.mbox/<20120924220607.16DEB2388C65@eris.apache.org>,chenpei
Mon Sep 24 22:07:28 2012,http://mail-archives.apache.org/mod_mbox/ctakes-commits/201209.mbox/<20120924220607.16DEB2388C65@eris.apache.org>,chenpei
Mon Sep 24 22:07:28 2012,http://mail-archives.apache.org/mod_mbox/ctakes-commits/201209.mbox/<20120924220607.16DEB2388C65@eris.apache.org>,chenpei
Mon Sep 24 22:07:28 2012,http://mail-archives.apache.org/mod_mbox/ctakes-commits/201209.mbox/<20120924220607.16DEB2388C65@eris.apache.org>,chenpei
Mon Sep 24 22:07:28 2012,http://mail-archives.apache.org/mod_mbox/ctakes-commits/201209.mbox/<20120924220607.16DEB2388C65@eris.apache.org>,chenpei
Mon Sep 24 22:07:28 2012,http://mail-archives.apache.org/mod_mbox/ctakes-commits/201209.mbox/<20120924220607.16DEB2388C65@eris.apache.org>,chenpei
Mon Sep 24 22:07:28 2012,http://mail-archives.apache.org/mod_mbox/ctakes-commits/201209.mbox/<20120924220607.16DEB2388C65@eris.apache.org>,chenpei
Mon Sep 24 22:07:28 2012,http://mail-archives.apache.org/mod_mbox/ctakes-commits/201209.mbox/<20120924220607.16DEB2388C65@eris.apache.org>,chenpei
Mon Sep 24 22:07:28 2012,http://mail-archives.apache.org/mod_mbox/ctakes-commits/201209.mbox/<20120924220607.16DEB2388C65@eris.apache.org>,chenpei
Mon Sep 24 22:07:28 2012,http://mail-archives.apache.org/mod_mbox/ctakes-commits/201209.mbox/<20120924220607.16DEB2388C65@eris.apache.org>,chenpei
Mon Sep 24 22:07:28 2012,http://mail-archives.apache.org/mod_mbox/ctakes-commits/201209.mbox/<20120924220607.16DEB2388C65@eris.apache.org>,chenpei
Mon Sep 24 22:07:28 2012,http://mail-archives.apache.org/mod_mbox/ctakes-commits/201209.mbox/<20120924220607.16DEB2388C65@eris.apache.org>,chenpei
Mon Sep 24 22:07:28 2012,http://mail-archives.apache.org/mod_mbox/ctakes-commits/201209.mbox/<20120924220607.16DEB2388C65@eris.apache.org>,chenpei
Mon Sep 24 22:07:28 2012,http://mail-archives.apache.org/mod_mbox/ctakes-commits/201209.mbox/<20120924220607.16DEB2388C65@eris.apache.org>,chenpei
Mon Sep 24 22:07:28 2012,http://mail-archives.apache.org/mod_mbox/ctakes-commits/201209.mbox/<20120924220607.16DEB2388C65@eris.apache.org>,chenpei
Mon Sep 24 22:07:28 2012,http://mail-archives.apache.org/mod_mbox/ctakes-commits/201209.mbox/<20120924220607.16DEB2388C65@eris.apache.org>,chenpei
Mon Sep 24 22:07:28 2012,http://mail-archives.apache.org/mod_mbox/ctakes-commits/201209.mbox/<20120924220607.16DEB2388C65@eris.apache.org>,chenpei
Mon Sep 24 22:07:28 2012,http://mail-archives.apache.org/mod_mbox/ctakes-commits/201209.mbox/<20120924220607.16DEB2388C65@eris.apache.org>,chenpei
Mon Sep 24 22:07:28 2012,http://mail-archives.apache.org/mod_mbox/ctakes-commits/201209.mbox/<20120924220607.16DEB2388C65@eris.apache.org>,chenpei
Mon Sep 24 22:07:28 2012,http://mail-archives.apache.org/mod_mbox/ctakes-commits/201209.mbox/<20120924220607.16DEB2388C65@eris.apache.org>,chenpei
Mon Sep 24 22:07:28 2012,http://mail-archives.apache.org/mod_mbox/ctakes-commits/201209.mbox/<20120924220607.16DEB2388C65@eris.apache.org>,chenpei
Mon Sep 24 22:07:28 2012,http://mail-archives.apache.org/mod_mbox/ctakes-commits/201209.mbox/<20120924220607.16DEB2388C65@eris.apache.org>,chenpei
Mon Sep 24 22:07:28 2012,http://mail-archives.apache.org/mod_mbox/ctakes-commits/201209.mbox/<20120924220607.16DEB2388C65@eris.apache.org>,chenpei
Mon Sep 24 22:07:28 2012,http://mail-archives.apache.org/mod_mbox/ctakes-commits/201209.mbox/<20120924220607.16DEB2388C65@eris.apache.org>,chenpei
Mon Sep 24 22:07:28 2012,http://mail-archives.apache.org/mod_mbox/ctakes-commits/201209.mbox/<20120924220607.16DEB2388C65@eris.apache.org>,chenpei
Mon Sep 24 22:07:28 2012,http://mail-archives.apache.org/mod_mbox/ctakes-commits/201209.mbox/<20120924220607.16DEB2388C65@eris.apache.org>,chenpei
Mon Sep 24 22:07:28 2012,http://mail-archives.apache.org/mod_mbox/ctakes-commits/201209.mbox/<20120924220607.16DEB2388C65@eris.apache.org>,chenpei
Mon Sep 24 22:07:28 2012,http://mail-archives.apache.org/mod_mbox/ctakes-commits/201209.mbox/<20120924220607.16DEB2388C65@eris.apache.org>,chenpei
Mon Sep 24 22:07:28 2012,http://mail-archives.apache.org/mod_mbox/ctakes-commits/201209.mbox/<20120924220607.16DEB2388C65@eris.apache.org>,chenpei
Mon Sep 24 22:07:28 2012,http://mail-archives.apache.org/mod_mbox/ctakes-commits/201209.mbox/<20120924220607.16DEB2388C65@eris.apache.org>,chenpei
Mon Sep 24 22:07:28 2012,http://mail-archives.apache.org/mod_mbox/ctakes-commits/201209.mbox/<20120924220607.16DEB2388C65@eris.apache.org>,chenpei
Mon Sep 24 22:07:28 2012,http://mail-archives.apache.org/mod_mbox/ctakes-commits/201209.mbox/<20120924220607.16DEB2388C65@eris.apache.org>,chenpei
Mon Sep 24 22:07:28 2012,http://mail-archives.apache.org/mod_mbox/ctakes-commits/201209.mbox/<20120924220607.16DEB2388C65@eris.apache.org>,chenpei
Mon Sep 24 22:07:28 2012,http://mail-archives.apache.org/mod_mbox/ctakes-commits/201209.mbox/<20120924220607.16DEB2388C65@eris.apache.org>,chenpei
Mon Sep 24 22:07:28 2012,http://mail-archives.apache.org/mod_mbox/ctakes-commits/201209.mbox/<20120924220607.16DEB2388C65@eris.apache.org>,chenpei
Mon Sep 24 22:07:28 2012,http://mail-archives.apache.org/mod_mbox/ctakes-commits/201209.mbox/<20120924220607.16DEB2388C65@eris.apache.org>,chenpei
Mon Sep 24 22:07:28 2012,http://mail-archives.apache.org/mod_mbox/ctakes-commits/201209.mbox/<20120924220607.16DEB2388C65@eris.apache.org>,chenpei
Mon Sep 24 22:07:28 2012,http://mail-archives.apache.org/mod_mbox/ctakes-commits/201209.mbox/<20120924220607.16DEB2388C65@eris.apache.org>,chenpei
Mon Sep 24 22:07:28 2012,http://mail-archives.apache.org/mod_mbox/ctakes-commits/201209.mbox/<20120924220607.16DEB2388C65@eris.apache.org>,chenpei
Mon Sep 24 22:07:28 2012,http://mail-archives.apache.org/mod_mbox/ctakes-commits/201209.mbox/<20120924220607.16DEB2388C65@eris.apache.org>,chenpei
Mon Sep 24 22:07:28 2012,http://mail-archives.apache.org/mod_mbox/ctakes-commits/201209.mbox/<20120924220607.16DEB2388C65@eris.apache.org>,chenpei
Mon Sep 24 22:07:28 2012,http://mail-archives.apache.org/mod_mbox/ctakes-commits/201209.mbox/<20120924220607.16DEB2388C65@eris.apache.org>,chenpei
Mon Sep 24 22:07:28 2012,http://mail-archives.apache.org/mod_mbox/ctakes-commits/201209.mbox/<20120924220607.16DEB2388C65@eris.apache.org>,chenpei
Mon Sep 24 22:07:28 2012,http://mail-archives.apache.org/mod_mbox/ctakes-commits/201209.mbox/<20120924220607.16DEB2388C65@eris.apache.org>,chenpei
Mon Sep 24 22:07:28 2012,http://mail-archives.apache.org/mod_mbox/ctakes-commits/201209.mbox/<20120924220607.16DEB2388C65@eris.apache.org>,chenpei
Mon Sep 24 22:07:28 2012,http://mail-archives.apache.org/mod_mbox/ctakes-commits/201209.mbox/<20120924220607.16DEB2388C65@eris.apache.org>,chenpei
Mon Sep 24 22:07:28 2012,http://mail-archives.apache.org/mod_mbox/ctakes-commits/201209.mbox/<20120924220607.16DEB2388C65@eris.apache.org>,chenpei
Mon Sep 24 22:07:28 2012,http://mail-archives.apache.org/mod_mbox/ctakes-commits/201209.mbox/<20120924220607.16DEB2388C65@eris.apache.org>,chenpei
Mon Sep 24 22:07:28 2012,http://mail-archives.apache.org/mod_mbox/ctakes-commits/201209.mbox/<20120924220607.16DEB2388C65@eris.apache.org>,chenpei
Mon Sep 24 22:07:28 2012,http://mail-archives.apache.org/mod_mbox/ctakes-commits/201209.mbox/<20120924220607.16DEB2388C65@eris.apache.org>,chenpei
Mon Sep 24 22:07:28 2012,http://mail-archives.apache.org/mod_mbox/ctakes-commits/201209.mbox/<20120924220607.16DEB2388C65@eris.apache.org>,chenpei
Mon Sep 24 22:07:28 2012,http://mail-archives.apache.org/mod_mbox/ctakes-commits/201209.mbox/<20120924220607.16DEB2388C65@eris.apache.org>,chenpei
Mon Sep 24 22:07:28 2012,http://mail-archives.apache.org/mod_mbox/ctakes-commits/201209.mbox/<20120924220607.16DEB2388C65@eris.apache.org>,chenpei
Mon Sep 24 22:07:28 2012,http://mail-archives.apache.org/mod_mbox/ctakes-commits/201209.mbox/<20120924220607.16DEB2388C65@eris.apache.org>,chenpei
Mon Sep 24 22:07:28 2012,http://mail-archives.apache.org/mod_mbox/ctakes-commits/201209.mbox/<20120924220607.16DEB2388C65@eris.apache.org>,chenpei
Mon Sep 24 22:07:28 2012,http://mail-archives.apache.org/mod_mbox/ctakes-commits/201209.mbox/<20120924220607.16DEB2388C65@eris.apache.org>,chenpei
Mon Sep 24 22:07:28 2012,http://mail-archives.apache.org/mod_mbox/ctakes-commits/201209.mbox/<20120924220607.16DEB2388C65@eris.apache.org>,chenpei
Mon Sep 24 22:07:28 2012,http://mail-archives.apache.org/mod_mbox/ctakes-commits/201209.mbox/<20120924220607.16DEB2388C65@eris.apache.org>,chenpei
Mon Sep 24 22:07:28 2012,http://mail-archives.apache.org/mod_mbox/ctakes-commits/201209.mbox/<20120924220607.16DEB2388C65@eris.apache.org>,chenpei
Mon Sep 24 22:07:28 2012,http://mail-archives.apache.org/mod_mbox/ctakes-commits/201209.mbox/<20120924220607.16DEB2388C65@eris.apache.org>,chenpei
Mon Sep 24 22:07:28 2012,http://mail-archives.apache.org/mod_mbox/ctakes-commits/201209.mbox/<20120924220607.16DEB2388C65@eris.apache.org>,chenpei
Mon Sep 24 22:07:28 2012,http://mail-archives.apache.org/mod_mbox/ctakes-commits/201209.mbox/<20120924220607.16DEB2388C65@eris.apache.org>,chenpei
Mon Sep 24 22:07:28 2012,http://mail-archives.apache.org/mod_mbox/ctakes-commits/201209.mbox/<20120924220607.16DEB2388C65@eris.apache.org>,chenpei
Mon Sep 24 22:07:28 2012,http://mail-archives.apache.org/mod_mbox/ctakes-commits/201209.mbox/<20120924220607.16DEB2388C65@eris.apache.org>,chenpei
Mon Sep 24 22:07:28 2012,http://mail-archives.apache.org/mod_mbox/ctakes-commits/201209.mbox/<20120924220607.16DEB2388C65@eris.apache.org>,chenpei
Mon Sep 24 22:07:28 2012,http://mail-archives.apache.org/mod_mbox/ctakes-commits/201209.mbox/<20120924220607.16DEB2388C65@eris.apache.org>,chenpei
Mon Sep 24 22:07:28 2012,http://mail-archives.apache.org/mod_mbox/ctakes-commits/201209.mbox/<20120924220607.16DEB2388C65@eris.apache.org>,chenpei
Mon Sep 24 22:07:28 2012,http://mail-archives.apache.org/mod_mbox/ctakes-commits/201209.mbox/<20120924220607.16DEB2388C65@eris.apache.org>,chenpei
Mon Sep 24 22:07:28 2012,http://mail-archives.apache.org/mod_mbox/ctakes-commits/201209.mbox/<20120924220607.16DEB2388C65@eris.apache.org>,chenpei
Mon Sep 24 22:07:28 2012,http://mail-archives.apache.org/mod_mbox/ctakes-commits/201209.mbox/<20120924220607.16DEB2388C65@eris.apache.org>,chenpei
Mon Sep 24 22:07:28 2012,http://mail-archives.apache.org/mod_mbox/ctakes-commits/201209.mbox/<20120924220607.16DEB2388C65@eris.apache.org>,chenpei
Mon Sep 24 22:07:28 2012,http://mail-archives.apache.org/mod_mbox/ctakes-commits/201209.mbox/<20120924220607.16DEB2388C65@eris.apache.org>,chenpei
Mon Sep 24 22:07:28 2012,http://mail-archives.apache.org/mod_mbox/ctakes-commits/201209.mbox/<20120924220607.16DEB2388C65@eris.apache.org>,chenpei
Mon Sep 24 22:07:28 2012,http://mail-archives.apache.org/mod_mbox/ctakes-commits/201209.mbox/<20120924220607.16DEB2388C65@eris.apache.org>,chenpei
Mon Sep 24 22:07:28 2012,http://mail-archives.apache.org/mod_mbox/ctakes-commits/201209.mbox/<20120924220607.16DEB2388C65@eris.apache.org>,chenpei
Mon Sep 24 22:07:28 2012,http://mail-archives.apache.org/mod_mbox/ctakes-commits/201209.mbox/<20120924220607.16DEB2388C65@eris.apache.org>,chenpei
Mon Sep 24 22:07:28 2012,http://mail-archives.apache.org/mod_mbox/ctakes-commits/201209.mbox/<20120924220607.16DEB2388C65@eris.apache.org>,chenpei
Mon Sep 24 22:07:28 2012,http://mail-archives.apache.org/mod_mbox/ctakes-commits/201209.mbox/<20120924220607.16DEB2388C65@eris.apache.org>,chenpei
Mon Sep 24 22:07:28 2012,http://mail-archives.apache.org/mod_mbox/ctakes-commits/201209.mbox/<20120924220607.16DEB2388C65@eris.apache.org>,chenpei
Mon Sep 24 22:07:28 2012,http://mail-archives.apache.org/mod_mbox/ctakes-commits/201209.mbox/<20120924220607.16DEB2388C65@eris.apache.org>,chenpei
Mon Sep 24 22:07:28 2012,http://mail-archives.apache.org/mod_mbox/ctakes-commits/201209.mbox/<20120924220607.16DEB2388C65@eris.apache.org>,chenpei
Mon Sep 24 22:07:28 2012,http://mail-archives.apache.org/mod_mbox/ctakes-commits/201209.mbox/<20120924220607.16DEB2388C65@eris.apache.org>,chenpei
Mon Sep 24 22:07:28 2012,http://mail-archives.apache.org/mod_mbox/ctakes-commits/201209.mbox/<20120924220607.16DEB2388C65@eris.apache.org>,chenpei
Mon Sep 24 22:07:28 2012,http://mail-archives.apache.org/mod_mbox/ctakes-commits/201209.mbox/<20120924220607.16DEB2388C65@eris.apache.org>,chenpei
Mon Sep 24 22:07:28 2012,http://mail-archives.apache.org/mod_mbox/ctakes-commits/201209.mbox/<20120924220607.16DEB2388C65@eris.apache.org>,chenpei
Mon Sep 24 22:07:28 2012,http://mail-archives.apache.org/mod_mbox/ctakes-commits/201209.mbox/<20120924220607.16DEB2388C65@eris.apache.org>,chenpei
Mon Sep 24 22:07:28 2012,http://mail-archives.apache.org/mod_mbox/ctakes-commits/201209.mbox/<20120924220607.16DEB2388C65@eris.apache.org>,chenpei
Mon Sep 24 22:07:28 2012,http://mail-archives.apache.org/mod_mbox/ctakes-commits/201209.mbox/<20120924220607.16DEB2388C65@eris.apache.org>,chenpei
Mon Sep 24 22:07:28 2012,http://mail-archives.apache.org/mod_mbox/ctakes-commits/201209.mbox/<20120924220607.16DEB2388C65@eris.apache.org>,chenpei
Mon Sep 24 22:07:28 2012,http://mail-archives.apache.org/mod_mbox/ctakes-commits/201209.mbox/<20120924220607.16DEB2388C65@eris.apache.org>,chenpei
Mon Sep 24 22:07:28 2012,http://mail-archives.apache.org/mod_mbox/ctakes-commits/201209.mbox/<20120924220607.16DEB2388C65@eris.apache.org>,chenpei
Mon Sep 24 22:07:28 2012,http://mail-archives.apache.org/mod_mbox/ctakes-commits/201209.mbox/<20120924220607.16DEB2388C65@eris.apache.org>,chenpei
Mon Sep 24 22:07:28 2012,http://mail-archives.apache.org/mod_mbox/ctakes-commits/201209.mbox/<20120924220607.16DEB2388C65@eris.apache.org>,chenpei
Mon Sep 24 22:07:28 2012,http://mail-archives.apache.org/mod_mbox/ctakes-commits/201209.mbox/<20120924220607.16DEB2388C65@eris.apache.org>,chenpei
Mon Sep 24 22:07:28 2012,http://mail-archives.apache.org/mod_mbox/ctakes-commits/201209.mbox/<20120924220607.16DEB2388C65@eris.apache.org>,chenpei
Mon Sep 24 22:07:28 2012,http://mail-archives.apache.org/mod_mbox/ctakes-commits/201209.mbox/<20120924220607.16DEB2388C65@eris.apache.org>,chenpei
Mon Sep 24 22:07:28 2012,http://mail-archives.apache.org/mod_mbox/ctakes-commits/201209.mbox/<20120924220607.16DEB2388C65@eris.apache.org>,chenpei
Mon Sep 24 22:07:28 2012,http://mail-archives.apache.org/mod_mbox/ctakes-commits/201209.mbox/<20120924220607.16DEB2388C65@eris.apache.org>,chenpei
Mon Sep 24 22:07:28 2012,http://mail-archives.apache.org/mod_mbox/ctakes-commits/201209.mbox/<20120924220607.16DEB2388C65@eris.apache.org>,chenpei
Mon Sep 24 22:07:28 2012,http://mail-archives.apache.org/mod_mbox/ctakes-commits/201209.mbox/<20120924220607.16DEB2388C65@eris.apache.org>,chenpei
Mon Sep 24 22:07:28 2012,http://mail-archives.apache.org/mod_mbox/ctakes-commits/201209.mbox/<20120924220607.16DEB2388C65@eris.apache.org>,chenpei
Mon Sep 24 22:07:28 2012,http://mail-archives.apache.org/mod_mbox/ctakes-commits/201209.mbox/<20120924220607.16DEB2388C65@eris.apache.org>,chenpei
Mon Sep 24 22:07:28 2012,http://mail-archives.apache.org/mod_mbox/ctakes-commits/201209.mbox/<20120924220607.16DEB2388C65@eris.apache.org>,chenpei
Mon Sep 24 22:07:28 2012,http://mail-archives.apache.org/mod_mbox/ctakes-commits/201209.mbox/<20120924220607.16DEB2388C65@eris.apache.org>,chenpei
Mon Sep 24 22:07:28 2012,http://mail-archives.apache.org/mod_mbox/ctakes-commits/201209.mbox/<20120924220607.16DEB2388C65@eris.apache.org>,chenpei
Mon Sep 24 22:07:28 2012,http://mail-archives.apache.org/mod_mbox/ctakes-commits/201209.mbox/<20120924220607.16DEB2388C65@eris.apache.org>,chenpei
Mon Sep 24 22:07:28 2012,http://mail-archives.apache.org/mod_mbox/ctakes-commits/201209.mbox/<20120924220607.16DEB2388C65@eris.apache.org>,chenpei
Mon Sep 24 22:07:28 2012,http://mail-archives.apache.org/mod_mbox/ctakes-commits/201209.mbox/<20120924220607.16DEB2388C65@eris.apache.org>,chenpei
Mon Sep 24 22:07:28 2012,http://mail-archives.apache.org/mod_mbox/ctakes-commits/201209.mbox/<20120924220607.16DEB2388C65@eris.apache.org>,chenpei
Mon Sep 24 22:07:28 2012,http://mail-archives.apache.org/mod_mbox/ctakes-commits/201209.mbox/<20120924220607.16DEB2388C65@eris.apache.org>,chenpei
Mon Sep 24 22:07:28 2012,http://mail-archives.apache.org/mod_mbox/ctakes-commits/201209.mbox/<20120924220607.16DEB2388C65@eris.apache.org>,chenpei
Mon Sep 24 22:07:28 2012,http://mail-archives.apache.org/mod_mbox/ctakes-commits/201209.mbox/<20120924220607.16DEB2388C65@eris.apache.org>,chenpei
Mon Sep 24 22:07:28 2012,http://mail-archives.apache.org/mod_mbox/ctakes-commits/201209.mbox/<20120924220607.16DEB2388C65@eris.apache.org>,chenpei
Mon Sep 24 22:07:28 2012,http://mail-archives.apache.org/mod_mbox/ctakes-commits/201209.mbox/<20120924220607.16DEB2388C65@eris.apache.org>,chenpei
Mon Sep 24 22:07:28 2012,http://mail-archives.apache.org/mod_mbox/ctakes-commits/201209.mbox/<20120924220607.16DEB2388C65@eris.apache.org>,chenpei
Mon Sep 24 22:07:28 2012,http://mail-archives.apache.org/mod_mbox/ctakes-commits/201209.mbox/<20120924220607.16DEB2388C65@eris.apache.org>,chenpei
Mon Sep 24 22:07:28 2012,http://mail-archives.apache.org/mod_mbox/ctakes-commits/201209.mbox/<20120924220607.16DEB2388C65@eris.apache.org>,chenpei
Mon Sep 24 22:07:28 2012,http://mail-archives.apache.org/mod_mbox/ctakes-commits/201209.mbox/<20120924220607.16DEB2388C65@eris.apache.org>,chenpei
Mon Sep 24 22:07:28 2012,http://mail-archives.apache.org/mod_mbox/ctakes-commits/201209.mbox/<20120924220607.16DEB2388C65@eris.apache.org>,chenpei
Mon Sep 24 22:07:28 2012,http://mail-archives.apache.org/mod_mbox/ctakes-commits/201209.mbox/<20120924220607.16DEB2388C65@eris.apache.org>,chenpei
Mon Sep 24 22:07:28 2012,http://mail-archives.apache.org/mod_mbox/ctakes-commits/201209.mbox/<20120924220607.16DEB2388C65@eris.apache.org>,chenpei
Mon Sep 24 22:07:28 2012,http://mail-archives.apache.org/mod_mbox/ctakes-commits/201209.mbox/<20120924220607.16DEB2388C65@eris.apache.org>,chenpei
Mon Sep 24 22:07:28 2012,http://mail-archives.apache.org/mod_mbox/ctakes-commits/201209.mbox/<20120924220607.16DEB2388C65@eris.apache.org>,chenpei
Mon Sep 24 22:07:28 2012,http://mail-archives.apache.org/mod_mbox/ctakes-commits/201209.mbox/<20120924220607.16DEB2388C65@eris.apache.org>,chenpei
Mon Sep 24 22:07:28 2012,http://mail-archives.apache.org/mod_mbox/ctakes-commits/201209.mbox/<20120924220607.16DEB2388C65@eris.apache.org>,chenpei
Mon Sep 24 22:07:28 2012,http://mail-archives.apache.org/mod_mbox/ctakes-commits/201209.mbox/<20120924220607.16DEB2388C65@eris.apache.org>,chenpei
Mon Sep 24 22:07:28 2012,http://mail-archives.apache.org/mod_mbox/ctakes-commits/201209.mbox/<20120924220607.16DEB2388C65@eris.apache.org>,chenpei
Mon Sep 24 22:07:28 2012,http://mail-archives.apache.org/mod_mbox/ctakes-commits/201209.mbox/<20120924220607.16DEB2388C65@eris.apache.org>,chenpei
Mon Sep 24 22:07:28 2012,http://mail-archives.apache.org/mod_mbox/ctakes-commits/201209.mbox/<20120924220607.16DEB2388C65@eris.apache.org>,chenpei
Mon Sep 24 22:07:28 2012,http://mail-archives.apache.org/mod_mbox/ctakes-commits/201209.mbox/<20120924220607.16DEB2388C65@eris.apache.org>,chenpei
Mon Sep 24 22:07:28 2012,http://mail-archives.apache.org/mod_mbox/ctakes-commits/201209.mbox/<20120924220607.16DEB2388C65@eris.apache.org>,chenpei
Mon Sep 24 22:07:28 2012,http://mail-archives.apache.org/mod_mbox/ctakes-commits/201209.mbox/<20120924220607.16DEB2388C65@eris.apache.org>,chenpei
Mon Sep 24 22:07:28 2012,http://mail-archives.apache.org/mod_mbox/ctakes-commits/201209.mbox/<20120924220607.16DEB2388C65@eris.apache.org>,chenpei
Mon Sep 24 22:07:28 2012,http://mail-archives.apache.org/mod_mbox/ctakes-commits/201209.mbox/<20120924220607.16DEB2388C65@eris.apache.org>,chenpei
Mon Sep 24 22:07:28 2012,http://mail-archives.apache.org/mod_mbox/ctakes-commits/201209.mbox/<20120924220607.16DEB2388C65@eris.apache.org>,chenpei
Mon Sep 24 22:07:28 2012,http://mail-archives.apache.org/mod_mbox/ctakes-commits/201209.mbox/<20120924220607.16DEB2388C65@eris.apache.org>,chenpei
Mon Sep 24 22:07:28 2012,http://mail-archives.apache.org/mod_mbox/ctakes-commits/201209.mbox/<20120924220607.16DEB2388C65@eris.apache.org>,chenpei
Mon Sep 24 22:07:28 2012,http://mail-archives.apache.org/mod_mbox/ctakes-commits/201209.mbox/<20120924220607.16DEB2388C65@eris.apache.org>,chenpei
Mon Sep 24 22:07:28 2012,http://mail-archives.apache.org/mod_mbox/ctakes-commits/201209.mbox/<20120924220607.16DEB2388C65@eris.apache.org>,chenpei
Mon Sep 24 22:07:28 2012,http://mail-archives.apache.org/mod_mbox/ctakes-commits/201209.mbox/<20120924220607.16DEB2388C65@eris.apache.org>,chenpei
Mon Sep 24 22:07:28 2012,http://mail-archives.apache.org/mod_mbox/ctakes-commits/201209.mbox/<20120924220607.16DEB2388C65@eris.apache.org>,chenpei
Mon Sep 24 22:07:28 2012,http://mail-archives.apache.org/mod_mbox/ctakes-commits/201209.mbox/<20120924220607.16DEB2388C65@eris.apache.org>,chenpei
Mon Sep 24 22:07:28 2012,http://mail-archives.apache.org/mod_mbox/ctakes-commits/201209.mbox/<20120924220607.16DEB2388C65@eris.apache.org>,chenpei
Mon Sep 24 22:07:28 2012,http://mail-archives.apache.org/mod_mbox/ctakes-commits/201209.mbox/<20120924220607.16DEB2388C65@eris.apache.org>,chenpei
Mon Sep 24 22:07:28 2012,http://mail-archives.apache.org/mod_mbox/ctakes-commits/201209.mbox/<20120924220607.16DEB2388C65@eris.apache.org>,chenpei
Mon Sep 24 22:07:28 2012,http://mail-archives.apache.org/mod_mbox/ctakes-commits/201209.mbox/<20120924220607.16DEB2388C65@eris.apache.org>,chenpei
Mon Sep 24 22:07:28 2012,http://mail-archives.apache.org/mod_mbox/ctakes-commits/201209.mbox/<20120924220607.16DEB2388C65@eris.apache.org>,chenpei
Mon Sep 24 22:07:28 2012,http://mail-archives.apache.org/mod_mbox/ctakes-commits/201209.mbox/<20120924220607.16DEB2388C65@eris.apache.org>,chenpei
Mon Sep 24 22:07:28 2012,http://mail-archives.apache.org/mod_mbox/ctakes-commits/201209.mbox/<20120924220607.16DEB2388C65@eris.apache.org>,chenpei
Mon Sep 24 22:07:28 2012,http://mail-archives.apache.org/mod_mbox/ctakes-commits/201209.mbox/<20120924220607.16DEB2388C65@eris.apache.org>,chenpei
Mon Sep 24 22:07:28 2012,http://mail-archives.apache.org/mod_mbox/ctakes-commits/201209.mbox/<20120924220607.16DEB2388C65@eris.apache.org>,chenpei
Mon Sep 24 22:07:28 2012,http://mail-archives.apache.org/mod_mbox/ctakes-commits/201209.mbox/<20120924220607.16DEB2388C65@eris.apache.org>,chenpei
Mon Sep 24 22:07:28 2012,http://mail-archives.apache.org/mod_mbox/ctakes-commits/201209.mbox/<20120924220607.16DEB2388C65@eris.apache.org>,chenpei
Mon Sep 24 22:07:28 2012,http://mail-archives.apache.org/mod_mbox/ctakes-commits/201209.mbox/<20120924220607.16DEB2388C65@eris.apache.org>,chenpei
Mon Sep 24 22:07:28 2012,http://mail-archives.apache.org/mod_mbox/ctakes-commits/201209.mbox/<20120924220607.16DEB2388C65@eris.apache.org>,chenpei
Mon Sep 24 22:07:28 2012,http://mail-archives.apache.org/mod_mbox/ctakes-commits/201209.mbox/<20120924220607.16DEB2388C65@eris.apache.org>,chenpei
Mon Sep 24 22:07:28 2012,http://mail-archives.apache.org/mod_mbox/ctakes-commits/201209.mbox/<20120924220607.16DEB2388C65@eris.apache.org>,chenpei
Mon Sep 24 22:07:28 2012,http://mail-archives.apache.org/mod_mbox/ctakes-commits/201209.mbox/<20120924220607.16DEB2388C65@eris.apache.org>,chenpei
Mon Sep 24 22:07:28 2012,http://mail-archives.apache.org/mod_mbox/ctakes-commits/201209.mbox/<20120924220607.16DEB2388C65@eris.apache.org>,chenpei
Mon Sep 24 22:07:28 2012,http://mail-archives.apache.org/mod_mbox/ctakes-commits/201209.mbox/<20120924220607.16DEB2388C65@eris.apache.org>,chenpei
Mon Sep 24 22:07:28 2012,http://mail-archives.apache.org/mod_mbox/ctakes-commits/201209.mbox/<20120924220607.16DEB2388C65@eris.apache.org>,chenpei
Mon Sep 24 22:07:28 2012,http://mail-archives.apache.org/mod_mbox/ctakes-commits/201209.mbox/<20120924220607.16DEB2388C65@eris.apache.org>,chenpei
Mon Sep 24 22:07:28 2012,http://mail-archives.apache.org/mod_mbox/ctakes-commits/201209.mbox/<20120924220607.16DEB2388C65@eris.apache.org>,chenpei
Mon Sep 24 22:07:28 2012,http://mail-archives.apache.org/mod_mbox/ctakes-commits/201209.mbox/<20120924220607.16DEB2388C65@eris.apache.org>,chenpei
Mon Sep 24 22:07:28 2012,http://mail-archives.apache.org/mod_mbox/ctakes-commits/201209.mbox/<20120924220607.16DEB2388C65@eris.apache.org>,chenpei
Mon Sep 24 22:07:28 2012,http://mail-archives.apache.org/mod_mbox/ctakes-commits/201209.mbox/<20120924220607.16DEB2388C65@eris.apache.org>,chenpei
Mon Sep 24 22:07:28 2012,http://mail-archives.apache.org/mod_mbox/ctakes-commits/201209.mbox/<20120924220607.16DEB2388C65@eris.apache.org>,chenpei
Mon Sep 24 22:07:28 2012,http://mail-archives.apache.org/mod_mbox/ctakes-commits/201209.mbox/<20120924220607.16DEB2388C65@eris.apache.org>,chenpei
Mon Sep 24 22:07:28 2012,http://mail-archives.apache.org/mod_mbox/ctakes-commits/201209.mbox/<20120924220607.16DEB2388C65@eris.apache.org>,chenpei
Mon Sep 24 22:07:28 2012,http://mail-archives.apache.org/mod_mbox/ctakes-commits/201209.mbox/<20120924220607.16DEB2388C65@eris.apache.org>,chenpei
Mon Sep 24 22:07:28 2012,http://mail-archives.apache.org/mod_mbox/ctakes-commits/201209.mbox/<20120924220607.16DEB2388C65@eris.apache.org>,chenpei
Mon Sep 24 22:07:28 2012,http://mail-archives.apache.org/mod_mbox/ctakes-commits/201209.mbox/<20120924220607.16DEB2388C65@eris.apache.org>,chenpei
Mon Sep 24 22:07:28 2012,http://mail-archives.apache.org/mod_mbox/ctakes-commits/201209.mbox/<20120924220607.16DEB2388C65@eris.apache.org>,chenpei
Mon Sep 24 22:07:28 2012,http://mail-archives.apache.org/mod_mbox/ctakes-commits/201209.mbox/<20120924220607.16DEB2388C65@eris.apache.org>,chenpei
Mon Sep 24 22:07:28 2012,http://mail-archives.apache.org/mod_mbox/ctakes-commits/201209.mbox/<20120924220607.16DEB2388C65@eris.apache.org>,chenpei
Mon Sep 24 22:07:28 2012,http://mail-archives.apache.org/mod_mbox/ctakes-commits/201209.mbox/<20120924220607.16DEB2388C65@eris.apache.org>,chenpei
Mon Sep 24 22:07:28 2012,http://mail-archives.apache.org/mod_mbox/ctakes-commits/201209.mbox/<20120924220607.16DEB2388C65@eris.apache.org>,chenpei
Mon Sep 24 22:07:28 2012,http://mail-archives.apache.org/mod_mbox/ctakes-commits/201209.mbox/<20120924220607.16DEB2388C65@eris.apache.org>,chenpei
Mon Sep 24 22:07:28 2012,http://mail-archives.apache.org/mod_mbox/ctakes-commits/201209.mbox/<20120924220607.16DEB2388C65@eris.apache.org>,chenpei
Mon Sep 24 22:07:28 2012,http://mail-archives.apache.org/mod_mbox/ctakes-commits/201209.mbox/<20120924220607.16DEB2388C65@eris.apache.org>,chenpei
Mon Sep 24 22:07:28 2012,http://mail-archives.apache.org/mod_mbox/ctakes-commits/201209.mbox/<20120924220607.16DEB2388C65@eris.apache.org>,chenpei
Mon Sep 24 22:07:28 2012,http://mail-archives.apache.org/mod_mbox/ctakes-commits/201209.mbox/<20120924220607.16DEB2388C65@eris.apache.org>,chenpei
Mon Sep 24 22:07:28 2012,http://mail-archives.apache.org/mod_mbox/ctakes-commits/201209.mbox/<20120924220607.16DEB2388C65@eris.apache.org>,chenpei
Mon Sep 24 22:07:28 2012,http://mail-archives.apache.org/mod_mbox/ctakes-commits/201209.mbox/<20120924220607.16DEB2388C65@eris.apache.org>,chenpei
Mon Sep 24 22:07:28 2012,http://mail-archives.apache.org/mod_mbox/ctakes-commits/201209.mbox/<20120924220607.16DEB2388C65@eris.apache.org>,chenpei
Mon Sep 24 22:07:28 2012,http://mail-archives.apache.org/mod_mbox/ctakes-commits/201209.mbox/<20120924220607.16DEB2388C65@eris.apache.org>,chenpei
Mon Sep 24 22:07:28 2012,http://mail-archives.apache.org/mod_mbox/ctakes-commits/201209.mbox/<20120924220607.16DEB2388C65@eris.apache.org>,chenpei
Mon Sep 24 22:07:28 2012,http://mail-archives.apache.org/mod_mbox/ctakes-commits/201209.mbox/<20120924220607.16DEB2388C65@eris.apache.org>,chenpei
Mon Sep 24 22:07:28 2012,http://mail-archives.apache.org/mod_mbox/ctakes-commits/201209.mbox/<20120924220607.16DEB2388C65@eris.apache.org>,chenpei
Mon Sep 24 22:07:28 2012,http://mail-archives.apache.org/mod_mbox/ctakes-commits/201209.mbox/<20120924220607.16DEB2388C65@eris.apache.org>,chenpei
Mon Sep 24 22:07:28 2012,http://mail-archives.apache.org/mod_mbox/ctakes-commits/201209.mbox/<20120924220607.16DEB2388C65@eris.apache.org>,chenpei
Mon Sep 24 22:07:28 2012,http://mail-archives.apache.org/mod_mbox/ctakes-commits/201209.mbox/<20120924220607.16DEB2388C65@eris.apache.org>,chenpei
Mon Sep 24 22:07:28 2012,http://mail-archives.apache.org/mod_mbox/ctakes-commits/201209.mbox/<20120924220607.16DEB2388C65@eris.apache.org>,chenpei
Mon Sep 24 22:07:28 2012,http://mail-archives.apache.org/mod_mbox/ctakes-commits/201209.mbox/<20120924220607.16DEB2388C65@eris.apache.org>,chenpei
Mon Sep 24 22:07:28 2012,http://mail-archives.apache.org/mod_mbox/ctakes-commits/201209.mbox/<20120924220607.16DEB2388C65@eris.apache.org>,chenpei
Mon Sep 24 22:07:28 2012,http://mail-archives.apache.org/mod_mbox/ctakes-commits/201209.mbox/<20120924220607.16DEB2388C65@eris.apache.org>,chenpei
Mon Sep 24 22:07:28 2012,http://mail-archives.apache.org/mod_mbox/ctakes-commits/201209.mbox/<20120924220607.16DEB2388C65@eris.apache.org>,chenpei
Mon Sep 24 22:07:28 2012,http://mail-archives.apache.org/mod_mbox/ctakes-commits/201209.mbox/<20120924220607.16DEB2388C65@eris.apache.org>,chenpei
Mon Sep 24 22:07:28 2012,http://mail-archives.apache.org/mod_mbox/ctakes-commits/201209.mbox/<20120924220607.16DEB2388C65@eris.apache.org>,chenpei
Mon Sep 24 22:07:28 2012,http://mail-archives.apache.org/mod_mbox/ctakes-commits/201209.mbox/<20120924220607.16DEB2388C65@eris.apache.org>,chenpei
Mon Sep 24 22:07:28 2012,http://mail-archives.apache.org/mod_mbox/ctakes-commits/201209.mbox/<20120924220607.16DEB2388C65@eris.apache.org>,chenpei
Mon Sep 24 22:07:28 2012,http://mail-archives.apache.org/mod_mbox/ctakes-commits/201209.mbox/<20120924220607.16DEB2388C65@eris.apache.org>,chenpei
Mon Sep 24 22:07:28 2012,http://mail-archives.apache.org/mod_mbox/ctakes-commits/201209.mbox/<20120924220607.16DEB2388C65@eris.apache.org>,chenpei
Mon Sep 24 22:07:28 2012,http://mail-archives.apache.org/mod_mbox/ctakes-commits/201209.mbox/<20120924220607.16DEB2388C65@eris.apache.org>,chenpei
Mon Sep 24 22:07:28 2012,http://mail-archives.apache.org/mod_mbox/ctakes-commits/201209.mbox/<20120924220607.16DEB2388C65@eris.apache.org>,chenpei
Mon Sep 24 22:07:28 2012,http://mail-archives.apache.org/mod_mbox/ctakes-commits/201209.mbox/<20120924220607.16DEB2388C65@eris.apache.org>,chenpei
Mon Sep 24 22:07:28 2012,http://mail-archives.apache.org/mod_mbox/ctakes-commits/201209.mbox/<20120924220607.16DEB2388C65@eris.apache.org>,chenpei
Mon Sep 24 22:07:28 2012,http://mail-archives.apache.org/mod_mbox/ctakes-commits/201209.mbox/<20120924220607.16DEB2388C65@eris.apache.org>,chenpei
Mon Sep 24 22:07:28 2012,http://mail-archives.apache.org/mod_mbox/ctakes-commits/201209.mbox/<20120924220607.16DEB2388C65@eris.apache.org>,chenpei
Mon Sep 24 22:07:28 2012,http://mail-archives.apache.org/mod_mbox/ctakes-commits/201209.mbox/<20120924220607.16DEB2388C65@eris.apache.org>,chenpei
Mon Sep 24 22:07:28 2012,http://mail-archives.apache.org/mod_mbox/ctakes-commits/201209.mbox/<20120924220607.16DEB2388C65@eris.apache.org>,chenpei
Mon Sep 24 22:07:28 2012,http://mail-archives.apache.org/mod_mbox/ctakes-commits/201209.mbox/<20120924220607.16DEB2388C65@eris.apache.org>,chenpei
Mon Sep 24 22:07:28 2012,http://mail-archives.apache.org/mod_mbox/ctakes-commits/201209.mbox/<20120924220607.16DEB2388C65@eris.apache.org>,chenpei
Mon Sep 24 22:07:28 2012,http://mail-archives.apache.org/mod_mbox/ctakes-commits/201209.mbox/<20120924220607.16DEB2388C65@eris.apache.org>,chenpei
Mon Sep 24 22:07:28 2012,http://mail-archives.apache.org/mod_mbox/ctakes-commits/201209.mbox/<20120924220607.16DEB2388C65@eris.apache.org>,chenpei
Mon Sep 24 22:07:28 2012,http://mail-archives.apache.org/mod_mbox/ctakes-commits/201209.mbox/<20120924220607.16DEB2388C65@eris.apache.org>,chenpei
Mon Sep 24 22:07:28 2012,http://mail-archives.apache.org/mod_mbox/ctakes-commits/201209.mbox/<20120924220607.16DEB2388C65@eris.apache.org>,chenpei
Mon Sep 24 22:07:28 2012,http://mail-archives.apache.org/mod_mbox/ctakes-commits/201209.mbox/<20120924220607.16DEB2388C65@eris.apache.org>,chenpei
Mon Sep 24 22:07:28 2012,http://mail-archives.apache.org/mod_mbox/ctakes-commits/201209.mbox/<20120924220607.16DEB2388C65@eris.apache.org>,chenpei
Mon Sep 24 22:07:28 2012,http://mail-archives.apache.org/mod_mbox/ctakes-commits/201209.mbox/<20120924220607.16DEB2388C65@eris.apache.org>,chenpei
Mon Sep 24 22:07:28 2012,http://mail-archives.apache.org/mod_mbox/ctakes-commits/201209.mbox/<20120924220607.0C6BD2388C5D@eris.apache.org>,chenpei
Mon Sep 24 22:07:28 2012,http://mail-archives.apache.org/mod_mbox/ctakes-commits/201209.mbox/<20120924220607.16DEB2388C65@eris.apache.org>,chenpei
Mon Sep 24 22:07:28 2012,http://mail-archives.apache.org/mod_mbox/ctakes-commits/201209.mbox/<20120924220607.0C6BD2388C5D@eris.apache.org>,chenpei
Mon Sep 24 22:07:28 2012,http://mail-archives.apache.org/mod_mbox/ctakes-commits/201209.mbox/<20120924220607.0735E2388C56@eris.apache.org>,chenpei
Mon Sep 24 22:07:28 2012,http://mail-archives.apache.org/mod_mbox/ctakes-commits/201209.mbox/<20120924220607.0735E2388C56@eris.apache.org>,chenpei
Mon Sep 24 22:07:28 2012,http://mail-archives.apache.org/mod_mbox/ctakes-commits/201209.mbox/<20120924220607.0735E2388C56@eris.apache.org>,chenpei
Mon Sep 24 22:07:28 2012,http://mail-archives.apache.org/mod_mbox/ctakes-commits/201209.mbox/<20120924220607.0735E2388C56@eris.apache.org>,chenpei
Mon Sep 24 22:07:28 2012,http://mail-archives.apache.org/mod_mbox/ctakes-commits/201209.mbox/<20120924220607.0735E2388C56@eris.apache.org>,chenpei
Mon Sep 24 22:07:28 2012,http://mail-archives.apache.org/mod_mbox/ctakes-commits/201209.mbox/<20120924220607.0735E2388C56@eris.apache.org>,chenpei
Mon Sep 24 22:07:28 2012,http://mail-archives.apache.org/mod_mbox/ctakes-commits/201209.mbox/<20120924220607.0735E2388C56@eris.apache.org>,chenpei
Mon Sep 24 22:07:28 2012,http://mail-archives.apache.org/mod_mbox/ctakes-commits/201209.mbox/<20120924220607.0735E2388C56@eris.apache.org>,chenpei
Mon Sep 24 22:07:28 2012,http://mail-archives.apache.org/mod_mbox/ctakes-commits/201209.mbox/<20120924220607.0735E2388C56@eris.apache.org>,chenpei
Mon Sep 24 22:07:28 2012,http://mail-archives.apache.org/mod_mbox/ctakes-commits/201209.mbox/<20120924220607.0735E2388C56@eris.apache.org>,chenpei
Mon Sep 24 22:07:28 2012,http://mail-archives.apache.org/mod_mbox/ctakes-commits/201209.mbox/<20120924220607.0735E2388C56@eris.apache.org>,chenpei
Mon Sep 24 22:07:28 2012,http://mail-archives.apache.org/mod_mbox/ctakes-commits/201209.mbox/<20120924220607.0735E2388C56@eris.apache.org>,chenpei
Mon Sep 24 22:07:28 2012,http://mail-archives.apache.org/mod_mbox/ctakes-commits/201209.mbox/<20120924220607.0735E2388C56@eris.apache.org>,chenpei
Mon Sep 24 22:07:28 2012,http://mail-archives.apache.org/mod_mbox/ctakes-commits/201209.mbox/<20120924220607.0735E2388C56@eris.apache.org>,chenpei
Mon Sep 24 22:07:28 2012,http://mail-archives.apache.org/mod_mbox/ctakes-commits/201209.mbox/<20120924220607.0735E2388C56@eris.apache.org>,chenpei
Mon Sep 24 22:07:28 2012,http://mail-archives.apache.org/mod_mbox/ctakes-commits/201209.mbox/<20120924220607.0735E2388C56@eris.apache.org>,chenpei
Mon Sep 24 22:07:28 2012,http://mail-archives.apache.org/mod_mbox/ctakes-commits/201209.mbox/<20120924220607.0735E2388C56@eris.apache.org>,chenpei
Mon Sep 24 22:07:28 2012,http://mail-archives.apache.org/mod_mbox/ctakes-commits/201209.mbox/<20120924220607.0735E2388C56@eris.apache.org>,chenpei
Mon Sep 24 22:07:28 2012,http://mail-archives.apache.org/mod_mbox/ctakes-commits/201209.mbox/<20120924220607.0735E2388C56@eris.apache.org>,chenpei
Mon Sep 24 22:07:28 2012,http://mail-archives.apache.org/mod_mbox/ctakes-commits/201209.mbox/<20120924220607.0735E2388C56@eris.apache.org>,chenpei
Mon Sep 24 22:07:28 2012,http://mail-archives.apache.org/mod_mbox/ctakes-commits/201209.mbox/<20120924220607.0735E2388C56@eris.apache.org>,chenpei
Mon Sep 24 22:07:28 2012,http://mail-archives.apache.org/mod_mbox/ctakes-commits/201209.mbox/<20120924220607.0735E2388C56@eris.apache.org>,chenpei
Mon Sep 24 22:07:28 2012,http://mail-archives.apache.org/mod_mbox/ctakes-commits/201209.mbox/<20120924220607.0735E2388C56@eris.apache.org>,chenpei
Mon Sep 24 22:07:28 2012,http://mail-archives.apache.org/mod_mbox/ctakes-commits/201209.mbox/<20120924220607.0735E2388C56@eris.apache.org>,chenpei
Mon Sep 24 22:07:28 2012,http://mail-archives.apache.org/mod_mbox/ctakes-commits/201209.mbox/<20120924220607.0735E2388C56@eris.apache.org>,chenpei
Mon Sep 24 22:07:28 2012,http://mail-archives.apache.org/mod_mbox/ctakes-commits/201209.mbox/<20120924220607.0735E2388C56@eris.apache.org>,chenpei
Mon Sep 24 22:07:28 2012,http://mail-archives.apache.org/mod_mbox/ctakes-commits/201209.mbox/<20120924220607.0735E2388C56@eris.apache.org>,chenpei
Mon Sep 24 22:07:28 2012,http://mail-archives.apache.org/mod_mbox/ctakes-commits/201209.mbox/<20120924220607.0735E2388C56@eris.apache.org>,chenpei
Mon Sep 24 22:07:28 2012,http://mail-archives.apache.org/mod_mbox/ctakes-commits/201209.mbox/<20120924220607.0735E2388C56@eris.apache.org>,chenpei
Mon Sep 24 22:07:28 2012,http://mail-archives.apache.org/mod_mbox/ctakes-commits/201209.mbox/<20120924220607.0735E2388C56@eris.apache.org>,chenpei
Mon Sep 24 22:07:28 2012,http://mail-archives.apache.org/mod_mbox/ctakes-commits/201209.mbox/<20120924220607.0735E2388C56@eris.apache.org>,chenpei
Mon Sep 24 22:07:28 2012,http://mail-archives.apache.org/mod_mbox/ctakes-commits/201209.mbox/<20120924220607.0735E2388C56@eris.apache.org>,chenpei
Mon Sep 24 22:07:28 2012,http://mail-archives.apache.org/mod_mbox/ctakes-commits/201209.mbox/<20120924220607.0735E2388C56@eris.apache.org>,chenpei
Mon Sep 24 22:07:28 2012,http://mail-archives.apache.org/mod_mbox/ctakes-commits/201209.mbox/<20120924220607.0735E2388C56@eris.apache.org>,chenpei
Mon Sep 24 22:07:28 2012,http://mail-archives.apache.org/mod_mbox/ctakes-commits/201209.mbox/<20120924220607.0735E2388C56@eris.apache.org>,chenpei
Mon Sep 24 22:07:28 2012,http://mail-archives.apache.org/mod_mbox/ctakes-commits/201209.mbox/<20120924220607.0735E2388C56@eris.apache.org>,chenpei
Mon Sep 24 22:07:28 2012,http://mail-archives.apache.org/mod_mbox/ctakes-commits/201209.mbox/<20120924220607.0735E2388C56@eris.apache.org>,chenpei
Mon Sep 24 22:07:28 2012,http://mail-archives.apache.org/mod_mbox/ctakes-commits/201209.mbox/<20120924220607.0735E2388C56@eris.apache.org>,chenpei
Mon Sep 24 22:07:28 2012,http://mail-archives.apache.org/mod_mbox/ctakes-commits/201209.mbox/<20120924220607.0735E2388C56@eris.apache.org>,chenpei
Mon Sep 24 22:07:28 2012,http://mail-archives.apache.org/mod_mbox/ctakes-commits/201209.mbox/<20120924220607.0735E2388C56@eris.apache.org>,chenpei
Mon Sep 24 22:07:28 2012,http://mail-archives.apache.org/mod_mbox/ctakes-commits/201209.mbox/<20120924220607.0735E2388C56@eris.apache.org>,chenpei
Mon Sep 24 22:07:28 2012,http://mail-archives.apache.org/mod_mbox/ctakes-commits/201209.mbox/<20120924220607.0735E2388C56@eris.apache.org>,chenpei
Mon Sep 24 22:07:28 2012,http://mail-archives.apache.org/mod_mbox/ctakes-commits/201209.mbox/<20120924220607.0735E2388C56@eris.apache.org>,chenpei
Mon Sep 24 22:07:28 2012,http://mail-archives.apache.org/mod_mbox/ctakes-commits/201209.mbox/<20120924220607.0735E2388C56@eris.apache.org>,chenpei
Mon Sep 24 22:07:28 2012,http://mail-archives.apache.org/mod_mbox/ctakes-commits/201209.mbox/<20120924220607.0735E2388C56@eris.apache.org>,chenpei
Mon Sep 24 22:07:28 2012,http://mail-archives.apache.org/mod_mbox/ctakes-commits/201209.mbox/<20120924220607.0735E2388C56@eris.apache.org>,chenpei
Mon Sep 24 22:07:28 2012,http://mail-archives.apache.org/mod_mbox/ctakes-commits/201209.mbox/<20120924220607.0735E2388C56@eris.apache.org>,chenpei
Mon Sep 24 22:07:28 2012,http://mail-archives.apache.org/mod_mbox/ctakes-commits/201209.mbox/<20120924220607.0735E2388C56@eris.apache.org>,chenpei
Mon Sep 24 22:07:28 2012,http://mail-archives.apache.org/mod_mbox/ctakes-commits/201209.mbox/<20120924220607.0735E2388C56@eris.apache.org>,chenpei
Mon Sep 24 22:07:28 2012,http://mail-archives.apache.org/mod_mbox/ctakes-commits/201209.mbox/<20120924220607.0735E2388C56@eris.apache.org>,chenpei
Mon Sep 24 22:07:28 2012,http://mail-archives.apache.org/mod_mbox/ctakes-commits/201209.mbox/<20120924220607.0735E2388C56@eris.apache.org>,chenpei
Mon Sep 24 22:07:28 2012,http://mail-archives.apache.org/mod_mbox/ctakes-commits/201209.mbox/<20120924220607.0735E2388C56@eris.apache.org>,chenpei
Mon Sep 24 22:07:28 2012,http://mail-archives.apache.org/mod_mbox/ctakes-commits/201209.mbox/<20120924220607.0735E2388C56@eris.apache.org>,chenpei
Mon Sep 24 22:07:28 2012,http://mail-archives.apache.org/mod_mbox/ctakes-commits/201209.mbox/<20120924220607.0735E2388C56@eris.apache.org>,chenpei
Mon Sep 24 22:07:28 2012,http://mail-archives.apache.org/mod_mbox/ctakes-commits/201209.mbox/<20120924220607.0735E2388C56@eris.apache.org>,chenpei
Mon Sep 24 22:07:28 2012,http://mail-archives.apache.org/mod_mbox/ctakes-commits/201209.mbox/<20120924220607.0735E2388C56@eris.apache.org>,chenpei
Mon Sep 24 22:07:28 2012,http://mail-archives.apache.org/mod_mbox/ctakes-commits/201209.mbox/<20120924220607.0735E2388C56@eris.apache.org>,chenpei
Mon Sep 24 22:07:28 2012,http://mail-archives.apache.org/mod_mbox/ctakes-commits/201209.mbox/<20120924220607.0735E2388C56@eris.apache.org>,chenpei
Mon Sep 24 22:07:28 2012,http://mail-archives.apache.org/mod_mbox/ctakes-commits/201209.mbox/<20120924220607.0735E2388C56@eris.apache.org>,chenpei
Mon Sep 24 22:07:28 2012,http://mail-archives.apache.org/mod_mbox/ctakes-commits/201209.mbox/<20120924220607.0735E2388C56@eris.apache.org>,chenpei
Mon Sep 24 22:07:28 2012,http://mail-archives.apache.org/mod_mbox/ctakes-commits/201209.mbox/<20120924220607.0735E2388C56@eris.apache.org>,chenpei
Mon Sep 24 22:07:28 2012,http://mail-archives.apache.org/mod_mbox/ctakes-commits/201209.mbox/<20120924220607.0735E2388C56@eris.apache.org>,chenpei
Mon Sep 24 22:07:28 2012,http://mail-archives.apache.org/mod_mbox/ctakes-commits/201209.mbox/<20120924220607.0735E2388C56@eris.apache.org>,chenpei
Mon Sep 24 22:07:28 2012,http://mail-archives.apache.org/mod_mbox/ctakes-commits/201209.mbox/<20120924220607.0735E2388C56@eris.apache.org>,chenpei
Mon Sep 24 22:07:28 2012,http://mail-archives.apache.org/mod_mbox/ctakes-commits/201209.mbox/<20120924220607.0735E2388C56@eris.apache.org>,chenpei
Mon Sep 24 22:07:28 2012,http://mail-archives.apache.org/mod_mbox/ctakes-commits/201209.mbox/<20120924220607.0735E2388C56@eris.apache.org>,chenpei
Mon Sep 24 22:07:28 2012,http://mail-archives.apache.org/mod_mbox/ctakes-commits/201209.mbox/<20120924220607.0735E2388C56@eris.apache.org>,chenpei
Mon Sep 24 22:07:28 2012,http://mail-archives.apache.org/mod_mbox/ctakes-commits/201209.mbox/<20120924220607.0735E2388C56@eris.apache.org>,chenpei
Mon Sep 24 22:07:28 2012,http://mail-archives.apache.org/mod_mbox/ctakes-commits/201209.mbox/<20120924220607.0735E2388C56@eris.apache.org>,chenpei
Mon Sep 24 22:07:28 2012,http://mail-archives.apache.org/mod_mbox/ctakes-commits/201209.mbox/<20120924220607.0735E2388C56@eris.apache.org>,chenpei
Mon Sep 24 22:07:28 2012,http://mail-archives.apache.org/mod_mbox/ctakes-commits/201209.mbox/<20120924220607.0735E2388C56@eris.apache.org>,chenpei
Mon Sep 24 22:07:28 2012,http://mail-archives.apache.org/mod_mbox/ctakes-commits/201209.mbox/<20120924220607.0735E2388C56@eris.apache.org>,chenpei
Mon Sep 24 22:07:28 2012,http://mail-archives.apache.org/mod_mbox/ctakes-commits/201209.mbox/<20120924220607.0735E2388C56@eris.apache.org>,chenpei
Mon Sep 24 22:07:28 2012,http://mail-archives.apache.org/mod_mbox/ctakes-commits/201209.mbox/<20120924220607.0735E2388C56@eris.apache.org>,chenpei
Mon Sep 24 22:07:28 2012,http://mail-archives.apache.org/mod_mbox/ctakes-commits/201209.mbox/<20120924220607.0735E2388C56@eris.apache.org>,chenpei
Mon Sep 24 22:07:28 2012,http://mail-archives.apache.org/mod_mbox/ctakes-commits/201209.mbox/<20120924220607.0735E2388C56@eris.apache.org>,chenpei
Mon Sep 24 22:07:28 2012,http://mail-archives.apache.org/mod_mbox/ctakes-commits/201209.mbox/<20120924220607.0735E2388C56@eris.apache.org>,chenpei
Mon Sep 24 22:07:28 2012,http://mail-archives.apache.org/mod_mbox/ctakes-commits/201209.mbox/<20120924220607.0735E2388C56@eris.apache.org>,chenpei
Mon Sep 24 22:07:28 2012,http://mail-archives.apache.org/mod_mbox/ctakes-commits/201209.mbox/<20120924220607.0735E2388C56@eris.apache.org>,chenpei
Mon Sep 24 22:07:28 2012,http://mail-archives.apache.org/mod_mbox/ctakes-commits/201209.mbox/<20120924220607.0735E2388C56@eris.apache.org>,chenpei
Mon Sep 24 22:07:28 2012,http://mail-archives.apache.org/mod_mbox/ctakes-commits/201209.mbox/<20120924220607.0735E2388C56@eris.apache.org>,chenpei
Mon Sep 24 22:07:28 2012,http://mail-archives.apache.org/mod_mbox/ctakes-commits/201209.mbox/<20120924220607.0735E2388C56@eris.apache.org>,chenpei
Mon Sep 24 22:07:28 2012,http://mail-archives.apache.org/mod_mbox/ctakes-commits/201209.mbox/<20120924220607.0735E2388C56@eris.apache.org>,chenpei
Mon Sep 24 22:07:28 2012,http://mail-archives.apache.org/mod_mbox/ctakes-commits/201209.mbox/<20120924220607.0735E2388C56@eris.apache.org>,chenpei
Mon Sep 24 22:07:28 2012,http://mail-archives.apache.org/mod_mbox/ctakes-commits/201209.mbox/<20120924220607.0735E2388C56@eris.apache.org>,chenpei
Mon Sep 24 22:07:28 2012,http://mail-archives.apache.org/mod_mbox/ctakes-commits/201209.mbox/<20120924220607.0735E2388C56@eris.apache.org>,chenpei
Mon Sep 24 22:07:28 2012,http://mail-archives.apache.org/mod_mbox/ctakes-commits/201209.mbox/<20120924220607.0735E2388C56@eris.apache.org>,chenpei
Mon Sep 24 22:07:28 2012,http://mail-archives.apache.org/mod_mbox/ctakes-commits/201209.mbox/<20120924220607.0735E2388C56@eris.apache.org>,chenpei
Mon Sep 24 22:07:28 2012,http://mail-archives.apache.org/mod_mbox/ctakes-commits/201209.mbox/<20120924220607.0735E2388C56@eris.apache.org>,chenpei
Mon Sep 24 22:07:28 2012,http://mail-archives.apache.org/mod_mbox/ctakes-commits/201209.mbox/<20120924220607.0C6BD2388C5D@eris.apache.org>,chenpei
Mon Sep 24 22:07:28 2012,http://mail-archives.apache.org/mod_mbox/ctakes-commits/201209.mbox/<20120924220607.0C6BD2388C5D@eris.apache.org>,chenpei
Mon Sep 24 22:07:28 2012,http://mail-archives.apache.org/mod_mbox/ctakes-commits/201209.mbox/<20120924220607.0C6BD2388C5D@eris.apache.org>,chenpei
Mon Sep 24 22:07:28 2012,http://mail-archives.apache.org/mod_mbox/ctakes-commits/201209.mbox/<20120924220607.0C6BD2388C5D@eris.apache.org>,chenpei
Mon Sep 24 22:07:28 2012,http://mail-archives.apache.org/mod_mbox/ctakes-commits/201209.mbox/<20120924220607.0C6BD2388C5D@eris.apache.org>,chenpei
Mon Sep 24 22:07:28 2012,http://mail-archives.apache.org/mod_mbox/ctakes-commits/201209.mbox/<20120924220607.0C6BD2388C5D@eris.apache.org>,chenpei
Mon Sep 24 22:07:28 2012,http://mail-archives.apache.org/mod_mbox/ctakes-commits/201209.mbox/<20120924220607.0C6BD2388C5D@eris.apache.org>,chenpei
Mon Sep 24 22:07:28 2012,http://mail-archives.apache.org/mod_mbox/ctakes-commits/201209.mbox/<20120924220607.0C6BD2388C5D@eris.apache.org>,chenpei
Mon Sep 24 22:07:28 2012,http://mail-archives.apache.org/mod_mbox/ctakes-commits/201209.mbox/<20120924220607.0C6BD2388C5D@eris.apache.org>,chenpei
Mon Sep 24 22:07:28 2012,http://mail-archives.apache.org/mod_mbox/ctakes-commits/201209.mbox/<20120924220607.0C6BD2388C5D@eris.apache.org>,chenpei
Mon Sep 24 22:07:28 2012,http://mail-archives.apache.org/mod_mbox/ctakes-commits/201209.mbox/<20120924220607.0C6BD2388C5D@eris.apache.org>,chenpei
Mon Sep 24 22:07:28 2012,http://mail-archives.apache.org/mod_mbox/ctakes-commits/201209.mbox/<20120924220607.0C6BD2388C5D@eris.apache.org>,chenpei
Mon Sep 24 22:07:28 2012,http://mail-archives.apache.org/mod_mbox/ctakes-commits/201209.mbox/<20120924220607.0C6BD2388C5D@eris.apache.org>,chenpei
Mon Sep 24 22:07:28 2012,http://mail-archives.apache.org/mod_mbox/ctakes-commits/201209.mbox/<20120924220607.0C6BD2388C5D@eris.apache.org>,chenpei
Mon Sep 24 22:07:28 2012,http://mail-archives.apache.org/mod_mbox/ctakes-commits/201209.mbox/<20120924220607.0C6BD2388C5D@eris.apache.org>,chenpei
Mon Sep 24 22:07:28 2012,http://mail-archives.apache.org/mod_mbox/ctakes-commits/201209.mbox/<20120924220607.0C6BD2388C5D@eris.apache.org>,chenpei
Mon Sep 24 22:07:28 2012,http://mail-archives.apache.org/mod_mbox/ctakes-commits/201209.mbox/<20120924220607.0C6BD2388C5D@eris.apache.org>,chenpei
Mon Sep 24 22:07:28 2012,http://mail-archives.apache.org/mod_mbox/ctakes-commits/201209.mbox/<20120924220607.0C6BD2388C5D@eris.apache.org>,chenpei
Mon Sep 24 22:07:28 2012,http://mail-archives.apache.org/mod_mbox/ctakes-commits/201209.mbox/<20120924220607.0C6BD2388C5D@eris.apache.org>,chenpei
Mon Sep 24 22:07:28 2012,http://mail-archives.apache.org/mod_mbox/ctakes-commits/201209.mbox/<20120924220607.0C6BD2388C5D@eris.apache.org>,chenpei
Mon Sep 24 22:07:28 2012,http://mail-archives.apache.org/mod_mbox/ctakes-commits/201209.mbox/<20120924220607.0C6BD2388C5D@eris.apache.org>,chenpei
Mon Sep 24 22:07:28 2012,http://mail-archives.apache.org/mod_mbox/ctakes-commits/201209.mbox/<20120924220607.0C6BD2388C5D@eris.apache.org>,chenpei
Mon Sep 24 22:07:28 2012,http://mail-archives.apache.org/mod_mbox/ctakes-commits/201209.mbox/<20120924220607.0C6BD2388C5D@eris.apache.org>,chenpei
Mon Sep 24 22:07:28 2012,http://mail-archives.apache.org/mod_mbox/ctakes-commits/201209.mbox/<20120924220607.0C6BD2388C5D@eris.apache.org>,chenpei
Mon Sep 24 22:07:28 2012,http://mail-archives.apache.org/mod_mbox/ctakes-commits/201209.mbox/<20120924220607.0C6BD2388C5D@eris.apache.org>,chenpei
Mon Sep 24 22:07:28 2012,http://mail-archives.apache.org/mod_mbox/ctakes-commits/201209.mbox/<20120924220607.0C6BD2388C5D@eris.apache.org>,chenpei
Mon Sep 24 22:07:28 2012,http://mail-archives.apache.org/mod_mbox/ctakes-commits/201209.mbox/<20120924220607.0C6BD2388C5D@eris.apache.org>,chenpei
Mon Sep 24 22:07:28 2012,http://mail-archives.apache.org/mod_mbox/ctakes-commits/201209.mbox/<20120924220607.0C6BD2388C5D@eris.apache.org>,chenpei
Mon Sep 24 22:07:28 2012,http://mail-archives.apache.org/mod_mbox/ctakes-commits/201209.mbox/<20120924220607.0C6BD2388C5D@eris.apache.org>,chenpei
Mon Sep 24 22:07:28 2012,http://mail-archives.apache.org/mod_mbox/ctakes-commits/201209.mbox/<20120924220607.0C6BD2388C5D@eris.apache.org>,chenpei
Mon Sep 24 22:07:28 2012,http://mail-archives.apache.org/mod_mbox/ctakes-commits/201209.mbox/<20120924220607.0C6BD2388C5D@eris.apache.org>,chenpei
Mon Sep 24 22:07:28 2012,http://mail-archives.apache.org/mod_mbox/ctakes-commits/201209.mbox/<20120924220607.0C6BD2388C5D@eris.apache.org>,chenpei
Mon Sep 24 22:07:28 2012,http://mail-archives.apache.org/mod_mbox/ctakes-commits/201209.mbox/<20120924220607.0C6BD2388C5D@eris.apache.org>,chenpei
Mon Sep 24 22:07:28 2012,http://mail-archives.apache.org/mod_mbox/ctakes-commits/201209.mbox/<20120924220607.0C6BD2388C5D@eris.apache.org>,chenpei
Mon Sep 24 22:07:28 2012,http://mail-archives.apache.org/mod_mbox/ctakes-commits/201209.mbox/<20120924220607.0C6BD2388C5D@eris.apache.org>,chenpei
Mon Sep 24 22:07:28 2012,http://mail-archives.apache.org/mod_mbox/ctakes-commits/201209.mbox/<20120924220607.0C6BD2388C5D@eris.apache.org>,chenpei
Mon Sep 24 22:07:28 2012,http://mail-archives.apache.org/mod_mbox/ctakes-commits/201209.mbox/<20120924220607.0C6BD2388C5D@eris.apache.org>,chenpei
Mon Sep 24 22:07:28 2012,http://mail-archives.apache.org/mod_mbox/ctakes-commits/201209.mbox/<20120924220607.0C6BD2388C5D@eris.apache.org>,chenpei
Mon Sep 24 22:07:28 2012,http://mail-archives.apache.org/mod_mbox/ctakes-commits/201209.mbox/<20120924220607.0C6BD2388C5D@eris.apache.org>,chenpei
Mon Sep 24 22:07:28 2012,http://mail-archives.apache.org/mod_mbox/ctakes-commits/201209.mbox/<20120924220607.0C6BD2388C5D@eris.apache.org>,chenpei
Mon Sep 24 22:07:28 2012,http://mail-archives.apache.org/mod_mbox/ctakes-commits/201209.mbox/<20120924220607.0C6BD2388C5D@eris.apache.org>,chenpei
Mon Sep 24 22:07:28 2012,http://mail-archives.apache.org/mod_mbox/ctakes-commits/201209.mbox/<20120924220607.0C6BD2388C5D@eris.apache.org>,chenpei
Mon Sep 24 22:07:28 2012,http://mail-archives.apache.org/mod_mbox/ctakes-commits/201209.mbox/<20120924220607.0735E2388C56@eris.apache.org>,chenpei
Mon Sep 24 22:07:28 2012,http://mail-archives.apache.org/mod_mbox/ctakes-commits/201209.mbox/<20120924220607.0C6BD2388C5D@eris.apache.org>,chenpei
Mon Sep 24 22:07:28 2012,http://mail-archives.apache.org/mod_mbox/ctakes-commits/201209.mbox/<20120924220607.0C6BD2388C5D@eris.apache.org>,chenpei
Mon Sep 24 22:07:28 2012,http://mail-archives.apache.org/mod_mbox/ctakes-commits/201209.mbox/<20120924220607.0735E2388C56@eris.apache.org>,chenpei
Mon Sep 24 22:07:28 2012,http://mail-archives.apache.org/mod_mbox/ctakes-commits/201209.mbox/<20120924220607.0735E2388C56@eris.apache.org>,chenpei
Mon Sep 24 22:07:28 2012,http://mail-archives.apache.org/mod_mbox/ctakes-commits/201209.mbox/<20120924220607.0735E2388C56@eris.apache.org>,chenpei
Mon Sep 24 22:07:28 2012,http://mail-archives.apache.org/mod_mbox/ctakes-commits/201209.mbox/<20120924220607.0735E2388C56@eris.apache.org>,chenpei
Mon Sep 24 22:07:28 2012,http://mail-archives.apache.org/mod_mbox/ctakes-commits/201209.mbox/<20120924220607.0735E2388C56@eris.apache.org>,chenpei
Mon Sep 24 22:07:28 2012,http://mail-archives.apache.org/mod_mbox/ctakes-commits/201209.mbox/<20120924220607.0735E2388C56@eris.apache.org>,chenpei
Mon Sep 24 22:07:28 2012,http://mail-archives.apache.org/mod_mbox/ctakes-commits/201209.mbox/<20120924220607.0735E2388C56@eris.apache.org>,chenpei
Mon Sep 24 22:07:28 2012,http://mail-archives.apache.org/mod_mbox/ctakes-commits/201209.mbox/<20120924220607.0735E2388C56@eris.apache.org>,chenpei
Mon Sep 24 22:07:28 2012,http://mail-archives.apache.org/mod_mbox/ctakes-commits/201209.mbox/<20120924220607.0735E2388C56@eris.apache.org>,chenpei
Mon Sep 24 22:07:28 2012,http://mail-archives.apache.org/mod_mbox/ctakes-commits/201209.mbox/<20120924220607.0735E2388C56@eris.apache.org>,chenpei
Mon Sep 24 22:07:28 2012,http://mail-archives.apache.org/mod_mbox/ctakes-commits/201209.mbox/<20120924220607.0735E2388C56@eris.apache.org>,chenpei
Mon Sep 24 22:07:28 2012,http://mail-archives.apache.org/mod_mbox/ctakes-commits/201209.mbox/<20120924220607.0735E2388C56@eris.apache.org>,chenpei
Mon Sep 24 22:07:28 2012,http://mail-archives.apache.org/mod_mbox/ctakes-commits/201209.mbox/<20120924220607.0735E2388C56@eris.apache.org>,chenpei
Mon Sep 24 22:07:28 2012,http://mail-archives.apache.org/mod_mbox/ctakes-commits/201209.mbox/<20120924220607.0735E2388C56@eris.apache.org>,chenpei
Mon Sep 24 22:07:28 2012,http://mail-archives.apache.org/mod_mbox/ctakes-commits/201209.mbox/<20120924220607.0735E2388C56@eris.apache.org>,chenpei
Mon Sep 24 22:07:28 2012,http://mail-archives.apache.org/mod_mbox/ctakes-commits/201209.mbox/<20120924220607.0735E2388C56@eris.apache.org>,chenpei
Mon Sep 24 22:07:28 2012,http://mail-archives.apache.org/mod_mbox/ctakes-commits/201209.mbox/<20120924220607.0735E2388C56@eris.apache.org>,chenpei
Mon Sep 24 22:07:28 2012,http://mail-archives.apache.org/mod_mbox/ctakes-commits/201209.mbox/<20120924220607.0735E2388C56@eris.apache.org>,chenpei
Mon Sep 24 22:07:28 2012,http://mail-archives.apache.org/mod_mbox/ctakes-commits/201209.mbox/<20120924220607.0735E2388C56@eris.apache.org>,chenpei
Mon Sep 24 22:07:28 2012,http://mail-archives.apache.org/mod_mbox/ctakes-commits/201209.mbox/<20120924220607.0735E2388C56@eris.apache.org>,chenpei
Mon Sep 24 22:07:28 2012,http://mail-archives.apache.org/mod_mbox/ctakes-commits/201209.mbox/<20120924220607.0735E2388C56@eris.apache.org>,chenpei
Mon Sep 24 22:07:28 2012,http://mail-archives.apache.org/mod_mbox/ctakes-commits/201209.mbox/<20120924220607.0735E2388C56@eris.apache.org>,chenpei
Mon Sep 24 22:07:28 2012,http://mail-archives.apache.org/mod_mbox/ctakes-commits/201209.mbox/<20120924220607.0C6BD2388C5D@eris.apache.org>,chenpei
Mon Sep 24 22:07:28 2012,http://mail-archives.apache.org/mod_mbox/ctakes-commits/201209.mbox/<20120924220607.0C6BD2388C5D@eris.apache.org>,chenpei
Mon Sep 24 22:07:28 2012,http://mail-archives.apache.org/mod_mbox/ctakes-commits/201209.mbox/<20120924220607.0C6BD2388C5D@eris.apache.org>,chenpei
Mon Sep 24 22:07:28 2012,http://mail-archives.apache.org/mod_mbox/ctakes-commits/201209.mbox/<20120924220607.0C6BD2388C5D@eris.apache.org>,chenpei
Mon Sep 24 22:07:28 2012,http://mail-archives.apache.org/mod_mbox/ctakes-commits/201209.mbox/<20120924220607.0C6BD2388C5D@eris.apache.org>,chenpei
Mon Sep 24 22:07:28 2012,http://mail-archives.apache.org/mod_mbox/ctakes-commits/201209.mbox/<20120924220607.0C6BD2388C5D@eris.apache.org>,chenpei
Mon Sep 24 22:07:28 2012,http://mail-archives.apache.org/mod_mbox/ctakes-commits/201209.mbox/<20120924220607.0C6BD2388C5D@eris.apache.org>,chenpei
Mon Sep 24 22:07:28 2012,http://mail-archives.apache.org/mod_mbox/ctakes-commits/201209.mbox/<20120924220607.0C6BD2388C5D@eris.apache.org>,chenpei
Mon Sep 24 22:07:28 2012,http://mail-archives.apache.org/mod_mbox/ctakes-commits/201209.mbox/<20120924220607.0C6BD2388C5D@eris.apache.org>,chenpei
Mon Sep 24 22:07:28 2012,http://mail-archives.apache.org/mod_mbox/ctakes-commits/201209.mbox/<20120924220607.0C6BD2388C5D@eris.apache.org>,chenpei
Mon Sep 24 22:07:28 2012,http://mail-archives.apache.org/mod_mbox/ctakes-commits/201209.mbox/<20120924220607.0C6BD2388C5D@eris.apache.org>,chenpei
Mon Sep 24 22:07:28 2012,http://mail-archives.apache.org/mod_mbox/ctakes-commits/201209.mbox/<20120924220607.0735E2388C56@eris.apache.org>,chenpei
Mon Sep 24 22:07:28 2012,http://mail-archives.apache.org/mod_mbox/ctakes-commits/201209.mbox/<20120924220607.0735E2388C56@eris.apache.org>,chenpei
Mon Sep 24 22:07:28 2012,http://mail-archives.apache.org/mod_mbox/ctakes-commits/201209.mbox/<20120924220607.0735E2388C56@eris.apache.org>,chenpei
Mon Sep 24 22:07:28 2012,http://mail-archives.apache.org/mod_mbox/ctakes-commits/201209.mbox/<20120924220607.0735E2388C56@eris.apache.org>,chenpei
Mon Sep 24 22:07:28 2012,http://mail-archives.apache.org/mod_mbox/ctakes-commits/201209.mbox/<20120924220607.0735E2388C56@eris.apache.org>,chenpei
Mon Sep 24 22:07:28 2012,http://mail-archives.apache.org/mod_mbox/ctakes-commits/201209.mbox/<20120924220607.0735E2388C56@eris.apache.org>,chenpei
Mon Sep 24 22:07:28 2012,http://mail-archives.apache.org/mod_mbox/ctakes-commits/201209.mbox/<20120924220607.0735E2388C56@eris.apache.org>,chenpei
Mon Sep 24 22:07:28 2012,http://mail-archives.apache.org/mod_mbox/ctakes-commits/201209.mbox/<20120924220607.0735E2388C56@eris.apache.org>,chenpei
Mon Sep 24 22:07:28 2012,http://mail-archives.apache.org/mod_mbox/ctakes-commits/201209.mbox/<20120924220607.0C6BD2388C5D@eris.apache.org>,chenpei
Mon Sep 24 22:07:28 2012,http://mail-archives.apache.org/mod_mbox/ctakes-commits/201209.mbox/<20120924220607.0C6BD2388C5D@eris.apache.org>,chenpei
Mon Sep 24 22:07:28 2012,http://mail-archives.apache.org/mod_mbox/ctakes-commits/201209.mbox/<20120924220607.0735E2388C56@eris.apache.org>,chenpei
Mon Sep 24 22:07:28 2012,http://mail-archives.apache.org/mod_mbox/ctakes-commits/201209.mbox/<20120924220607.0735E2388C56@eris.apache.org>,chenpei
Mon Sep 24 22:07:28 2012,http://mail-archives.apache.org/mod_mbox/ctakes-commits/201209.mbox/<20120924220607.0735E2388C56@eris.apache.org>,chenpei
Mon Sep 24 22:07:28 2012,http://mail-archives.apache.org/mod_mbox/ctakes-commits/201209.mbox/<20120924220607.0735E2388C56@eris.apache.org>,chenpei
Mon Sep 24 22:07:28 2012,http://mail-archives.apache.org/mod_mbox/ctakes-commits/201209.mbox/<20120924220607.0735E2388C56@eris.apache.org>,chenpei
Mon Sep 24 22:07:28 2012,http://mail-archives.apache.org/mod_mbox/ctakes-commits/201209.mbox/<20120924220607.0735E2388C56@eris.apache.org>,chenpei
Mon Sep 24 22:07:28 2012,http://mail-archives.apache.org/mod_mbox/ctakes-commits/201209.mbox/<20120924220607.0735E2388C56@eris.apache.org>,chenpei
Mon Sep 24 22:07:28 2012,http://mail-archives.apache.org/mod_mbox/ctakes-commits/201209.mbox/<20120924220607.0735E2388C56@eris.apache.org>,chenpei
Mon Sep 24 22:07:28 2012,http://mail-archives.apache.org/mod_mbox/ctakes-commits/201209.mbox/<20120924220607.0735E2388C56@eris.apache.org>,chenpei
Mon Sep 24 22:07:28 2012,http://mail-archives.apache.org/mod_mbox/ctakes-commits/201209.mbox/<20120924220607.0735E2388C56@eris.apache.org>,chenpei
Mon Sep 24 22:07:28 2012,http://mail-archives.apache.org/mod_mbox/ctakes-commits/201209.mbox/<20120924220607.0735E2388C56@eris.apache.org>,chenpei
Mon Sep 24 22:07:28 2012,http://mail-archives.apache.org/mod_mbox/ctakes-commits/201209.mbox/<20120924220607.0735E2388C56@eris.apache.org>,chenpei
Mon Sep 24 22:07:28 2012,http://mail-archives.apache.org/mod_mbox/ctakes-commits/201209.mbox/<20120924220607.0735E2388C56@eris.apache.org>,chenpei
Mon Sep 24 22:07:28 2012,http://mail-archives.apache.org/mod_mbox/ctakes-commits/201209.mbox/<20120924220607.0735E2388C56@eris.apache.org>,chenpei
Mon Sep 24 22:07:28 2012,http://mail-archives.apache.org/mod_mbox/ctakes-commits/201209.mbox/<20120924220607.0735E2388C56@eris.apache.org>,chenpei
Mon Sep 24 22:07:28 2012,http://mail-archives.apache.org/mod_mbox/ctakes-commits/201209.mbox/<20120924220607.0735E2388C56@eris.apache.org>,chenpei
Mon Sep 24 22:07:28 2012,http://mail-archives.apache.org/mod_mbox/ctakes-commits/201209.mbox/<20120924220607.0735E2388C56@eris.apache.org>,chenpei
Mon Sep 24 22:07:28 2012,http://mail-archives.apache.org/mod_mbox/ctakes-commits/201209.mbox/<20120924220607.0735E2388C56@eris.apache.org>,chenpei
Mon Sep 24 22:07:28 2012,http://mail-archives.apache.org/mod_mbox/ctakes-commits/201209.mbox/<20120924220607.0735E2388C56@eris.apache.org>,chenpei
Mon Sep 24 22:07:28 2012,http://mail-archives.apache.org/mod_mbox/ctakes-commits/201209.mbox/<20120924220607.0735E2388C56@eris.apache.org>,chenpei
Mon Sep 24 22:07:28 2012,http://mail-archives.apache.org/mod_mbox/ctakes-commits/201209.mbox/<20120924220607.0735E2388C56@eris.apache.org>,chenpei
Mon Sep 24 22:07:28 2012,http://mail-archives.apache.org/mod_mbox/ctakes-commits/201209.mbox/<20120924220607.0735E2388C56@eris.apache.org>,chenpei
Mon Sep 24 22:07:28 2012,http://mail-archives.apache.org/mod_mbox/ctakes-commits/201209.mbox/<20120924220607.0735E2388C56@eris.apache.org>,chenpei
Mon Sep 24 22:07:28 2012,http://mail-archives.apache.org/mod_mbox/ctakes-commits/201209.mbox/<20120924220607.0735E2388C56@eris.apache.org>,chenpei
Mon Sep 24 22:07:28 2012,http://mail-archives.apache.org/mod_mbox/ctakes-commits/201209.mbox/<20120924220607.0735E2388C56@eris.apache.org>,chenpei
Mon Sep 24 22:07:28 2012,http://mail-archives.apache.org/mod_mbox/ctakes-commits/201209.mbox/<20120924220607.0735E2388C56@eris.apache.org>,chenpei
Mon Sep 24 22:07:28 2012,http://mail-archives.apache.org/mod_mbox/ctakes-commits/201209.mbox/<20120924220607.0735E2388C56@eris.apache.org>,chenpei
Mon Sep 24 22:07:28 2012,http://mail-archives.apache.org/mod_mbox/ctakes-commits/201209.mbox/<20120924220607.0735E2388C56@eris.apache.org>,chenpei
Mon Sep 24 22:07:28 2012,http://mail-archives.apache.org/mod_mbox/ctakes-commits/201209.mbox/<20120924220607.0735E2388C56@eris.apache.org>,chenpei
Mon Sep 24 22:07:28 2012,http://mail-archives.apache.org/mod_mbox/ctakes-commits/201209.mbox/<20120924220607.0735E2388C56@eris.apache.org>,chenpei
Mon Sep 24 22:07:28 2012,http://mail-archives.apache.org/mod_mbox/ctakes-commits/201209.mbox/<20120924220607.0735E2388C56@eris.apache.org>,chenpei
Mon Sep 24 22:07:28 2012,http://mail-archives.apache.org/mod_mbox/ctakes-commits/201209.mbox/<20120924220607.0735E2388C56@eris.apache.org>,chenpei
Mon Sep 24 22:07:28 2012,http://mail-archives.apache.org/mod_mbox/ctakes-commits/201209.mbox/<20120924220607.0735E2388C56@eris.apache.org>,chenpei
Mon Sep 24 22:07:28 2012,http://mail-archives.apache.org/mod_mbox/ctakes-commits/201209.mbox/<20120924220607.0735E2388C56@eris.apache.org>,chenpei
Mon Sep 24 22:07:28 2012,http://mail-archives.apache.org/mod_mbox/ctakes-commits/201209.mbox/<20120924220607.0735E2388C56@eris.apache.org>,chenpei
Mon Sep 24 22:07:28 2012,http://mail-archives.apache.org/mod_mbox/ctakes-commits/201209.mbox/<20120924220607.0735E2388C56@eris.apache.org>,chenpei
Mon Sep 24 22:07:28 2012,http://mail-archives.apache.org/mod_mbox/ctakes-commits/201209.mbox/<20120924220607.0735E2388C56@eris.apache.org>,chenpei
Mon Sep 24 22:07:28 2012,http://mail-archives.apache.org/mod_mbox/ctakes-commits/201209.mbox/<20120924220607.0735E2388C56@eris.apache.org>,chenpei
Mon Sep 24 22:07:28 2012,http://mail-archives.apache.org/mod_mbox/ctakes-commits/201209.mbox/<20120924220607.0735E2388C56@eris.apache.org>,chenpei
Mon Sep 24 22:07:28 2012,http://mail-archives.apache.org/mod_mbox/ctakes-commits/201209.mbox/<20120924220607.0735E2388C56@eris.apache.org>,chenpei
Mon Sep 24 22:07:28 2012,http://mail-archives.apache.org/mod_mbox/ctakes-commits/201209.mbox/<20120924220607.0735E2388C56@eris.apache.org>,chenpei
Mon Sep 24 22:07:28 2012,http://mail-archives.apache.org/mod_mbox/ctakes-commits/201209.mbox/<20120924220607.0735E2388C56@eris.apache.org>,chenpei
Mon Sep 24 22:07:28 2012,http://mail-archives.apache.org/mod_mbox/ctakes-commits/201209.mbox/<20120924220607.0735E2388C56@eris.apache.org>,chenpei
Mon Sep 24 22:07:28 2012,http://mail-archives.apache.org/mod_mbox/ctakes-commits/201209.mbox/<20120924220607.0735E2388C56@eris.apache.org>,chenpei
Mon Sep 24 22:07:28 2012,http://mail-archives.apache.org/mod_mbox/ctakes-commits/201209.mbox/<20120924220607.0735E2388C56@eris.apache.org>,chenpei
Mon Sep 24 22:07:28 2012,http://mail-archives.apache.org/mod_mbox/ctakes-commits/201209.mbox/<20120924220607.0735E2388C56@eris.apache.org>,chenpei
Mon Sep 24 22:07:28 2012,http://mail-archives.apache.org/mod_mbox/ctakes-commits/201209.mbox/<20120924220607.0735E2388C56@eris.apache.org>,chenpei
Mon Sep 24 22:07:28 2012,http://mail-archives.apache.org/mod_mbox/ctakes-commits/201209.mbox/<20120924220607.0735E2388C56@eris.apache.org>,chenpei
Mon Sep 24 22:07:28 2012,http://mail-archives.apache.org/mod_mbox/ctakes-commits/201209.mbox/<20120924220607.0735E2388C56@eris.apache.org>,chenpei
Mon Sep 24 22:07:28 2012,http://mail-archives.apache.org/mod_mbox/ctakes-commits/201209.mbox/<20120924220607.0735E2388C56@eris.apache.org>,chenpei
Mon Sep 24 22:07:28 2012,http://mail-archives.apache.org/mod_mbox/ctakes-commits/201209.mbox/<20120924220607.0735E2388C56@eris.apache.org>,chenpei
Mon Sep 24 22:07:28 2012,http://mail-archives.apache.org/mod_mbox/ctakes-commits/201209.mbox/<20120924220607.0735E2388C56@eris.apache.org>,chenpei
Mon Sep 24 22:07:28 2012,http://mail-archives.apache.org/mod_mbox/ctakes-commits/201209.mbox/<20120924220607.0735E2388C56@eris.apache.org>,chenpei
Mon Sep 24 22:07:28 2012,http://mail-archives.apache.org/mod_mbox/ctakes-commits/201209.mbox/<20120924220607.0735E2388C56@eris.apache.org>,chenpei
Mon Sep 24 22:07:28 2012,http://mail-archives.apache.org/mod_mbox/ctakes-commits/201209.mbox/<20120924220607.0735E2388C56@eris.apache.org>,chenpei
Mon Sep 24 22:07:28 2012,http://mail-archives.apache.org/mod_mbox/ctakes-commits/201209.mbox/<20120924220607.0735E2388C56@eris.apache.org>,chenpei
Mon Sep 24 22:07:28 2012,http://mail-archives.apache.org/mod_mbox/ctakes-commits/201209.mbox/<20120924220607.0735E2388C56@eris.apache.org>,chenpei
Mon Sep 24 22:07:28 2012,http://mail-archives.apache.org/mod_mbox/ctakes-commits/201209.mbox/<20120924220607.0735E2388C56@eris.apache.org>,chenpei
Mon Sep 24 22:07:28 2012,http://mail-archives.apache.org/mod_mbox/ctakes-commits/201209.mbox/<20120924220607.0735E2388C56@eris.apache.org>,chenpei
Mon Sep 24 22:07:28 2012,http://mail-archives.apache.org/mod_mbox/ctakes-commits/201209.mbox/<20120924220607.0735E2388C56@eris.apache.org>,chenpei
Mon Sep 24 22:07:28 2012,http://mail-archives.apache.org/mod_mbox/ctakes-commits/201209.mbox/<20120924220607.0735E2388C56@eris.apache.org>,chenpei
Mon Sep 24 22:07:28 2012,http://mail-archives.apache.org/mod_mbox/ctakes-commits/201209.mbox/<20120924220607.0735E2388C56@eris.apache.org>,chenpei
Mon Sep 24 22:07:28 2012,http://mail-archives.apache.org/mod_mbox/ctakes-commits/201209.mbox/<20120924220607.0735E2388C56@eris.apache.org>,chenpei
Mon Sep 24 22:07:28 2012,http://mail-archives.apache.org/mod_mbox/ctakes-commits/201209.mbox/<20120924220607.0C6BD2388C5D@eris.apache.org>,chenpei
Mon Sep 24 22:07:28 2012,http://mail-archives.apache.org/mod_mbox/ctakes-commits/201209.mbox/<20120924220607.0735E2388C56@eris.apache.org>,chenpei
Mon Sep 24 22:07:28 2012,http://mail-archives.apache.org/mod_mbox/ctakes-commits/201209.mbox/<20120924220607.0735E2388C56@eris.apache.org>,chenpei
Mon Sep 24 22:07:28 2012,http://mail-archives.apache.org/mod_mbox/ctakes-commits/201209.mbox/<20120924220607.0735E2388C56@eris.apache.org>,chenpei
Mon Sep 24 22:07:28 2012,http://mail-archives.apache.org/mod_mbox/ctakes-commits/201209.mbox/<20120924220607.0735E2388C56@eris.apache.org>,chenpei
Mon Sep 24 22:07:28 2012,http://mail-archives.apache.org/mod_mbox/ctakes-commits/201209.mbox/<20120924220607.0735E2388C56@eris.apache.org>,chenpei
Mon Sep 24 22:07:28 2012,http://mail-archives.apache.org/mod_mbox/ctakes-commits/201209.mbox/<20120924220607.0735E2388C56@eris.apache.org>,chenpei
Mon Sep 24 22:07:28 2012,http://mail-archives.apache.org/mod_mbox/ctakes-commits/201209.mbox/<20120924220607.0735E2388C56@eris.apache.org>,chenpei
Mon Sep 24 22:07:28 2012,http://mail-archives.apache.org/mod_mbox/ctakes-commits/201209.mbox/<20120924220607.0735E2388C56@eris.apache.org>,chenpei
Mon Sep 24 22:07:28 2012,http://mail-archives.apache.org/mod_mbox/ctakes-commits/201209.mbox/<20120924220607.0735E2388C56@eris.apache.org>,chenpei
Mon Sep 24 22:07:28 2012,http://mail-archives.apache.org/mod_mbox/ctakes-commits/201209.mbox/<20120924220607.0735E2388C56@eris.apache.org>,chenpei
Mon Sep 24 22:07:28 2012,http://mail-archives.apache.org/mod_mbox/ctakes-commits/201209.mbox/<20120924220607.0735E2388C56@eris.apache.org>,chenpei
Mon Sep 24 22:07:28 2012,http://mail-archives.apache.org/mod_mbox/ctakes-commits/201209.mbox/<20120924220607.0735E2388C56@eris.apache.org>,chenpei
Mon Sep 24 22:07:28 2012,http://mail-archives.apache.org/mod_mbox/ctakes-commits/201209.mbox/<20120924220607.0735E2388C56@eris.apache.org>,chenpei
Mon Sep 24 22:07:28 2012,http://mail-archives.apache.org/mod_mbox/ctakes-commits/201209.mbox/<20120924220607.0735E2388C56@eris.apache.org>,chenpei
Mon Sep 24 22:07:28 2012,http://mail-archives.apache.org/mod_mbox/ctakes-commits/201209.mbox/<20120924220607.0735E2388C56@eris.apache.org>,chenpei
Mon Sep 24 22:07:28 2012,http://mail-archives.apache.org/mod_mbox/ctakes-commits/201209.mbox/<20120924220607.0735E2388C56@eris.apache.org>,chenpei
Mon Sep 24 22:07:28 2012,http://mail-archives.apache.org/mod_mbox/ctakes-commits/201209.mbox/<20120924220607.0735E2388C56@eris.apache.org>,chenpei
Mon Sep 24 22:07:28 2012,http://mail-archives.apache.org/mod_mbox/ctakes-commits/201209.mbox/<20120924220607.0735E2388C56@eris.apache.org>,chenpei
Mon Sep 24 22:07:28 2012,http://mail-archives.apache.org/mod_mbox/ctakes-commits/201209.mbox/<20120924220607.0735E2388C56@eris.apache.org>,chenpei
Mon Sep 24 22:07:28 2012,http://mail-archives.apache.org/mod_mbox/ctakes-commits/201209.mbox/<20120924220607.0735E2388C56@eris.apache.org>,chenpei
Mon Sep 24 22:07:28 2012,http://mail-archives.apache.org/mod_mbox/ctakes-commits/201209.mbox/<20120924220607.0735E2388C56@eris.apache.org>,chenpei
Mon Sep 24 22:07:28 2012,http://mail-archives.apache.org/mod_mbox/ctakes-commits/201209.mbox/<20120924220607.0735E2388C56@eris.apache.org>,chenpei
Mon Sep 24 22:07:28 2012,http://mail-archives.apache.org/mod_mbox/ctakes-commits/201209.mbox/<20120924220607.0735E2388C56@eris.apache.org>,chenpei
Mon Sep 24 22:07:28 2012,http://mail-archives.apache.org/mod_mbox/ctakes-commits/201209.mbox/<20120924220607.0735E2388C56@eris.apache.org>,chenpei
Mon Sep 24 22:07:28 2012,http://mail-archives.apache.org/mod_mbox/ctakes-commits/201209.mbox/<20120924220607.0735E2388C56@eris.apache.org>,chenpei
Mon Sep 24 22:07:28 2012,http://mail-archives.apache.org/mod_mbox/ctakes-commits/201209.mbox/<20120924220607.0735E2388C56@eris.apache.org>,chenpei
Mon Sep 24 22:07:28 2012,http://mail-archives.apache.org/mod_mbox/ctakes-commits/201209.mbox/<20120924220607.0735E2388C56@eris.apache.org>,chenpei
Mon Sep 24 22:07:28 2012,http://mail-archives.apache.org/mod_mbox/ctakes-commits/201209.mbox/<20120924220607.0735E2388C56@eris.apache.org>,chenpei
Mon Sep 24 22:07:28 2012,http://mail-archives.apache.org/mod_mbox/ctakes-commits/201209.mbox/<20120924220607.0735E2388C56@eris.apache.org>,chenpei
Mon Sep 24 22:07:28 2012,http://mail-archives.apache.org/mod_mbox/ctakes-commits/201209.mbox/<20120924220607.0735E2388C56@eris.apache.org>,chenpei
Mon Sep 24 22:07:28 2012,http://mail-archives.apache.org/mod_mbox/ctakes-commits/201209.mbox/<20120924220607.0735E2388C56@eris.apache.org>,chenpei
Mon Sep 24 22:07:28 2012,http://mail-archives.apache.org/mod_mbox/ctakes-commits/201209.mbox/<20120924220607.0735E2388C56@eris.apache.org>,chenpei
Mon Sep 24 22:07:28 2012,http://mail-archives.apache.org/mod_mbox/ctakes-commits/201209.mbox/<20120924220607.0735E2388C56@eris.apache.org>,chenpei
Mon Sep 24 22:07:28 2012,http://mail-archives.apache.org/mod_mbox/ctakes-commits/201209.mbox/<20120924220607.0735E2388C56@eris.apache.org>,chenpei
Mon Sep 24 22:07:28 2012,http://mail-archives.apache.org/mod_mbox/ctakes-commits/201209.mbox/<20120924220607.0735E2388C56@eris.apache.org>,chenpei
Mon Sep 24 22:07:28 2012,http://mail-archives.apache.org/mod_mbox/ctakes-commits/201209.mbox/<20120924220607.0735E2388C56@eris.apache.org>,chenpei
Mon Sep 24 22:07:28 2012,http://mail-archives.apache.org/mod_mbox/ctakes-commits/201209.mbox/<20120924220607.0735E2388C56@eris.apache.org>,chenpei
Mon Sep 24 22:07:28 2012,http://mail-archives.apache.org/mod_mbox/ctakes-commits/201209.mbox/<20120924220607.0735E2388C56@eris.apache.org>,chenpei
Mon Sep 24 22:07:28 2012,http://mail-archives.apache.org/mod_mbox/ctakes-commits/201209.mbox/<20120924220607.0735E2388C56@eris.apache.org>,chenpei
Mon Sep 24 22:07:28 2012,http://mail-archives.apache.org/mod_mbox/ctakes-commits/201209.mbox/<20120924220607.0735E2388C56@eris.apache.org>,chenpei
Mon Sep 24 22:07:28 2012,http://mail-archives.apache.org/mod_mbox/ctakes-commits/201209.mbox/<20120924220607.0735E2388C56@eris.apache.org>,chenpei
Mon Sep 24 22:07:28 2012,http://mail-archives.apache.org/mod_mbox/ctakes-commits/201209.mbox/<20120924220607.0735E2388C56@eris.apache.org>,chenpei
Mon Sep 24 22:07:28 2012,http://mail-archives.apache.org/mod_mbox/ctakes-commits/201209.mbox/<20120924220607.0735E2388C56@eris.apache.org>,chenpei
Mon Sep 24 22:07:28 2012,http://mail-archives.apache.org/mod_mbox/ctakes-commits/201209.mbox/<20120924220607.0735E2388C56@eris.apache.org>,chenpei
Mon Sep 24 22:07:28 2012,http://mail-archives.apache.org/mod_mbox/ctakes-commits/201209.mbox/<20120924220607.0735E2388C56@eris.apache.org>,chenpei
Mon Sep 24 22:07:28 2012,http://mail-archives.apache.org/mod_mbox/ctakes-commits/201209.mbox/<20120924220607.0735E2388C56@eris.apache.org>,chenpei
Mon Sep 24 22:07:28 2012,http://mail-archives.apache.org/mod_mbox/ctakes-commits/201209.mbox/<20120924220607.0735E2388C56@eris.apache.org>,chenpei
Mon Sep 24 22:07:28 2012,http://mail-archives.apache.org/mod_mbox/ctakes-commits/201209.mbox/<20120924220607.0735E2388C56@eris.apache.org>,chenpei
Mon Sep 24 22:07:28 2012,http://mail-archives.apache.org/mod_mbox/ctakes-commits/201209.mbox/<20120924220607.0735E2388C56@eris.apache.org>,chenpei
Mon Sep 24 22:07:28 2012,http://mail-archives.apache.org/mod_mbox/ctakes-commits/201209.mbox/<20120924220607.0735E2388C56@eris.apache.org>,chenpei
Mon Sep 24 22:07:28 2012,http://mail-archives.apache.org/mod_mbox/ctakes-commits/201209.mbox/<20120924220607.0735E2388C56@eris.apache.org>,chenpei
Mon Sep 24 22:07:28 2012,http://mail-archives.apache.org/mod_mbox/ctakes-commits/201209.mbox/<20120924220607.0735E2388C56@eris.apache.org>,chenpei
Mon Sep 24 22:07:28 2012,http://mail-archives.apache.org/mod_mbox/ctakes-commits/201209.mbox/<20120924220607.0735E2388C56@eris.apache.org>,chenpei
Mon Sep 24 22:07:28 2012,http://mail-archives.apache.org/mod_mbox/ctakes-commits/201209.mbox/<20120924220607.0735E2388C56@eris.apache.org>,chenpei
Mon Sep 24 22:07:28 2012,http://mail-archives.apache.org/mod_mbox/ctakes-commits/201209.mbox/<20120924220607.0735E2388C56@eris.apache.org>,chenpei
Mon Sep 24 22:07:28 2012,http://mail-archives.apache.org/mod_mbox/ctakes-commits/201209.mbox/<20120924220607.0735E2388C56@eris.apache.org>,chenpei
Mon Sep 24 22:07:28 2012,http://mail-archives.apache.org/mod_mbox/ctakes-commits/201209.mbox/<20120924220607.0735E2388C56@eris.apache.org>,chenpei
Mon Sep 24 22:07:28 2012,http://mail-archives.apache.org/mod_mbox/ctakes-commits/201209.mbox/<20120924220607.0735E2388C56@eris.apache.org>,chenpei
Mon Sep 24 22:07:28 2012,http://mail-archives.apache.org/mod_mbox/ctakes-commits/201209.mbox/<20120924220607.0735E2388C56@eris.apache.org>,chenpei
Mon Sep 24 22:07:28 2012,http://mail-archives.apache.org/mod_mbox/ctakes-commits/201209.mbox/<20120924220607.0735E2388C56@eris.apache.org>,chenpei
Mon Sep 24 22:07:28 2012,http://mail-archives.apache.org/mod_mbox/ctakes-commits/201209.mbox/<20120924220607.0735E2388C56@eris.apache.org>,chenpei
Mon Sep 24 22:07:28 2012,http://mail-archives.apache.org/mod_mbox/ctakes-commits/201209.mbox/<20120924220607.0735E2388C56@eris.apache.org>,chenpei
Mon Sep 24 22:07:28 2012,http://mail-archives.apache.org/mod_mbox/ctakes-commits/201209.mbox/<20120924220607.0735E2388C56@eris.apache.org>,chenpei
Mon Sep 24 22:07:28 2012,http://mail-archives.apache.org/mod_mbox/ctakes-commits/201209.mbox/<20120924220607.0735E2388C56@eris.apache.org>,chenpei
Mon Sep 24 22:07:28 2012,http://mail-archives.apache.org/mod_mbox/ctakes-commits/201209.mbox/<20120924220607.0735E2388C56@eris.apache.org>,chenpei
Mon Sep 24 22:07:28 2012,http://mail-archives.apache.org/mod_mbox/ctakes-commits/201209.mbox/<20120924220607.0735E2388C56@eris.apache.org>,chenpei
Mon Sep 24 22:07:28 2012,http://mail-archives.apache.org/mod_mbox/ctakes-commits/201209.mbox/<20120924220607.0735E2388C56@eris.apache.org>,chenpei
Mon Sep 24 22:07:28 2012,http://mail-archives.apache.org/mod_mbox/ctakes-commits/201209.mbox/<20120924220607.0735E2388C56@eris.apache.org>,chenpei
Mon Sep 24 22:07:28 2012,http://mail-archives.apache.org/mod_mbox/ctakes-commits/201209.mbox/<20120924220607.0735E2388C56@eris.apache.org>,chenpei
Mon Sep 24 22:07:28 2012,http://mail-archives.apache.org/mod_mbox/ctakes-commits/201209.mbox/<20120924220607.0735E2388C56@eris.apache.org>,chenpei
Mon Sep 24 22:07:28 2012,http://mail-archives.apache.org/mod_mbox/ctakes-commits/201209.mbox/<20120924220607.0735E2388C56@eris.apache.org>,chenpei
Mon Sep 24 22:07:28 2012,http://mail-archives.apache.org/mod_mbox/ctakes-commits/201209.mbox/<20120924220607.0735E2388C56@eris.apache.org>,chenpei
Mon Sep 24 22:07:28 2012,http://mail-archives.apache.org/mod_mbox/ctakes-commits/201209.mbox/<20120924220607.0735E2388C56@eris.apache.org>,chenpei
Mon Sep 24 22:07:28 2012,http://mail-archives.apache.org/mod_mbox/ctakes-commits/201209.mbox/<20120924220607.0735E2388C56@eris.apache.org>,chenpei
Mon Sep 24 22:07:28 2012,http://mail-archives.apache.org/mod_mbox/ctakes-commits/201209.mbox/<20120924220607.0735E2388C56@eris.apache.org>,chenpei
Mon Sep 24 22:07:28 2012,http://mail-archives.apache.org/mod_mbox/ctakes-commits/201209.mbox/<20120924220607.0735E2388C56@eris.apache.org>,chenpei
Mon Sep 24 22:07:28 2012,http://mail-archives.apache.org/mod_mbox/ctakes-commits/201209.mbox/<20120924220607.0735E2388C56@eris.apache.org>,chenpei
Mon Sep 24 22:07:28 2012,http://mail-archives.apache.org/mod_mbox/ctakes-commits/201209.mbox/<20120924220607.0735E2388C56@eris.apache.org>,chenpei
Mon Sep 24 22:07:28 2012,http://mail-archives.apache.org/mod_mbox/ctakes-commits/201209.mbox/<20120924220607.0735E2388C56@eris.apache.org>,chenpei
Mon Sep 24 22:07:28 2012,http://mail-archives.apache.org/mod_mbox/ctakes-commits/201209.mbox/<20120924220607.0735E2388C56@eris.apache.org>,chenpei
Mon Sep 24 22:07:28 2012,http://mail-archives.apache.org/mod_mbox/ctakes-commits/201209.mbox/<20120924220607.0735E2388C56@eris.apache.org>,chenpei
Mon Sep 24 22:07:28 2012,http://mail-archives.apache.org/mod_mbox/ctakes-commits/201209.mbox/<20120924220607.0735E2388C56@eris.apache.org>,chenpei
Mon Sep 24 22:07:28 2012,http://mail-archives.apache.org/mod_mbox/ctakes-commits/201209.mbox/<20120924220607.0735E2388C56@eris.apache.org>,chenpei
Mon Sep 24 22:07:28 2012,http://mail-archives.apache.org/mod_mbox/ctakes-commits/201209.mbox/<20120924220607.0735E2388C56@eris.apache.org>,chenpei
Mon Sep 24 22:07:28 2012,http://mail-archives.apache.org/mod_mbox/ctakes-commits/201209.mbox/<20120924220607.0735E2388C56@eris.apache.org>,chenpei
Mon Sep 24 22:07:28 2012,http://mail-archives.apache.org/mod_mbox/ctakes-commits/201209.mbox/<20120924220607.0735E2388C56@eris.apache.org>,chenpei
Mon Sep 24 22:07:28 2012,http://mail-archives.apache.org/mod_mbox/ctakes-commits/201209.mbox/<20120924220607.0735E2388C56@eris.apache.org>,chenpei
Mon Sep 24 22:07:28 2012,http://mail-archives.apache.org/mod_mbox/ctakes-commits/201209.mbox/<20120924220607.0735E2388C56@eris.apache.org>,chenpei
Mon Sep 24 22:07:28 2012,http://mail-archives.apache.org/mod_mbox/ctakes-commits/201209.mbox/<20120924220607.0735E2388C56@eris.apache.org>,chenpei
Mon Sep 24 22:07:28 2012,http://mail-archives.apache.org/mod_mbox/ctakes-commits/201209.mbox/<20120924220607.0735E2388C56@eris.apache.org>,chenpei
Mon Sep 24 22:07:28 2012,http://mail-archives.apache.org/mod_mbox/ctakes-commits/201209.mbox/<20120924220607.0735E2388C56@eris.apache.org>,chenpei
Mon Sep 24 22:07:28 2012,http://mail-archives.apache.org/mod_mbox/ctakes-commits/201209.mbox/<20120924220607.0735E2388C56@eris.apache.org>,chenpei
Mon Sep 24 22:07:28 2012,http://mail-archives.apache.org/mod_mbox/ctakes-commits/201209.mbox/<20120924220607.0735E2388C56@eris.apache.org>,chenpei
Mon Sep 24 22:07:28 2012,http://mail-archives.apache.org/mod_mbox/ctakes-commits/201209.mbox/<20120924220607.0735E2388C56@eris.apache.org>,chenpei
Mon Sep 24 22:07:28 2012,http://mail-archives.apache.org/mod_mbox/ctakes-commits/201209.mbox/<20120924220607.0735E2388C56@eris.apache.org>,chenpei
Mon Sep 24 22:07:28 2012,http://mail-archives.apache.org/mod_mbox/ctakes-commits/201209.mbox/<20120924220607.0735E2388C56@eris.apache.org>,chenpei
Mon Sep 24 22:07:28 2012,http://mail-archives.apache.org/mod_mbox/ctakes-commits/201209.mbox/<20120924220607.0735E2388C56@eris.apache.org>,chenpei
Mon Sep 24 22:07:28 2012,http://mail-archives.apache.org/mod_mbox/ctakes-commits/201209.mbox/<20120924220607.0735E2388C56@eris.apache.org>,chenpei
Mon Sep 24 22:07:28 2012,http://mail-archives.apache.org/mod_mbox/ctakes-commits/201209.mbox/<20120924220607.0735E2388C56@eris.apache.org>,chenpei
Mon Sep 24 22:07:28 2012,http://mail-archives.apache.org/mod_mbox/ctakes-commits/201209.mbox/<20120924220607.0735E2388C56@eris.apache.org>,chenpei
Mon Sep 24 22:07:28 2012,http://mail-archives.apache.org/mod_mbox/ctakes-commits/201209.mbox/<20120924220607.0735E2388C56@eris.apache.org>,chenpei
Mon Sep 24 22:07:28 2012,http://mail-archives.apache.org/mod_mbox/ctakes-commits/201209.mbox/<20120924220607.0735E2388C56@eris.apache.org>,chenpei
Mon Sep 24 22:07:28 2012,http://mail-archives.apache.org/mod_mbox/ctakes-commits/201209.mbox/<20120924220607.0735E2388C56@eris.apache.org>,chenpei
Mon Sep 24 22:07:28 2012,http://mail-archives.apache.org/mod_mbox/ctakes-commits/201209.mbox/<20120924220607.0735E2388C56@eris.apache.org>,chenpei
Mon Sep 24 22:07:28 2012,http://mail-archives.apache.org/mod_mbox/ctakes-commits/201209.mbox/<20120924220607.0735E2388C56@eris.apache.org>,chenpei
Mon Sep 24 22:07:28 2012,http://mail-archives.apache.org/mod_mbox/ctakes-commits/201209.mbox/<20120924220607.0735E2388C56@eris.apache.org>,chenpei
Mon Sep 24 22:07:28 2012,http://mail-archives.apache.org/mod_mbox/ctakes-commits/201209.mbox/<20120924220607.0735E2388C56@eris.apache.org>,chenpei
Mon Sep 24 22:07:28 2012,http://mail-archives.apache.org/mod_mbox/ctakes-commits/201209.mbox/<20120924220607.0735E2388C56@eris.apache.org>,chenpei
Mon Sep 24 22:07:28 2012,http://mail-archives.apache.org/mod_mbox/ctakes-commits/201209.mbox/<20120924220607.0735E2388C56@eris.apache.org>,chenpei
Mon Sep 24 22:07:28 2012,http://mail-archives.apache.org/mod_mbox/ctakes-commits/201209.mbox/<20120924220607.0735E2388C56@eris.apache.org>,chenpei
Mon Sep 24 22:07:28 2012,http://mail-archives.apache.org/mod_mbox/ctakes-commits/201209.mbox/<20120924220607.0735E2388C56@eris.apache.org>,chenpei
Mon Sep 24 22:07:28 2012,http://mail-archives.apache.org/mod_mbox/ctakes-commits/201209.mbox/<20120924220607.0735E2388C56@eris.apache.org>,chenpei
Mon Sep 24 22:07:28 2012,http://mail-archives.apache.org/mod_mbox/ctakes-commits/201209.mbox/<20120924220607.0735E2388C56@eris.apache.org>,chenpei
Mon Sep 24 22:07:28 2012,http://mail-archives.apache.org/mod_mbox/ctakes-commits/201209.mbox/<20120924220607.0735E2388C56@eris.apache.org>,chenpei
Mon Sep 24 22:07:28 2012,http://mail-archives.apache.org/mod_mbox/ctakes-commits/201209.mbox/<20120924220607.0C6BD2388C5D@eris.apache.org>,chenpei
Mon Sep 24 22:07:28 2012,http://mail-archives.apache.org/mod_mbox/ctakes-commits/201209.mbox/<20120924220607.0735E2388C56@eris.apache.org>,chenpei
Mon Sep 24 22:07:28 2012,http://mail-archives.apache.org/mod_mbox/ctakes-commits/201209.mbox/<20120924220607.0C6BD2388C5D@eris.apache.org>,chenpei
Mon Sep 24 22:07:28 2012,http://mail-archives.apache.org/mod_mbox/ctakes-commits/201209.mbox/<20120924220607.0C6BD2388C5D@eris.apache.org>,chenpei
Mon Sep 24 22:07:28 2012,http://mail-archives.apache.org/mod_mbox/ctakes-commits/201209.mbox/<20120924220607.0C6BD2388C5D@eris.apache.org>,chenpei
Mon Sep 24 22:07:28 2012,http://mail-archives.apache.org/mod_mbox/ctakes-commits/201209.mbox/<20120924220607.0C6BD2388C5D@eris.apache.org>,chenpei
Mon Sep 24 22:07:28 2012,http://mail-archives.apache.org/mod_mbox/ctakes-commits/201209.mbox/<20120924220607.0C6BD2388C5D@eris.apache.org>,chenpei
Mon Sep 24 22:07:28 2012,http://mail-archives.apache.org/mod_mbox/ctakes-commits/201209.mbox/<20120924220607.0C6BD2388C5D@eris.apache.org>,chenpei
Mon Sep 24 22:07:28 2012,http://mail-archives.apache.org/mod_mbox/ctakes-commits/201209.mbox/<20120924220607.0C6BD2388C5D@eris.apache.org>,chenpei
Mon Sep 24 22:07:28 2012,http://mail-archives.apache.org/mod_mbox/ctakes-commits/201209.mbox/<20120924220607.0C6BD2388C5D@eris.apache.org>,chenpei
Mon Sep 24 22:07:28 2012,http://mail-archives.apache.org/mod_mbox/ctakes-commits/201209.mbox/<20120924220607.0C6BD2388C5D@eris.apache.org>,chenpei
Mon Sep 24 22:07:28 2012,http://mail-archives.apache.org/mod_mbox/ctakes-commits/201209.mbox/<20120924220607.0C6BD2388C5D@eris.apache.org>,chenpei
Mon Sep 24 22:07:28 2012,http://mail-archives.apache.org/mod_mbox/ctakes-commits/201209.mbox/<20120924220607.0C6BD2388C5D@eris.apache.org>,chenpei
Mon Sep 24 22:07:28 2012,http://mail-archives.apache.org/mod_mbox/ctakes-commits/201209.mbox/<20120924220607.0C6BD2388C5D@eris.apache.org>,chenpei
Mon Sep 24 22:07:28 2012,http://mail-archives.apache.org/mod_mbox/ctakes-commits/201209.mbox/<20120924220607.0C6BD2388C5D@eris.apache.org>,chenpei
Mon Sep 24 22:07:28 2012,http://mail-archives.apache.org/mod_mbox/ctakes-commits/201209.mbox/<20120924220607.0C6BD2388C5D@eris.apache.org>,chenpei
Mon Sep 24 22:07:28 2012,http://mail-archives.apache.org/mod_mbox/ctakes-commits/201209.mbox/<20120924220607.0C6BD2388C5D@eris.apache.org>,chenpei
Mon Sep 24 22:07:28 2012,http://mail-archives.apache.org/mod_mbox/ctakes-commits/201209.mbox/<20120924220607.0C6BD2388C5D@eris.apache.org>,chenpei
Mon Sep 24 22:07:28 2012,http://mail-archives.apache.org/mod_mbox/ctakes-commits/201209.mbox/<20120924220607.0C6BD2388C5D@eris.apache.org>,chenpei
Mon Sep 24 22:07:28 2012,http://mail-archives.apache.org/mod_mbox/ctakes-commits/201209.mbox/<20120924220607.0C6BD2388C5D@eris.apache.org>,chenpei
Mon Sep 24 22:07:28 2012,http://mail-archives.apache.org/mod_mbox/ctakes-commits/201209.mbox/<20120924220607.0C6BD2388C5D@eris.apache.org>,chenpei
Mon Sep 24 22:07:28 2012,http://mail-archives.apache.org/mod_mbox/ctakes-commits/201209.mbox/<20120924220607.0C6BD2388C5D@eris.apache.org>,chenpei
Mon Sep 24 22:07:28 2012,http://mail-archives.apache.org/mod_mbox/ctakes-commits/201209.mbox/<20120924220607.0C6BD2388C5D@eris.apache.org>,chenpei
Mon Sep 24 22:07:28 2012,http://mail-archives.apache.org/mod_mbox/ctakes-commits/201209.mbox/<20120924220607.0C6BD2388C5D@eris.apache.org>,chenpei
Mon Sep 24 22:07:28 2012,http://mail-archives.apache.org/mod_mbox/ctakes-commits/201209.mbox/<20120924220607.0C6BD2388C5D@eris.apache.org>,chenpei
Mon Sep 24 22:07:28 2012,http://mail-archives.apache.org/mod_mbox/ctakes-commits/201209.mbox/<20120924220607.0C6BD2388C5D@eris.apache.org>,chenpei
Mon Sep 24 22:07:28 2012,http://mail-archives.apache.org/mod_mbox/ctakes-commits/201209.mbox/<20120924220607.0C6BD2388C5D@eris.apache.org>,chenpei
Mon Sep 24 22:07:28 2012,http://mail-archives.apache.org/mod_mbox/ctakes-commits/201209.mbox/<20120924220607.0C6BD2388C5D@eris.apache.org>,chenpei
Mon Sep 24 22:07:28 2012,http://mail-archives.apache.org/mod_mbox/ctakes-commits/201209.mbox/<20120924220607.0C6BD2388C5D@eris.apache.org>,chenpei
Mon Sep 24 22:07:28 2012,http://mail-archives.apache.org/mod_mbox/ctakes-commits/201209.mbox/<20120924220607.0C6BD2388C5D@eris.apache.org>,chenpei
Mon Sep 24 22:07:28 2012,http://mail-archives.apache.org/mod_mbox/ctakes-commits/201209.mbox/<20120924220607.0C6BD2388C5D@eris.apache.org>,chenpei
Mon Sep 24 22:07:28 2012,http://mail-archives.apache.org/mod_mbox/ctakes-commits/201209.mbox/<20120924220607.0C6BD2388C5D@eris.apache.org>,chenpei
Mon Sep 24 22:07:28 2012,http://mail-archives.apache.org/mod_mbox/ctakes-commits/201209.mbox/<20120924220607.0C6BD2388C5D@eris.apache.org>,chenpei
Mon Sep 24 22:07:28 2012,http://mail-archives.apache.org/mod_mbox/ctakes-commits/201209.mbox/<20120924220607.0C6BD2388C5D@eris.apache.org>,chenpei
Mon Sep 24 22:07:28 2012,http://mail-archives.apache.org/mod_mbox/ctakes-commits/201209.mbox/<20120924220607.0C6BD2388C5D@eris.apache.org>,chenpei
Mon Sep 24 22:07:28 2012,http://mail-archives.apache.org/mod_mbox/ctakes-commits/201209.mbox/<20120924220607.0C6BD2388C5D@eris.apache.org>,chenpei
Mon Sep 24 22:07:28 2012,http://mail-archives.apache.org/mod_mbox/ctakes-commits/201209.mbox/<20120924220607.0C6BD2388C5D@eris.apache.org>,chenpei
Mon Sep 24 22:07:28 2012,http://mail-archives.apache.org/mod_mbox/ctakes-commits/201209.mbox/<20120924220607.0C6BD2388C5D@eris.apache.org>,chenpei
Mon Sep 24 22:07:28 2012,http://mail-archives.apache.org/mod_mbox/ctakes-commits/201209.mbox/<20120924220607.0C6BD2388C5D@eris.apache.org>,chenpei
Mon Sep 24 22:07:28 2012,http://mail-archives.apache.org/mod_mbox/ctakes-commits/201209.mbox/<20120924220607.0C6BD2388C5D@eris.apache.org>,chenpei
Mon Sep 24 22:07:28 2012,http://mail-archives.apache.org/mod_mbox/ctakes-commits/201209.mbox/<20120924220607.0C6BD2388C5D@eris.apache.org>,chenpei
Mon Sep 24 22:07:28 2012,http://mail-archives.apache.org/mod_mbox/ctakes-commits/201209.mbox/<20120924220607.0C6BD2388C5D@eris.apache.org>,chenpei
Mon Sep 24 22:07:28 2012,http://mail-archives.apache.org/mod_mbox/ctakes-commits/201209.mbox/<20120924220607.0C6BD2388C5D@eris.apache.org>,chenpei
Mon Sep 24 22:07:28 2012,http://mail-archives.apache.org/mod_mbox/ctakes-commits/201209.mbox/<20120924220607.0C6BD2388C5D@eris.apache.org>,chenpei
Mon Sep 24 22:07:28 2012,http://mail-archives.apache.org/mod_mbox/ctakes-commits/201209.mbox/<20120924220607.0C6BD2388C5D@eris.apache.org>,chenpei
Mon Sep 24 22:07:28 2012,http://mail-archives.apache.org/mod_mbox/ctakes-commits/201209.mbox/<20120924220607.0C6BD2388C5D@eris.apache.org>,chenpei
Mon Sep 24 22:07:28 2012,http://mail-archives.apache.org/mod_mbox/ctakes-commits/201209.mbox/<20120924220607.0C6BD2388C5D@eris.apache.org>,chenpei
Mon Sep 24 22:07:28 2012,http://mail-archives.apache.org/mod_mbox/ctakes-commits/201209.mbox/<20120924220607.0C6BD2388C5D@eris.apache.org>,chenpei
Mon Sep 24 22:07:28 2012,http://mail-archives.apache.org/mod_mbox/ctakes-commits/201209.mbox/<20120924220607.0C6BD2388C5D@eris.apache.org>,chenpei
Mon Sep 24 22:07:28 2012,http://mail-archives.apache.org/mod_mbox/ctakes-commits/201209.mbox/<20120924220607.0C6BD2388C5D@eris.apache.org>,chenpei
Mon Sep 24 22:07:28 2012,http://mail-archives.apache.org/mod_mbox/ctakes-commits/201209.mbox/<20120924220607.0C6BD2388C5D@eris.apache.org>,chenpei
Mon Sep 24 22:07:28 2012,http://mail-archives.apache.org/mod_mbox/ctakes-commits/201209.mbox/<20120924220607.0C6BD2388C5D@eris.apache.org>,chenpei
Mon Sep 24 22:07:28 2012,http://mail-archives.apache.org/mod_mbox/ctakes-commits/201209.mbox/<20120924220607.0C6BD2388C5D@eris.apache.org>,chenpei
Mon Sep 24 22:07:28 2012,http://mail-archives.apache.org/mod_mbox/ctakes-commits/201209.mbox/<20120924220607.0C6BD2388C5D@eris.apache.org>,chenpei
Mon Sep 24 22:07:28 2012,http://mail-archives.apache.org/mod_mbox/ctakes-commits/201209.mbox/<20120924220607.0C6BD2388C5D@eris.apache.org>,chenpei
Mon Sep 24 22:07:28 2012,http://mail-archives.apache.org/mod_mbox/ctakes-commits/201209.mbox/<20120924220607.0C6BD2388C5D@eris.apache.org>,chenpei
Mon Sep 24 22:07:28 2012,http://mail-archives.apache.org/mod_mbox/ctakes-commits/201209.mbox/<20120924220607.0C6BD2388C5D@eris.apache.org>,chenpei
Mon Sep 24 22:07:28 2012,http://mail-archives.apache.org/mod_mbox/ctakes-commits/201209.mbox/<20120924220607.0C6BD2388C5D@eris.apache.org>,chenpei
Mon Sep 24 22:07:28 2012,http://mail-archives.apache.org/mod_mbox/ctakes-commits/201209.mbox/<20120924220607.0C6BD2388C5D@eris.apache.org>,chenpei
Mon Sep 24 22:07:28 2012,http://mail-archives.apache.org/mod_mbox/ctakes-commits/201209.mbox/<20120924220607.0C6BD2388C5D@eris.apache.org>,chenpei
Mon Sep 24 22:07:28 2012,http://mail-archives.apache.org/mod_mbox/ctakes-commits/201209.mbox/<20120924220607.0C6BD2388C5D@eris.apache.org>,chenpei
Mon Sep 24 22:07:28 2012,http://mail-archives.apache.org/mod_mbox/ctakes-commits/201209.mbox/<20120924220607.0C6BD2388C5D@eris.apache.org>,chenpei
Mon Sep 24 22:07:28 2012,http://mail-archives.apache.org/mod_mbox/ctakes-commits/201209.mbox/<20120924220607.0C6BD2388C5D@eris.apache.org>,chenpei
Mon Sep 24 22:07:28 2012,http://mail-archives.apache.org/mod_mbox/ctakes-commits/201209.mbox/<20120924220607.0C6BD2388C5D@eris.apache.org>,chenpei
Mon Sep 24 22:07:28 2012,http://mail-archives.apache.org/mod_mbox/ctakes-commits/201209.mbox/<20120924220607.0C6BD2388C5D@eris.apache.org>,chenpei
Mon Sep 24 22:07:28 2012,http://mail-archives.apache.org/mod_mbox/ctakes-commits/201209.mbox/<20120924220607.0C6BD2388C5D@eris.apache.org>,chenpei
Mon Sep 24 22:07:28 2012,http://mail-archives.apache.org/mod_mbox/ctakes-commits/201209.mbox/<20120924220607.0C6BD2388C5D@eris.apache.org>,chenpei
Mon Sep 24 22:07:28 2012,http://mail-archives.apache.org/mod_mbox/ctakes-commits/201209.mbox/<20120924220607.0C6BD2388C5D@eris.apache.org>,chenpei
Mon Sep 24 22:07:28 2012,http://mail-archives.apache.org/mod_mbox/ctakes-commits/201209.mbox/<20120924220607.0C6BD2388C5D@eris.apache.org>,chenpei
Mon Sep 24 22:07:28 2012,http://mail-archives.apache.org/mod_mbox/ctakes-commits/201209.mbox/<20120924220607.0C6BD2388C5D@eris.apache.org>,chenpei
Mon Sep 24 22:07:28 2012,http://mail-archives.apache.org/mod_mbox/ctakes-commits/201209.mbox/<20120924220607.0C6BD2388C5D@eris.apache.org>,chenpei
Mon Sep 24 22:07:28 2012,http://mail-archives.apache.org/mod_mbox/ctakes-commits/201209.mbox/<20120924220607.0C6BD2388C5D@eris.apache.org>,chenpei
Mon Sep 24 22:07:28 2012,http://mail-archives.apache.org/mod_mbox/ctakes-commits/201209.mbox/<20120924220607.0C6BD2388C5D@eris.apache.org>,chenpei
Mon Sep 24 22:07:28 2012,http://mail-archives.apache.org/mod_mbox/ctakes-commits/201209.mbox/<20120924220607.0C6BD2388C5D@eris.apache.org>,chenpei
Mon Sep 24 22:07:28 2012,http://mail-archives.apache.org/mod_mbox/ctakes-commits/201209.mbox/<20120924220607.0C6BD2388C5D@eris.apache.org>,chenpei
Mon Sep 24 22:07:28 2012,http://mail-archives.apache.org/mod_mbox/ctakes-commits/201209.mbox/<20120924220607.0C6BD2388C5D@eris.apache.org>,chenpei
Mon Sep 24 22:07:28 2012,http://mail-archives.apache.org/mod_mbox/ctakes-commits/201209.mbox/<20120924220607.0C6BD2388C5D@eris.apache.org>,chenpei
Mon Sep 24 22:07:28 2012,http://mail-archives.apache.org/mod_mbox/ctakes-commits/201209.mbox/<20120924220607.0C6BD2388C5D@eris.apache.org>,chenpei
Mon Sep 24 22:07:28 2012,http://mail-archives.apache.org/mod_mbox/ctakes-commits/201209.mbox/<20120924220607.0C6BD2388C5D@eris.apache.org>,chenpei
Mon Sep 24 22:07:28 2012,http://mail-archives.apache.org/mod_mbox/ctakes-commits/201209.mbox/<20120924220607.0C6BD2388C5D@eris.apache.org>,chenpei
Mon Sep 24 22:07:28 2012,http://mail-archives.apache.org/mod_mbox/ctakes-commits/201209.mbox/<20120924220607.0C6BD2388C5D@eris.apache.org>,chenpei
Mon Sep 24 22:07:28 2012,http://mail-archives.apache.org/mod_mbox/ctakes-commits/201209.mbox/<20120924220607.0C6BD2388C5D@eris.apache.org>,chenpei
Mon Sep 24 22:07:28 2012,http://mail-archives.apache.org/mod_mbox/ctakes-commits/201209.mbox/<20120924220607.0C6BD2388C5D@eris.apache.org>,chenpei
Mon Sep 24 22:07:28 2012,http://mail-archives.apache.org/mod_mbox/ctakes-commits/201209.mbox/<20120924220607.0C6BD2388C5D@eris.apache.org>,chenpei
Mon Sep 24 22:07:28 2012,http://mail-archives.apache.org/mod_mbox/ctakes-commits/201209.mbox/<20120924220607.0C6BD2388C5D@eris.apache.org>,chenpei
Mon Sep 24 22:07:28 2012,http://mail-archives.apache.org/mod_mbox/ctakes-commits/201209.mbox/<20120924220607.0C6BD2388C5D@eris.apache.org>,chenpei
Mon Sep 24 22:07:28 2012,http://mail-archives.apache.org/mod_mbox/ctakes-commits/201209.mbox/<20120924220607.0C6BD2388C5D@eris.apache.org>,chenpei
Mon Sep 24 22:07:28 2012,http://mail-archives.apache.org/mod_mbox/ctakes-commits/201209.mbox/<20120924220607.0C6BD2388C5D@eris.apache.org>,chenpei
Mon Sep 24 22:07:28 2012,http://mail-archives.apache.org/mod_mbox/ctakes-commits/201209.mbox/<20120924220607.0C6BD2388C5D@eris.apache.org>,chenpei
Mon Sep 24 22:07:28 2012,http://mail-archives.apache.org/mod_mbox/ctakes-commits/201209.mbox/<20120924220607.0C6BD2388C5D@eris.apache.org>,chenpei
Mon Sep 24 22:07:28 2012,http://mail-archives.apache.org/mod_mbox/ctakes-commits/201209.mbox/<20120924220607.0C6BD2388C5D@eris.apache.org>,chenpei
Mon Sep 24 22:07:28 2012,http://mail-archives.apache.org/mod_mbox/ctakes-commits/201209.mbox/<20120924220607.0C6BD2388C5D@eris.apache.org>,chenpei
Mon Sep 24 22:07:28 2012,http://mail-archives.apache.org/mod_mbox/ctakes-commits/201209.mbox/<20120924220607.0C6BD2388C5D@eris.apache.org>,chenpei
Mon Sep 24 22:07:28 2012,http://mail-archives.apache.org/mod_mbox/ctakes-commits/201209.mbox/<20120924220607.0C6BD2388C5D@eris.apache.org>,chenpei
Mon Sep 24 22:07:28 2012,http://mail-archives.apache.org/mod_mbox/ctakes-commits/201209.mbox/<20120924220607.0C6BD2388C5D@eris.apache.org>,chenpei
Mon Sep 24 22:07:28 2012,http://mail-archives.apache.org/mod_mbox/ctakes-commits/201209.mbox/<20120924220607.0C6BD2388C5D@eris.apache.org>,chenpei
Mon Sep 24 22:07:28 2012,http://mail-archives.apache.org/mod_mbox/ctakes-commits/201209.mbox/<20120924220607.0C6BD2388C5D@eris.apache.org>,chenpei
Mon Sep 24 22:07:28 2012,http://mail-archives.apache.org/mod_mbox/ctakes-commits/201209.mbox/<20120924220607.0C6BD2388C5D@eris.apache.org>,chenpei
Mon Sep 24 22:07:28 2012,http://mail-archives.apache.org/mod_mbox/ctakes-commits/201209.mbox/<20120924220607.0C6BD2388C5D@eris.apache.org>,chenpei
Mon Sep 24 22:07:28 2012,http://mail-archives.apache.org/mod_mbox/ctakes-commits/201209.mbox/<20120924220607.0C6BD2388C5D@eris.apache.org>,chenpei
Mon Sep 24 22:07:28 2012,http://mail-archives.apache.org/mod_mbox/ctakes-commits/201209.mbox/<20120924220607.0C6BD2388C5D@eris.apache.org>,chenpei
Mon Sep 24 22:07:28 2012,http://mail-archives.apache.org/mod_mbox/ctakes-commits/201209.mbox/<20120924220607.0C6BD2388C5D@eris.apache.org>,chenpei
Mon Sep 24 22:07:28 2012,http://mail-archives.apache.org/mod_mbox/ctakes-commits/201209.mbox/<20120924220607.0C6BD2388C5D@eris.apache.org>,chenpei
Mon Sep 24 22:07:28 2012,http://mail-archives.apache.org/mod_mbox/ctakes-commits/201209.mbox/<20120924220607.0C6BD2388C5D@eris.apache.org>,chenpei
Mon Sep 24 22:07:28 2012,http://mail-archives.apache.org/mod_mbox/ctakes-commits/201209.mbox/<20120924220607.0C6BD2388C5D@eris.apache.org>,chenpei
Mon Sep 24 22:07:28 2012,http://mail-archives.apache.org/mod_mbox/ctakes-commits/201209.mbox/<20120924220607.0C6BD2388C5D@eris.apache.org>,chenpei
Mon Sep 24 22:07:28 2012,http://mail-archives.apache.org/mod_mbox/ctakes-commits/201209.mbox/<20120924220607.0C6BD2388C5D@eris.apache.org>,chenpei
Mon Sep 24 22:07:28 2012,http://mail-archives.apache.org/mod_mbox/ctakes-commits/201209.mbox/<20120924220607.0C6BD2388C5D@eris.apache.org>,chenpei
Mon Sep 24 22:07:28 2012,http://mail-archives.apache.org/mod_mbox/ctakes-commits/201209.mbox/<20120924220607.0C6BD2388C5D@eris.apache.org>,chenpei
Mon Sep 24 22:07:28 2012,http://mail-archives.apache.org/mod_mbox/ctakes-commits/201209.mbox/<20120924220607.0C6BD2388C5D@eris.apache.org>,chenpei
Mon Sep 24 22:07:28 2012,http://mail-archives.apache.org/mod_mbox/ctakes-commits/201209.mbox/<20120924220607.0C6BD2388C5D@eris.apache.org>,chenpei
Mon Sep 24 22:07:28 2012,http://mail-archives.apache.org/mod_mbox/ctakes-commits/201209.mbox/<20120924220607.0C6BD2388C5D@eris.apache.org>,chenpei
Mon Sep 24 22:07:28 2012,http://mail-archives.apache.org/mod_mbox/ctakes-commits/201209.mbox/<20120924220607.0C6BD2388C5D@eris.apache.org>,chenpei
Mon Sep 24 22:07:28 2012,http://mail-archives.apache.org/mod_mbox/ctakes-commits/201209.mbox/<20120924220607.0C6BD2388C5D@eris.apache.org>,chenpei
Mon Sep 24 22:07:28 2012,http://mail-archives.apache.org/mod_mbox/ctakes-commits/201209.mbox/<20120924220607.0C6BD2388C5D@eris.apache.org>,chenpei
Mon Sep 24 22:07:28 2012,http://mail-archives.apache.org/mod_mbox/ctakes-commits/201209.mbox/<20120924220607.0C6BD2388C5D@eris.apache.org>,chenpei
Mon Sep 24 22:07:28 2012,http://mail-archives.apache.org/mod_mbox/ctakes-commits/201209.mbox/<20120924220607.0C6BD2388C5D@eris.apache.org>,chenpei
Mon Sep 24 22:07:28 2012,http://mail-archives.apache.org/mod_mbox/ctakes-commits/201209.mbox/<20120924220607.0C6BD2388C5D@eris.apache.org>,chenpei
Mon Sep 24 22:07:28 2012,http://mail-archives.apache.org/mod_mbox/ctakes-commits/201209.mbox/<20120924220607.0C6BD2388C5D@eris.apache.org>,chenpei
Mon Sep 24 22:07:28 2012,http://mail-archives.apache.org/mod_mbox/ctakes-commits/201209.mbox/<20120924220607.0C6BD2388C5D@eris.apache.org>,chenpei
Mon Sep 24 22:07:28 2012,http://mail-archives.apache.org/mod_mbox/ctakes-commits/201209.mbox/<20120924220607.0C6BD2388C5D@eris.apache.org>,chenpei
Mon Sep 24 22:07:28 2012,http://mail-archives.apache.org/mod_mbox/ctakes-commits/201209.mbox/<20120924220607.0C6BD2388C5D@eris.apache.org>,chenpei
Mon Sep 24 22:07:28 2012,http://mail-archives.apache.org/mod_mbox/ctakes-commits/201209.mbox/<20120924220607.0C6BD2388C5D@eris.apache.org>,chenpei
Mon Sep 24 22:07:28 2012,http://mail-archives.apache.org/mod_mbox/ctakes-commits/201209.mbox/<20120924220607.0C6BD2388C5D@eris.apache.org>,chenpei
Mon Sep 24 22:07:28 2012,http://mail-archives.apache.org/mod_mbox/ctakes-commits/201209.mbox/<20120924220607.0C6BD2388C5D@eris.apache.org>,chenpei
Mon Sep 24 22:07:28 2012,http://mail-archives.apache.org/mod_mbox/ctakes-commits/201209.mbox/<20120924220607.0C6BD2388C5D@eris.apache.org>,chenpei
Mon Sep 24 22:07:28 2012,http://mail-archives.apache.org/mod_mbox/ctakes-commits/201209.mbox/<20120924220607.0C6BD2388C5D@eris.apache.org>,chenpei
Mon Sep 24 22:07:28 2012,http://mail-archives.apache.org/mod_mbox/ctakes-commits/201209.mbox/<20120924220607.0C6BD2388C5D@eris.apache.org>,chenpei
Mon Sep 24 22:07:28 2012,http://mail-archives.apache.org/mod_mbox/ctakes-commits/201209.mbox/<20120924220607.0C6BD2388C5D@eris.apache.org>,chenpei
Mon Sep 24 22:07:28 2012,http://mail-archives.apache.org/mod_mbox/ctakes-commits/201209.mbox/<20120924220607.0C6BD2388C5D@eris.apache.org>,chenpei
Mon Sep 24 22:07:28 2012,http://mail-archives.apache.org/mod_mbox/ctakes-commits/201209.mbox/<20120924220607.0C6BD2388C5D@eris.apache.org>,chenpei
Mon Sep 24 22:07:28 2012,http://mail-archives.apache.org/mod_mbox/ctakes-commits/201209.mbox/<20120924220607.0C6BD2388C5D@eris.apache.org>,chenpei
Mon Sep 24 22:07:28 2012,http://mail-archives.apache.org/mod_mbox/ctakes-commits/201209.mbox/<20120924220607.0C6BD2388C5D@eris.apache.org>,chenpei
Mon Sep 24 22:07:28 2012,http://mail-archives.apache.org/mod_mbox/ctakes-commits/201209.mbox/<20120924220607.0C6BD2388C5D@eris.apache.org>,chenpei
Mon Sep 24 22:07:28 2012,http://mail-archives.apache.org/mod_mbox/ctakes-commits/201209.mbox/<20120924220607.0C6BD2388C5D@eris.apache.org>,chenpei
Mon Sep 24 22:07:28 2012,http://mail-archives.apache.org/mod_mbox/ctakes-commits/201209.mbox/<20120924220607.0C6BD2388C5D@eris.apache.org>,chenpei
Mon Sep 24 22:07:28 2012,http://mail-archives.apache.org/mod_mbox/ctakes-commits/201209.mbox/<20120924220607.0C6BD2388C5D@eris.apache.org>,chenpei
Mon Sep 24 22:07:28 2012,http://mail-archives.apache.org/mod_mbox/ctakes-commits/201209.mbox/<20120924220607.0C6BD2388C5D@eris.apache.org>,chenpei
Mon Sep 24 22:07:28 2012,http://mail-archives.apache.org/mod_mbox/ctakes-commits/201209.mbox/<20120924220607.0C6BD2388C5D@eris.apache.org>,chenpei
Mon Sep 24 22:07:28 2012,http://mail-archives.apache.org/mod_mbox/ctakes-commits/201209.mbox/<20120924220607.0C6BD2388C5D@eris.apache.org>,chenpei
Mon Sep 24 22:07:28 2012,http://mail-archives.apache.org/mod_mbox/ctakes-commits/201209.mbox/<20120924220607.0C6BD2388C5D@eris.apache.org>,chenpei
Mon Sep 24 22:07:28 2012,http://mail-archives.apache.org/mod_mbox/ctakes-commits/201209.mbox/<20120924220607.0C6BD2388C5D@eris.apache.org>,chenpei
Mon Sep 24 22:07:28 2012,http://mail-archives.apache.org/mod_mbox/ctakes-commits/201209.mbox/<20120924220607.0C6BD2388C5D@eris.apache.org>,chenpei
Mon Sep 24 22:07:28 2012,http://mail-archives.apache.org/mod_mbox/ctakes-commits/201209.mbox/<20120924220607.0C6BD2388C5D@eris.apache.org>,chenpei
Mon Sep 24 22:07:28 2012,http://mail-archives.apache.org/mod_mbox/ctakes-commits/201209.mbox/<20120924220607.0C6BD2388C5D@eris.apache.org>,chenpei
Mon Sep 24 22:07:28 2012,http://mail-archives.apache.org/mod_mbox/ctakes-commits/201209.mbox/<20120924220607.0C6BD2388C5D@eris.apache.org>,chenpei
Mon Sep 24 22:07:28 2012,http://mail-archives.apache.org/mod_mbox/ctakes-commits/201209.mbox/<20120924220607.0C6BD2388C5D@eris.apache.org>,chenpei
Mon Sep 24 22:07:28 2012,http://mail-archives.apache.org/mod_mbox/ctakes-commits/201209.mbox/<20120924220607.0C6BD2388C5D@eris.apache.org>,chenpei
Mon Sep 24 22:07:28 2012,http://mail-archives.apache.org/mod_mbox/ctakes-commits/201209.mbox/<20120924220607.0C6BD2388C5D@eris.apache.org>,chenpei
Mon Sep 24 22:07:28 2012,http://mail-archives.apache.org/mod_mbox/ctakes-commits/201209.mbox/<20120924220607.0C6BD2388C5D@eris.apache.org>,chenpei
Mon Sep 24 22:07:28 2012,http://mail-archives.apache.org/mod_mbox/ctakes-commits/201209.mbox/<20120924220607.0C6BD2388C5D@eris.apache.org>,chenpei
Mon Sep 24 22:07:28 2012,http://mail-archives.apache.org/mod_mbox/ctakes-commits/201209.mbox/<20120924220607.0C6BD2388C5D@eris.apache.org>,chenpei
Mon Sep 24 22:07:28 2012,http://mail-archives.apache.org/mod_mbox/ctakes-commits/201209.mbox/<20120924220607.0C6BD2388C5D@eris.apache.org>,chenpei
Mon Sep 24 22:07:28 2012,http://mail-archives.apache.org/mod_mbox/ctakes-commits/201209.mbox/<20120924220607.0C6BD2388C5D@eris.apache.org>,chenpei
Mon Sep 24 22:07:28 2012,http://mail-archives.apache.org/mod_mbox/ctakes-commits/201209.mbox/<20120924220607.0C6BD2388C5D@eris.apache.org>,chenpei
Mon Sep 24 22:07:28 2012,http://mail-archives.apache.org/mod_mbox/ctakes-commits/201209.mbox/<20120924220607.0C6BD2388C5D@eris.apache.org>,chenpei
Mon Sep 24 22:07:28 2012,http://mail-archives.apache.org/mod_mbox/ctakes-commits/201209.mbox/<20120924220607.0C6BD2388C5D@eris.apache.org>,chenpei
Mon Sep 24 22:07:28 2012,http://mail-archives.apache.org/mod_mbox/ctakes-commits/201209.mbox/<20120924220607.0C6BD2388C5D@eris.apache.org>,chenpei
Mon Sep 24 22:07:28 2012,http://mail-archives.apache.org/mod_mbox/ctakes-commits/201209.mbox/<20120924220607.0C6BD2388C5D@eris.apache.org>,chenpei
Mon Sep 24 22:07:28 2012,http://mail-archives.apache.org/mod_mbox/ctakes-commits/201209.mbox/<20120924220607.0C6BD2388C5D@eris.apache.org>,chenpei
Mon Sep 24 22:07:28 2012,http://mail-archives.apache.org/mod_mbox/ctakes-commits/201209.mbox/<20120924220607.0C6BD2388C5D@eris.apache.org>,chenpei
Mon Sep 24 22:07:28 2012,http://mail-archives.apache.org/mod_mbox/ctakes-commits/201209.mbox/<20120924220607.0C6BD2388C5D@eris.apache.org>,chenpei
Mon Sep 24 22:07:28 2012,http://mail-archives.apache.org/mod_mbox/ctakes-commits/201209.mbox/<20120924220607.0C6BD2388C5D@eris.apache.org>,chenpei
Mon Sep 24 22:07:28 2012,http://mail-archives.apache.org/mod_mbox/ctakes-commits/201209.mbox/<20120924220607.0C6BD2388C5D@eris.apache.org>,chenpei
Mon Sep 24 22:07:28 2012,http://mail-archives.apache.org/mod_mbox/ctakes-commits/201209.mbox/<20120924220607.0C6BD2388C5D@eris.apache.org>,chenpei
Mon Sep 24 22:07:28 2012,http://mail-archives.apache.org/mod_mbox/ctakes-commits/201209.mbox/<20120924220607.0C6BD2388C5D@eris.apache.org>,chenpei
Mon Sep 24 22:07:28 2012,http://mail-archives.apache.org/mod_mbox/ctakes-commits/201209.mbox/<20120924220607.0C6BD2388C5D@eris.apache.org>,chenpei
Mon Sep 24 22:07:28 2012,http://mail-archives.apache.org/mod_mbox/ctakes-commits/201209.mbox/<20120924220607.0C6BD2388C5D@eris.apache.org>,chenpei
Mon Sep 24 22:07:28 2012,http://mail-archives.apache.org/mod_mbox/ctakes-commits/201209.mbox/<20120924220607.0C6BD2388C5D@eris.apache.org>,chenpei
Mon Sep 24 22:07:28 2012,http://mail-archives.apache.org/mod_mbox/ctakes-commits/201209.mbox/<20120924220607.0C6BD2388C5D@eris.apache.org>,chenpei
Mon Sep 24 22:07:28 2012,http://mail-archives.apache.org/mod_mbox/ctakes-commits/201209.mbox/<20120924220607.0C6BD2388C5D@eris.apache.org>,chenpei
Mon Sep 24 22:07:28 2012,http://mail-archives.apache.org/mod_mbox/ctakes-commits/201209.mbox/<20120924220607.0C6BD2388C5D@eris.apache.org>,chenpei
Mon Sep 24 22:07:28 2012,http://mail-archives.apache.org/mod_mbox/ctakes-commits/201209.mbox/<20120924220607.0C6BD2388C5D@eris.apache.org>,chenpei
Mon Sep 24 22:07:28 2012,http://mail-archives.apache.org/mod_mbox/ctakes-commits/201209.mbox/<20120924220607.0C6BD2388C5D@eris.apache.org>,chenpei
Mon Sep 24 22:07:28 2012,http://mail-archives.apache.org/mod_mbox/ctakes-commits/201209.mbox/<20120924220607.0C6BD2388C5D@eris.apache.org>,chenpei
Mon Sep 24 22:07:28 2012,http://mail-archives.apache.org/mod_mbox/ctakes-commits/201209.mbox/<20120924220607.0C6BD2388C5D@eris.apache.org>,chenpei
Mon Sep 24 22:07:28 2012,http://mail-archives.apache.org/mod_mbox/ctakes-commits/201209.mbox/<20120924220607.0C6BD2388C5D@eris.apache.org>,chenpei
Mon Sep 24 22:07:28 2012,http://mail-archives.apache.org/mod_mbox/ctakes-commits/201209.mbox/<20120924220607.0C6BD2388C5D@eris.apache.org>,chenpei
Mon Sep 24 22:07:28 2012,http://mail-archives.apache.org/mod_mbox/ctakes-commits/201209.mbox/<20120924220607.0C6BD2388C5D@eris.apache.org>,chenpei
Mon Sep 24 22:07:28 2012,http://mail-archives.apache.org/mod_mbox/ctakes-commits/201209.mbox/<20120924220607.0C6BD2388C5D@eris.apache.org>,chenpei
Mon Sep 24 22:07:28 2012,http://mail-archives.apache.org/mod_mbox/ctakes-commits/201209.mbox/<20120924220607.0C6BD2388C5D@eris.apache.org>,chenpei
Mon Sep 24 22:07:28 2012,http://mail-archives.apache.org/mod_mbox/ctakes-commits/201209.mbox/<20120924220607.0C6BD2388C5D@eris.apache.org>,chenpei
Mon Sep 24 22:07:28 2012,http://mail-archives.apache.org/mod_mbox/ctakes-commits/201209.mbox/<20120924220607.0C6BD2388C5D@eris.apache.org>,chenpei
Mon Sep 24 22:07:28 2012,http://mail-archives.apache.org/mod_mbox/ctakes-commits/201209.mbox/<20120924220607.0C6BD2388C5D@eris.apache.org>,chenpei
Mon Sep 24 22:07:28 2012,http://mail-archives.apache.org/mod_mbox/ctakes-commits/201209.mbox/<20120924220607.0C6BD2388C5D@eris.apache.org>,chenpei
Mon Sep 24 22:07:28 2012,http://mail-archives.apache.org/mod_mbox/ctakes-commits/201209.mbox/<20120924220607.0C6BD2388C5D@eris.apache.org>,chenpei
Mon Sep 24 22:07:28 2012,http://mail-archives.apache.org/mod_mbox/ctakes-commits/201209.mbox/<20120924220607.0C6BD2388C5D@eris.apache.org>,chenpei
Mon Sep 24 22:07:28 2012,http://mail-archives.apache.org/mod_mbox/ctakes-commits/201209.mbox/<20120924220607.0C6BD2388C5D@eris.apache.org>,chenpei
Mon Sep 24 22:07:28 2012,http://mail-archives.apache.org/mod_mbox/ctakes-commits/201209.mbox/<20120924220607.0C6BD2388C5D@eris.apache.org>,chenpei
Mon Sep 24 22:07:28 2012,http://mail-archives.apache.org/mod_mbox/ctakes-commits/201209.mbox/<20120924220607.0C6BD2388C5D@eris.apache.org>,chenpei
Mon Sep 24 22:07:28 2012,http://mail-archives.apache.org/mod_mbox/ctakes-commits/201209.mbox/<20120924220607.0C6BD2388C5D@eris.apache.org>,chenpei
Mon Sep 24 22:07:28 2012,http://mail-archives.apache.org/mod_mbox/ctakes-commits/201209.mbox/<20120924220607.0C6BD2388C5D@eris.apache.org>,chenpei
Mon Sep 24 22:07:28 2012,http://mail-archives.apache.org/mod_mbox/ctakes-commits/201209.mbox/<20120924220607.0C6BD2388C5D@eris.apache.org>,chenpei
Mon Sep 24 22:07:28 2012,http://mail-archives.apache.org/mod_mbox/ctakes-commits/201209.mbox/<20120924220607.0C6BD2388C5D@eris.apache.org>,chenpei
Mon Sep 24 22:07:28 2012,http://mail-archives.apache.org/mod_mbox/ctakes-commits/201209.mbox/<20120924220607.0C6BD2388C5D@eris.apache.org>,chenpei
Mon Sep 24 22:07:28 2012,http://mail-archives.apache.org/mod_mbox/ctakes-commits/201209.mbox/<20120924220607.0C6BD2388C5D@eris.apache.org>,chenpei
Mon Sep 24 22:07:28 2012,http://mail-archives.apache.org/mod_mbox/ctakes-commits/201209.mbox/<20120924220607.0C6BD2388C5D@eris.apache.org>,chenpei
Mon Sep 24 22:07:28 2012,http://mail-archives.apache.org/mod_mbox/ctakes-commits/201209.mbox/<20120924220607.0C6BD2388C5D@eris.apache.org>,chenpei
Mon Sep 24 22:07:28 2012,http://mail-archives.apache.org/mod_mbox/ctakes-commits/201209.mbox/<20120924220607.0C6BD2388C5D@eris.apache.org>,chenpei
Mon Sep 24 22:07:28 2012,http://mail-archives.apache.org/mod_mbox/ctakes-commits/201209.mbox/<20120924220607.0C6BD2388C5D@eris.apache.org>,chenpei
Mon Sep 24 22:07:28 2012,http://mail-archives.apache.org/mod_mbox/ctakes-commits/201209.mbox/<20120924220607.0C6BD2388C5D@eris.apache.org>,chenpei
Mon Sep 24 22:07:28 2012,http://mail-archives.apache.org/mod_mbox/ctakes-commits/201209.mbox/<20120924220607.0C6BD2388C5D@eris.apache.org>,chenpei
Mon Sep 24 22:07:28 2012,http://mail-archives.apache.org/mod_mbox/ctakes-commits/201209.mbox/<20120924220607.0C6BD2388C5D@eris.apache.org>,chenpei
Mon Sep 24 22:07:28 2012,http://mail-archives.apache.org/mod_mbox/ctakes-commits/201209.mbox/<20120924220607.0C6BD2388C5D@eris.apache.org>,chenpei
Mon Sep 24 22:07:28 2012,http://mail-archives.apache.org/mod_mbox/ctakes-commits/201209.mbox/<20120924220607.0C6BD2388C5D@eris.apache.org>,chenpei
Mon Sep 24 22:07:28 2012,http://mail-archives.apache.org/mod_mbox/ctakes-commits/201209.mbox/<20120924220607.0C6BD2388C5D@eris.apache.org>,chenpei
Mon Sep 24 22:07:28 2012,http://mail-archives.apache.org/mod_mbox/ctakes-commits/201209.mbox/<20120924220607.0C6BD2388C5D@eris.apache.org>,chenpei
Mon Sep 24 22:07:28 2012,http://mail-archives.apache.org/mod_mbox/ctakes-commits/201209.mbox/<20120924220607.0C6BD2388C5D@eris.apache.org>,chenpei
Mon Sep 24 22:07:28 2012,http://mail-archives.apache.org/mod_mbox/ctakes-commits/201209.mbox/<20120924220607.0C6BD2388C5D@eris.apache.org>,chenpei
Mon Sep 24 22:07:28 2012,http://mail-archives.apache.org/mod_mbox/ctakes-commits/201209.mbox/<20120924220607.0C6BD2388C5D@eris.apache.org>,chenpei
Mon Sep 24 22:07:28 2012,http://mail-archives.apache.org/mod_mbox/ctakes-commits/201209.mbox/<20120924220607.0C6BD2388C5D@eris.apache.org>,chenpei
Mon Sep 24 22:07:28 2012,http://mail-archives.apache.org/mod_mbox/ctakes-commits/201209.mbox/<20120924220607.0C6BD2388C5D@eris.apache.org>,chenpei
Mon Sep 24 22:07:28 2012,http://mail-archives.apache.org/mod_mbox/ctakes-commits/201209.mbox/<20120924220607.0C6BD2388C5D@eris.apache.org>,chenpei
Mon Sep 24 22:07:28 2012,http://mail-archives.apache.org/mod_mbox/ctakes-commits/201209.mbox/<20120924220607.0C6BD2388C5D@eris.apache.org>,chenpei
Mon Sep 24 22:07:28 2012,http://mail-archives.apache.org/mod_mbox/ctakes-commits/201209.mbox/<20120924220607.0C6BD2388C5D@eris.apache.org>,chenpei
Mon Sep 24 22:07:28 2012,http://mail-archives.apache.org/mod_mbox/ctakes-commits/201209.mbox/<20120924220607.0C6BD2388C5D@eris.apache.org>,chenpei
Mon Sep 24 22:07:28 2012,http://mail-archives.apache.org/mod_mbox/ctakes-commits/201209.mbox/<20120924220607.0C6BD2388C5D@eris.apache.org>,chenpei
Mon Sep 24 22:07:28 2012,http://mail-archives.apache.org/mod_mbox/ctakes-commits/201209.mbox/<20120924220607.0C6BD2388C5D@eris.apache.org>,chenpei
Mon Sep 24 22:07:28 2012,http://mail-archives.apache.org/mod_mbox/ctakes-commits/201209.mbox/<20120924220607.0C6BD2388C5D@eris.apache.org>,chenpei
Mon Sep 24 22:07:28 2012,http://mail-archives.apache.org/mod_mbox/ctakes-commits/201209.mbox/<20120924220607.0C6BD2388C5D@eris.apache.org>,chenpei
Mon Sep 24 22:07:28 2012,http://mail-archives.apache.org/mod_mbox/ctakes-commits/201209.mbox/<20120924220607.0C6BD2388C5D@eris.apache.org>,chenpei
Mon Sep 24 22:07:28 2012,http://mail-archives.apache.org/mod_mbox/ctakes-commits/201209.mbox/<20120924220607.0C6BD2388C5D@eris.apache.org>,chenpei
Mon Sep 24 22:07:28 2012,http://mail-archives.apache.org/mod_mbox/ctakes-commits/201209.mbox/<20120924220607.0C6BD2388C5D@eris.apache.org>,chenpei
Mon Sep 24 22:07:28 2012,http://mail-archives.apache.org/mod_mbox/ctakes-commits/201209.mbox/<20120924220607.0C6BD2388C5D@eris.apache.org>,chenpei
Mon Sep 24 22:07:28 2012,http://mail-archives.apache.org/mod_mbox/ctakes-commits/201209.mbox/<20120924220607.0C6BD2388C5D@eris.apache.org>,chenpei
Mon Sep 24 22:07:28 2012,http://mail-archives.apache.org/mod_mbox/ctakes-commits/201209.mbox/<20120924220607.0C6BD2388C5D@eris.apache.org>,chenpei
Mon Sep 24 22:07:28 2012,http://mail-archives.apache.org/mod_mbox/ctakes-commits/201209.mbox/<20120924220607.0C6BD2388C5D@eris.apache.org>,chenpei
Mon Sep 24 22:07:28 2012,http://mail-archives.apache.org/mod_mbox/ctakes-commits/201209.mbox/<20120924220607.0C6BD2388C5D@eris.apache.org>,chenpei
Mon Sep 24 22:07:28 2012,http://mail-archives.apache.org/mod_mbox/ctakes-commits/201209.mbox/<20120924220607.0C6BD2388C5D@eris.apache.org>,chenpei
Mon Sep 24 22:07:28 2012,http://mail-archives.apache.org/mod_mbox/ctakes-commits/201209.mbox/<20120924220607.0C6BD2388C5D@eris.apache.org>,chenpei
Mon Sep 24 22:07:28 2012,http://mail-archives.apache.org/mod_mbox/ctakes-commits/201209.mbox/<20120924220607.0C6BD2388C5D@eris.apache.org>,chenpei
Mon Sep 24 22:07:28 2012,http://mail-archives.apache.org/mod_mbox/ctakes-commits/201209.mbox/<20120924220607.0C6BD2388C5D@eris.apache.org>,chenpei
Mon Sep 24 22:07:28 2012,http://mail-archives.apache.org/mod_mbox/ctakes-commits/201209.mbox/<20120924220607.0C6BD2388C5D@eris.apache.org>,chenpei
Mon Sep 24 22:07:28 2012,http://mail-archives.apache.org/mod_mbox/ctakes-commits/201209.mbox/<20120924220607.0C6BD2388C5D@eris.apache.org>,chenpei
Mon Sep 24 22:07:28 2012,http://mail-archives.apache.org/mod_mbox/ctakes-commits/201209.mbox/<20120924220607.0C6BD2388C5D@eris.apache.org>,chenpei
Mon Sep 24 22:07:28 2012,http://mail-archives.apache.org/mod_mbox/ctakes-commits/201209.mbox/<20120924220607.0C6BD2388C5D@eris.apache.org>,chenpei
Mon Sep 24 22:07:28 2012,http://mail-archives.apache.org/mod_mbox/ctakes-commits/201209.mbox/<20120924220607.0C6BD2388C5D@eris.apache.org>,chenpei
Mon Sep 24 22:07:28 2012,http://mail-archives.apache.org/mod_mbox/ctakes-commits/201209.mbox/<20120924220607.0C6BD2388C5D@eris.apache.org>,chenpei
Mon Sep 24 22:07:28 2012,http://mail-archives.apache.org/mod_mbox/ctakes-commits/201209.mbox/<20120924220607.0C6BD2388C5D@eris.apache.org>,chenpei
Mon Sep 24 22:07:28 2012,http://mail-archives.apache.org/mod_mbox/ctakes-commits/201209.mbox/<20120924220607.0C6BD2388C5D@eris.apache.org>,chenpei
Mon Sep 24 22:07:28 2012,http://mail-archives.apache.org/mod_mbox/ctakes-commits/201209.mbox/<20120924220607.0C6BD2388C5D@eris.apache.org>,chenpei
Mon Sep 24 22:07:28 2012,http://mail-archives.apache.org/mod_mbox/ctakes-commits/201209.mbox/<20120924220607.0C6BD2388C5D@eris.apache.org>,chenpei
Mon Sep 24 22:07:28 2012,http://mail-archives.apache.org/mod_mbox/ctakes-commits/201209.mbox/<20120924220607.0C6BD2388C5D@eris.apache.org>,chenpei
Mon Sep 24 22:07:28 2012,http://mail-archives.apache.org/mod_mbox/ctakes-commits/201209.mbox/<20120924220607.0C6BD2388C5D@eris.apache.org>,chenpei
Mon Sep 24 22:07:28 2012,http://mail-archives.apache.org/mod_mbox/ctakes-commits/201209.mbox/<20120924220607.0C6BD2388C5D@eris.apache.org>,chenpei
Mon Sep 24 22:07:28 2012,http://mail-archives.apache.org/mod_mbox/ctakes-commits/201209.mbox/<20120924220607.0C6BD2388C5D@eris.apache.org>,chenpei
Mon Sep 24 22:07:28 2012,http://mail-archives.apache.org/mod_mbox/ctakes-commits/201209.mbox/<20120924220607.0C6BD2388C5D@eris.apache.org>,chenpei
Mon Sep 24 22:07:28 2012,http://mail-archives.apache.org/mod_mbox/ctakes-commits/201209.mbox/<20120924220607.0C6BD2388C5D@eris.apache.org>,chenpei
Mon Sep 24 22:07:28 2012,http://mail-archives.apache.org/mod_mbox/ctakes-commits/201209.mbox/<20120924220607.0C6BD2388C5D@eris.apache.org>,chenpei
Mon Sep 24 22:07:28 2012,http://mail-archives.apache.org/mod_mbox/ctakes-commits/201209.mbox/<20120924220607.0C6BD2388C5D@eris.apache.org>,chenpei
Mon Sep 24 22:07:28 2012,http://mail-archives.apache.org/mod_mbox/ctakes-commits/201209.mbox/<20120924220607.0C6BD2388C5D@eris.apache.org>,chenpei
Mon Sep 24 22:07:28 2012,http://mail-archives.apache.org/mod_mbox/ctakes-commits/201209.mbox/<20120924220607.0C6BD2388C5D@eris.apache.org>,chenpei
Mon Sep 24 22:07:28 2012,http://mail-archives.apache.org/mod_mbox/ctakes-commits/201209.mbox/<20120924220607.0C6BD2388C5D@eris.apache.org>,chenpei
Mon Sep 24 22:07:28 2012,http://mail-archives.apache.org/mod_mbox/ctakes-commits/201209.mbox/<20120924220607.0C6BD2388C5D@eris.apache.org>,chenpei
Mon Sep 24 22:07:28 2012,http://mail-archives.apache.org/mod_mbox/ctakes-commits/201209.mbox/<20120924220607.0C6BD2388C5D@eris.apache.org>,chenpei
Mon Sep 24 22:07:28 2012,http://mail-archives.apache.org/mod_mbox/ctakes-commits/201209.mbox/<20120924220607.0C6BD2388C5D@eris.apache.org>,chenpei
Mon Sep 24 22:07:28 2012,http://mail-archives.apache.org/mod_mbox/ctakes-commits/201209.mbox/<20120924220607.0C6BD2388C5D@eris.apache.org>,chenpei
Mon Sep 24 22:07:28 2012,http://mail-archives.apache.org/mod_mbox/ctakes-commits/201209.mbox/<20120924220607.0C6BD2388C5D@eris.apache.org>,chenpei
Mon Sep 24 22:07:28 2012,http://mail-archives.apache.org/mod_mbox/ctakes-commits/201209.mbox/<20120924220607.0C6BD2388C5D@eris.apache.org>,chenpei
Mon Sep 24 22:07:28 2012,http://mail-archives.apache.org/mod_mbox/ctakes-commits/201209.mbox/<20120924220607.0C6BD2388C5D@eris.apache.org>,chenpei
Mon Sep 24 22:07:28 2012,http://mail-archives.apache.org/mod_mbox/ctakes-commits/201209.mbox/<20120924220607.0C6BD2388C5D@eris.apache.org>,chenpei
Mon Sep 24 22:07:28 2012,http://mail-archives.apache.org/mod_mbox/ctakes-commits/201209.mbox/<20120924220607.0C6BD2388C5D@eris.apache.org>,chenpei
Mon Sep 24 22:07:28 2012,http://mail-archives.apache.org/mod_mbox/ctakes-commits/201209.mbox/<20120924220607.0C6BD2388C5D@eris.apache.org>,chenpei
Mon Sep 24 22:07:28 2012,http://mail-archives.apache.org/mod_mbox/ctakes-commits/201209.mbox/<20120924220607.0C6BD2388C5D@eris.apache.org>,chenpei
Mon Sep 24 22:07:28 2012,http://mail-archives.apache.org/mod_mbox/ctakes-commits/201209.mbox/<20120924220607.0C6BD2388C5D@eris.apache.org>,chenpei
Mon Sep 24 22:07:28 2012,http://mail-archives.apache.org/mod_mbox/ctakes-commits/201209.mbox/<20120924220607.0C6BD2388C5D@eris.apache.org>,chenpei
Mon Sep 24 22:07:28 2012,http://mail-archives.apache.org/mod_mbox/ctakes-commits/201209.mbox/<20120924220607.0C6BD2388C5D@eris.apache.org>,chenpei
Mon Sep 24 22:07:28 2012,http://mail-archives.apache.org/mod_mbox/ctakes-commits/201209.mbox/<20120924220607.0C6BD2388C5D@eris.apache.org>,chenpei
Mon Sep 24 22:07:28 2012,http://mail-archives.apache.org/mod_mbox/ctakes-commits/201209.mbox/<20120924220607.0C6BD2388C5D@eris.apache.org>,chenpei
Mon Sep 24 22:07:28 2012,http://mail-archives.apache.org/mod_mbox/ctakes-commits/201209.mbox/<20120924220607.0C6BD2388C5D@eris.apache.org>,chenpei
Mon Sep 24 22:07:28 2012,http://mail-archives.apache.org/mod_mbox/ctakes-commits/201209.mbox/<20120924220607.0C6BD2388C5D@eris.apache.org>,chenpei
Mon Sep 24 22:07:28 2012,http://mail-archives.apache.org/mod_mbox/ctakes-commits/201209.mbox/<20120924220607.0C6BD2388C5D@eris.apache.org>,chenpei
Mon Sep 24 22:07:28 2012,http://mail-archives.apache.org/mod_mbox/ctakes-commits/201209.mbox/<20120924220607.0C6BD2388C5D@eris.apache.org>,chenpei
Mon Sep 24 22:07:28 2012,http://mail-archives.apache.org/mod_mbox/ctakes-commits/201209.mbox/<20120924220607.0C6BD2388C5D@eris.apache.org>,chenpei
Mon Sep 24 22:07:28 2012,http://mail-archives.apache.org/mod_mbox/ctakes-commits/201209.mbox/<20120924220607.0C6BD2388C5D@eris.apache.org>,chenpei
Mon Sep 24 22:07:28 2012,http://mail-archives.apache.org/mod_mbox/ctakes-commits/201209.mbox/<20120924220607.0C6BD2388C5D@eris.apache.org>,chenpei
Mon Sep 24 22:07:28 2012,http://mail-archives.apache.org/mod_mbox/ctakes-commits/201209.mbox/<20120924220607.0C6BD2388C5D@eris.apache.org>,chenpei
Mon Sep 24 22:07:28 2012,http://mail-archives.apache.org/mod_mbox/ctakes-commits/201209.mbox/<20120924220607.0C6BD2388C5D@eris.apache.org>,chenpei
Mon Sep 24 22:07:28 2012,http://mail-archives.apache.org/mod_mbox/ctakes-commits/201209.mbox/<20120924220607.0C6BD2388C5D@eris.apache.org>,chenpei
Mon Sep 24 22:07:28 2012,http://mail-archives.apache.org/mod_mbox/ctakes-commits/201209.mbox/<20120924220607.0C6BD2388C5D@eris.apache.org>,chenpei
Mon Sep 24 22:07:28 2012,http://mail-archives.apache.org/mod_mbox/ctakes-commits/201209.mbox/<20120924220607.0C6BD2388C5D@eris.apache.org>,chenpei
Mon Sep 24 22:07:28 2012,http://mail-archives.apache.org/mod_mbox/ctakes-commits/201209.mbox/<20120924220607.0C6BD2388C5D@eris.apache.org>,chenpei
Mon Sep 24 22:07:28 2012,http://mail-archives.apache.org/mod_mbox/ctakes-commits/201209.mbox/<20120924220607.0C6BD2388C5D@eris.apache.org>,chenpei
Mon Sep 24 22:07:28 2012,http://mail-archives.apache.org/mod_mbox/ctakes-commits/201209.mbox/<20120924220607.0C6BD2388C5D@eris.apache.org>,chenpei
Mon Sep 24 22:07:28 2012,http://mail-archives.apache.org/mod_mbox/ctakes-commits/201209.mbox/<20120924220607.0C6BD2388C5D@eris.apache.org>,chenpei
Mon Sep 24 22:07:28 2012,http://mail-archives.apache.org/mod_mbox/ctakes-commits/201209.mbox/<20120924220607.0C6BD2388C5D@eris.apache.org>,chenpei
Mon Sep 24 22:07:28 2012,http://mail-archives.apache.org/mod_mbox/ctakes-commits/201209.mbox/<20120924220607.0C6BD2388C5D@eris.apache.org>,chenpei
Mon Sep 24 22:07:28 2012,http://mail-archives.apache.org/mod_mbox/ctakes-commits/201209.mbox/<20120924220607.0C6BD2388C5D@eris.apache.org>,chenpei
Mon Sep 24 22:07:28 2012,http://mail-archives.apache.org/mod_mbox/ctakes-commits/201209.mbox/<20120924220607.0C6BD2388C5D@eris.apache.org>,chenpei
Mon Sep 24 22:07:28 2012,http://mail-archives.apache.org/mod_mbox/ctakes-commits/201209.mbox/<20120924220607.0C6BD2388C5D@eris.apache.org>,chenpei
Mon Sep 24 22:07:28 2012,http://mail-archives.apache.org/mod_mbox/ctakes-commits/201209.mbox/<20120924220607.0C6BD2388C5D@eris.apache.org>,chenpei
Mon Sep 24 22:07:28 2012,http://mail-archives.apache.org/mod_mbox/ctakes-commits/201209.mbox/<20120924220607.0C6BD2388C5D@eris.apache.org>,chenpei
Mon Sep 24 22:07:28 2012,http://mail-archives.apache.org/mod_mbox/ctakes-commits/201209.mbox/<20120924220607.0C6BD2388C5D@eris.apache.org>,chenpei
Mon Sep 24 22:07:28 2012,http://mail-archives.apache.org/mod_mbox/ctakes-commits/201209.mbox/<20120924220607.0C6BD2388C5D@eris.apache.org>,chenpei
Mon Sep 24 22:07:28 2012,http://mail-archives.apache.org/mod_mbox/ctakes-commits/201209.mbox/<20120924220607.0C6BD2388C5D@eris.apache.org>,chenpei
Mon Sep 24 22:07:28 2012,http://mail-archives.apache.org/mod_mbox/ctakes-commits/201209.mbox/<20120924220607.0C6BD2388C5D@eris.apache.org>,chenpei
Mon Sep 24 22:07:28 2012,http://mail-archives.apache.org/mod_mbox/ctakes-commits/201209.mbox/<20120924220607.0C6BD2388C5D@eris.apache.org>,chenpei
Mon Sep 24 22:07:28 2012,http://mail-archives.apache.org/mod_mbox/ctakes-commits/201209.mbox/<20120924220607.0C6BD2388C5D@eris.apache.org>,chenpei
Mon Sep 24 22:07:28 2012,http://mail-archives.apache.org/mod_mbox/ctakes-commits/201209.mbox/<20120924220607.0C6BD2388C5D@eris.apache.org>,chenpei
Mon Sep 24 22:07:28 2012,http://mail-archives.apache.org/mod_mbox/ctakes-commits/201209.mbox/<20120924220607.0C6BD2388C5D@eris.apache.org>,chenpei
Mon Sep 24 22:07:28 2012,http://mail-archives.apache.org/mod_mbox/ctakes-commits/201209.mbox/<20120924220607.0C6BD2388C5D@eris.apache.org>,chenpei
Mon Sep 24 22:07:28 2012,http://mail-archives.apache.org/mod_mbox/ctakes-commits/201209.mbox/<20120924220607.0C6BD2388C5D@eris.apache.org>,chenpei
Mon Sep 24 22:07:28 2012,http://mail-archives.apache.org/mod_mbox/ctakes-commits/201209.mbox/<20120924220607.0C6BD2388C5D@eris.apache.org>,chenpei
Mon Sep 24 22:07:28 2012,http://mail-archives.apache.org/mod_mbox/ctakes-commits/201209.mbox/<20120924220607.0C6BD2388C5D@eris.apache.org>,chenpei
Mon Sep 24 22:07:28 2012,http://mail-archives.apache.org/mod_mbox/ctakes-commits/201209.mbox/<20120924220607.0C6BD2388C5D@eris.apache.org>,chenpei
Mon Sep 24 22:07:28 2012,http://mail-archives.apache.org/mod_mbox/ctakes-commits/201209.mbox/<20120924220607.0C6BD2388C5D@eris.apache.org>,chenpei
Mon Sep 24 22:07:28 2012,http://mail-archives.apache.org/mod_mbox/ctakes-commits/201209.mbox/<20120924220607.0C6BD2388C5D@eris.apache.org>,chenpei
Mon Sep 24 22:07:28 2012,http://mail-archives.apache.org/mod_mbox/ctakes-commits/201209.mbox/<20120924220607.0C6BD2388C5D@eris.apache.org>,chenpei
Mon Sep 24 22:07:28 2012,http://mail-archives.apache.org/mod_mbox/ctakes-commits/201209.mbox/<20120924220607.0C6BD2388C5D@eris.apache.org>,chenpei
Mon Sep 24 22:07:28 2012,http://mail-archives.apache.org/mod_mbox/ctakes-commits/201209.mbox/<20120924220607.0C6BD2388C5D@eris.apache.org>,chenpei
Mon Sep 24 22:07:28 2012,http://mail-archives.apache.org/mod_mbox/ctakes-commits/201209.mbox/<20120924220607.0C6BD2388C5D@eris.apache.org>,chenpei
Mon Sep 24 22:07:28 2012,http://mail-archives.apache.org/mod_mbox/ctakes-commits/201209.mbox/<20120924220607.0C6BD2388C5D@eris.apache.org>,chenpei
Mon Sep 24 22:07:28 2012,http://mail-archives.apache.org/mod_mbox/ctakes-commits/201209.mbox/<20120924220607.0C6BD2388C5D@eris.apache.org>,chenpei
Mon Sep 24 22:07:28 2012,http://mail-archives.apache.org/mod_mbox/ctakes-commits/201209.mbox/<20120924220607.0C6BD2388C5D@eris.apache.org>,chenpei
Mon Sep 24 22:07:28 2012,http://mail-archives.apache.org/mod_mbox/ctakes-commits/201209.mbox/<20120924220607.0C6BD2388C5D@eris.apache.org>,chenpei
Mon Sep 24 22:07:28 2012,http://mail-archives.apache.org/mod_mbox/ctakes-commits/201209.mbox/<20120924220607.0C6BD2388C5D@eris.apache.org>,chenpei
Mon Sep 24 22:07:28 2012,http://mail-archives.apache.org/mod_mbox/ctakes-commits/201209.mbox/<20120924220607.0C6BD2388C5D@eris.apache.org>,chenpei
Mon Sep 24 22:07:28 2012,http://mail-archives.apache.org/mod_mbox/ctakes-commits/201209.mbox/<20120924220607.0C6BD2388C5D@eris.apache.org>,chenpei
Mon Sep 24 22:07:28 2012,http://mail-archives.apache.org/mod_mbox/ctakes-commits/201209.mbox/<20120924220607.0C6BD2388C5D@eris.apache.org>,chenpei
Mon Sep 24 22:07:28 2012,http://mail-archives.apache.org/mod_mbox/ctakes-commits/201209.mbox/<20120924220607.0C6BD2388C5D@eris.apache.org>,chenpei
Mon Sep 24 22:07:28 2012,http://mail-archives.apache.org/mod_mbox/ctakes-commits/201209.mbox/<20120924220607.0C6BD2388C5D@eris.apache.org>,chenpei
Mon Sep 24 22:07:28 2012,http://mail-archives.apache.org/mod_mbox/ctakes-commits/201209.mbox/<20120924220607.0C6BD2388C5D@eris.apache.org>,chenpei
Mon Sep 24 22:07:28 2012,http://mail-archives.apache.org/mod_mbox/ctakes-commits/201209.mbox/<20120924220607.0C6BD2388C5D@eris.apache.org>,chenpei
Mon Sep 24 22:07:28 2012,http://mail-archives.apache.org/mod_mbox/ctakes-commits/201209.mbox/<20120924220607.0C6BD2388C5D@eris.apache.org>,chenpei
Mon Sep 24 22:07:28 2012,http://mail-archives.apache.org/mod_mbox/ctakes-commits/201209.mbox/<20120924220607.0C6BD2388C5D@eris.apache.org>,chenpei
Mon Sep 24 22:07:28 2012,http://mail-archives.apache.org/mod_mbox/ctakes-commits/201209.mbox/<20120924220607.0C6BD2388C5D@eris.apache.org>,chenpei
Mon Sep 24 22:07:28 2012,http://mail-archives.apache.org/mod_mbox/ctakes-commits/201209.mbox/<20120924220607.0C6BD2388C5D@eris.apache.org>,chenpei
Mon Sep 24 22:07:28 2012,http://mail-archives.apache.org/mod_mbox/ctakes-commits/201209.mbox/<20120924220607.0C6BD2388C5D@eris.apache.org>,chenpei
Mon Sep 24 22:07:28 2012,http://mail-archives.apache.org/mod_mbox/ctakes-commits/201209.mbox/<20120924220607.0C6BD2388C5D@eris.apache.org>,chenpei
Mon Sep 24 22:07:28 2012,http://mail-archives.apache.org/mod_mbox/ctakes-commits/201209.mbox/<20120924220607.0C6BD2388C5D@eris.apache.org>,chenpei
Mon Sep 24 22:07:28 2012,http://mail-archives.apache.org/mod_mbox/ctakes-commits/201209.mbox/<20120924220607.0C6BD2388C5D@eris.apache.org>,chenpei
Mon Sep 24 22:07:28 2012,http://mail-archives.apache.org/mod_mbox/ctakes-commits/201209.mbox/<20120924220607.0C6BD2388C5D@eris.apache.org>,chenpei
Mon Sep 24 22:07:28 2012,http://mail-archives.apache.org/mod_mbox/ctakes-commits/201209.mbox/<20120924220607.0C6BD2388C5D@eris.apache.org>,chenpei
Mon Sep 24 22:07:28 2012,http://mail-archives.apache.org/mod_mbox/ctakes-commits/201209.mbox/<20120924220607.0C6BD2388C5D@eris.apache.org>,chenpei
Mon Sep 24 22:07:28 2012,http://mail-archives.apache.org/mod_mbox/ctakes-commits/201209.mbox/<20120924220607.0C6BD2388C5D@eris.apache.org>,chenpei
Mon Sep 24 22:07:28 2012,http://mail-archives.apache.org/mod_mbox/ctakes-commits/201209.mbox/<20120924220607.0C6BD2388C5D@eris.apache.org>,chenpei
Mon Sep 24 22:07:28 2012,http://mail-archives.apache.org/mod_mbox/ctakes-commits/201209.mbox/<20120924220607.0C6BD2388C5D@eris.apache.org>,chenpei
Mon Sep 24 22:07:28 2012,http://mail-archives.apache.org/mod_mbox/ctakes-commits/201209.mbox/<20120924220607.0C6BD2388C5D@eris.apache.org>,chenpei
Mon Sep 24 22:07:28 2012,http://mail-archives.apache.org/mod_mbox/ctakes-commits/201209.mbox/<20120924220607.0C6BD2388C5D@eris.apache.org>,chenpei
Mon Sep 24 22:07:28 2012,http://mail-archives.apache.org/mod_mbox/ctakes-commits/201209.mbox/<20120924220607.0C6BD2388C5D@eris.apache.org>,chenpei
Mon Sep 24 22:07:28 2012,http://mail-archives.apache.org/mod_mbox/ctakes-commits/201209.mbox/<20120924220607.0C6BD2388C5D@eris.apache.org>,chenpei
Mon Sep 24 22:07:28 2012,http://mail-archives.apache.org/mod_mbox/ctakes-commits/201209.mbox/<20120924220607.0C6BD2388C5D@eris.apache.org>,chenpei
Mon Sep 24 22:07:28 2012,http://mail-archives.apache.org/mod_mbox/ctakes-commits/201209.mbox/<20120924220607.0C6BD2388C5D@eris.apache.org>,chenpei
Mon Sep 24 22:07:28 2012,http://mail-archives.apache.org/mod_mbox/ctakes-commits/201209.mbox/<20120924220607.0C6BD2388C5D@eris.apache.org>,chenpei
Mon Sep 24 22:07:28 2012,http://mail-archives.apache.org/mod_mbox/ctakes-commits/201209.mbox/<20120924220607.0C6BD2388C5D@eris.apache.org>,chenpei
Mon Sep 24 22:07:28 2012,http://mail-archives.apache.org/mod_mbox/ctakes-commits/201209.mbox/<20120924220607.0C6BD2388C5D@eris.apache.org>,chenpei
Mon Sep 24 22:07:28 2012,http://mail-archives.apache.org/mod_mbox/ctakes-commits/201209.mbox/<20120924220607.0C6BD2388C5D@eris.apache.org>,chenpei
Mon Sep 24 22:07:28 2012,http://mail-archives.apache.org/mod_mbox/ctakes-commits/201209.mbox/<20120924220607.0C6BD2388C5D@eris.apache.org>,chenpei
Mon Sep 24 22:07:28 2012,http://mail-archives.apache.org/mod_mbox/ctakes-commits/201209.mbox/<20120924220607.0C6BD2388C5D@eris.apache.org>,chenpei
Mon Sep 24 22:07:28 2012,http://mail-archives.apache.org/mod_mbox/ctakes-commits/201209.mbox/<20120924220607.0C6BD2388C5D@eris.apache.org>,chenpei
Mon Sep 24 22:07:28 2012,http://mail-archives.apache.org/mod_mbox/ctakes-commits/201209.mbox/<20120924220607.0C6BD2388C5D@eris.apache.org>,chenpei
Mon Sep 24 22:07:28 2012,http://mail-archives.apache.org/mod_mbox/ctakes-commits/201209.mbox/<20120924220607.0C6BD2388C5D@eris.apache.org>,chenpei
Mon Sep 24 22:07:28 2012,http://mail-archives.apache.org/mod_mbox/ctakes-commits/201209.mbox/<20120924220607.0C6BD2388C5D@eris.apache.org>,chenpei
Mon Sep 24 22:07:28 2012,http://mail-archives.apache.org/mod_mbox/ctakes-commits/201209.mbox/<20120924220607.0C6BD2388C5D@eris.apache.org>,chenpei
Mon Sep 24 22:07:28 2012,http://mail-archives.apache.org/mod_mbox/ctakes-commits/201209.mbox/<20120924220607.0C6BD2388C5D@eris.apache.org>,chenpei
Mon Sep 24 22:07:28 2012,http://mail-archives.apache.org/mod_mbox/ctakes-commits/201209.mbox/<20120924220607.0C6BD2388C5D@eris.apache.org>,chenpei
Mon Sep 24 22:07:28 2012,http://mail-archives.apache.org/mod_mbox/ctakes-commits/201209.mbox/<20120924220607.0C6BD2388C5D@eris.apache.org>,chenpei
Mon Sep 24 22:07:28 2012,http://mail-archives.apache.org/mod_mbox/ctakes-commits/201209.mbox/<20120924220607.0C6BD2388C5D@eris.apache.org>,chenpei
Mon Sep 24 22:07:28 2012,http://mail-archives.apache.org/mod_mbox/ctakes-commits/201209.mbox/<20120924220607.0C6BD2388C5D@eris.apache.org>,chenpei
Mon Sep 24 22:07:34 2012,http://mail-archives.apache.org/mod_mbox/ctakes-commits/201209.mbox/<20120924220606.F13DD2388BCD@eris.apache.org>,chenpei
Mon Sep 24 22:07:34 2012,http://mail-archives.apache.org/mod_mbox/ctakes-commits/201209.mbox/<20120924220606.F13DD2388BCD@eris.apache.org>,chenpei
Mon Sep 24 22:07:34 2012,http://mail-archives.apache.org/mod_mbox/ctakes-commits/201209.mbox/<20120924220606.F13DD2388BCD@eris.apache.org>,chenpei
Mon Sep 24 22:07:34 2012,http://mail-archives.apache.org/mod_mbox/ctakes-commits/201209.mbox/<20120924220606.F13DD2388BCD@eris.apache.org>,chenpei
Mon Sep 24 22:07:34 2012,http://mail-archives.apache.org/mod_mbox/ctakes-commits/201209.mbox/<20120924220606.F13DD2388BCD@eris.apache.org>,chenpei
Mon Sep 24 22:07:34 2012,http://mail-archives.apache.org/mod_mbox/ctakes-commits/201209.mbox/<20120924220606.F13DD2388BCD@eris.apache.org>,chenpei
Mon Sep 24 22:07:34 2012,http://mail-archives.apache.org/mod_mbox/ctakes-commits/201209.mbox/<20120924220606.F13DD2388BCD@eris.apache.org>,chenpei
Mon Sep 24 22:07:34 2012,http://mail-archives.apache.org/mod_mbox/ctakes-commits/201209.mbox/<20120924220606.F13DD2388BCD@eris.apache.org>,chenpei
Mon Sep 24 22:07:34 2012,http://mail-archives.apache.org/mod_mbox/ctakes-commits/201209.mbox/<20120924220606.F13DD2388BCD@eris.apache.org>,chenpei
Mon Sep 24 22:07:34 2012,http://mail-archives.apache.org/mod_mbox/ctakes-commits/201209.mbox/<20120924220606.F13DD2388BCD@eris.apache.org>,chenpei
Mon Sep 24 22:07:34 2012,http://mail-archives.apache.org/mod_mbox/ctakes-commits/201209.mbox/<20120924220606.F13DD2388BCD@eris.apache.org>,chenpei
Mon Sep 24 22:07:34 2012,http://mail-archives.apache.org/mod_mbox/ctakes-commits/201209.mbox/<20120924220606.F13DD2388BCD@eris.apache.org>,chenpei
Mon Sep 24 22:07:34 2012,http://mail-archives.apache.org/mod_mbox/ctakes-commits/201209.mbox/<20120924220606.F13DD2388BCD@eris.apache.org>,chenpei
Mon Sep 24 22:07:34 2012,http://mail-archives.apache.org/mod_mbox/ctakes-commits/201209.mbox/<20120924220606.F13DD2388BCD@eris.apache.org>,chenpei
Mon Sep 24 22:07:34 2012,http://mail-archives.apache.org/mod_mbox/ctakes-commits/201209.mbox/<20120924220606.F13DD2388BCD@eris.apache.org>,chenpei
Mon Sep 24 22:07:34 2012,http://mail-archives.apache.org/mod_mbox/ctakes-commits/201209.mbox/<20120924220606.F13DD2388BCD@eris.apache.org>,chenpei
Mon Sep 24 22:07:34 2012,http://mail-archives.apache.org/mod_mbox/ctakes-commits/201209.mbox/<20120924220606.F13DD2388BCD@eris.apache.org>,chenpei
Mon Sep 24 22:07:34 2012,http://mail-archives.apache.org/mod_mbox/ctakes-commits/201209.mbox/<20120924220606.F13DD2388BCD@eris.apache.org>,chenpei
Mon Sep 24 22:07:34 2012,http://mail-archives.apache.org/mod_mbox/ctakes-commits/201209.mbox/<20120924220606.F13DD2388BCD@eris.apache.org>,chenpei
Mon Sep 24 22:07:34 2012,http://mail-archives.apache.org/mod_mbox/ctakes-commits/201209.mbox/<20120924220606.F13DD2388BCD@eris.apache.org>,chenpei
Mon Sep 24 22:07:34 2012,http://mail-archives.apache.org/mod_mbox/ctakes-commits/201209.mbox/<20120924220606.F13DD2388BCD@eris.apache.org>,chenpei
Mon Sep 24 22:07:34 2012,http://mail-archives.apache.org/mod_mbox/ctakes-commits/201209.mbox/<20120924220606.F13DD2388BCD@eris.apache.org>,chenpei
Mon Sep 24 22:07:34 2012,http://mail-archives.apache.org/mod_mbox/ctakes-commits/201209.mbox/<20120924220606.F13DD2388BCD@eris.apache.org>,chenpei
Mon Sep 24 22:07:34 2012,http://mail-archives.apache.org/mod_mbox/ctakes-commits/201209.mbox/<20120924220606.F13DD2388BCD@eris.apache.org>,chenpei
Mon Sep 24 22:07:34 2012,http://mail-archives.apache.org/mod_mbox/ctakes-commits/201209.mbox/<20120924220606.F13DD2388BCD@eris.apache.org>,chenpei
Mon Sep 24 22:07:34 2012,http://mail-archives.apache.org/mod_mbox/ctakes-commits/201209.mbox/<20120924220606.F13DD2388BCD@eris.apache.org>,chenpei
Mon Sep 24 22:07:34 2012,http://mail-archives.apache.org/mod_mbox/ctakes-commits/201209.mbox/<20120924220606.F13DD2388BCD@eris.apache.org>,chenpei
Mon Sep 24 22:07:34 2012,http://mail-archives.apache.org/mod_mbox/ctakes-commits/201209.mbox/<20120924220606.F13DD2388BCD@eris.apache.org>,chenpei
Mon Sep 24 22:07:34 2012,http://mail-archives.apache.org/mod_mbox/ctakes-commits/201209.mbox/<20120924220606.F13DD2388BCD@eris.apache.org>,chenpei
Mon Sep 24 22:07:34 2012,http://mail-archives.apache.org/mod_mbox/ctakes-commits/201209.mbox/<20120924220606.F13DD2388BCD@eris.apache.org>,chenpei
Mon Sep 24 22:07:35 2012,http://mail-archives.apache.org/mod_mbox/ctakes-commits/201209.mbox/<20120924220607.021ED2388C52@eris.apache.org>,chenpei
Mon Sep 24 22:07:35 2012,http://mail-archives.apache.org/mod_mbox/ctakes-commits/201209.mbox/<20120924220607.021ED2388C52@eris.apache.org>,chenpei
Mon Sep 24 22:07:35 2012,http://mail-archives.apache.org/mod_mbox/ctakes-commits/201209.mbox/<20120924220607.021ED2388C52@eris.apache.org>,chenpei
Mon Sep 24 22:07:35 2012,http://mail-archives.apache.org/mod_mbox/ctakes-commits/201209.mbox/<20120924220607.021ED2388C52@eris.apache.org>,chenpei
Mon Sep 24 22:07:35 2012,http://mail-archives.apache.org/mod_mbox/ctakes-commits/201209.mbox/<20120924220607.021ED2388C52@eris.apache.org>,chenpei
Mon Sep 24 22:07:35 2012,http://mail-archives.apache.org/mod_mbox/ctakes-commits/201209.mbox/<20120924220607.021ED2388C52@eris.apache.org>,chenpei
Mon Sep 24 22:07:35 2012,http://mail-archives.apache.org/mod_mbox/ctakes-commits/201209.mbox/<20120924220607.021ED2388C52@eris.apache.org>,chenpei
Mon Sep 24 22:07:35 2012,http://mail-archives.apache.org/mod_mbox/ctakes-commits/201209.mbox/<20120924220607.021ED2388C52@eris.apache.org>,chenpei
Mon Sep 24 22:07:35 2012,http://mail-archives.apache.org/mod_mbox/ctakes-commits/201209.mbox/<20120924220607.021ED2388C52@eris.apache.org>,chenpei
Mon Sep 24 22:07:35 2012,http://mail-archives.apache.org/mod_mbox/ctakes-commits/201209.mbox/<20120924220607.021ED2388C52@eris.apache.org>,chenpei
Mon Sep 24 22:07:35 2012,http://mail-archives.apache.org/mod_mbox/ctakes-commits/201209.mbox/<20120924220607.021ED2388C52@eris.apache.org>,chenpei
Mon Sep 24 22:07:35 2012,http://mail-archives.apache.org/mod_mbox/ctakes-commits/201209.mbox/<20120924220607.021ED2388C52@eris.apache.org>,chenpei
Mon Sep 24 22:07:35 2012,http://mail-archives.apache.org/mod_mbox/ctakes-commits/201209.mbox/<20120924220607.021ED2388C52@eris.apache.org>,chenpei
Mon Sep 24 22:07:35 2012,http://mail-archives.apache.org/mod_mbox/ctakes-commits/201209.mbox/<20120924220607.021ED2388C52@eris.apache.org>,chenpei
Mon Sep 24 22:07:35 2012,http://mail-archives.apache.org/mod_mbox/ctakes-commits/201209.mbox/<20120924220607.021ED2388C52@eris.apache.org>,chenpei
Mon Sep 24 22:07:35 2012,http://mail-archives.apache.org/mod_mbox/ctakes-commits/201209.mbox/<20120924220607.021ED2388C52@eris.apache.org>,chenpei
Mon Sep 24 22:07:35 2012,http://mail-archives.apache.org/mod_mbox/ctakes-commits/201209.mbox/<20120924220607.021ED2388C52@eris.apache.org>,chenpei
Mon Sep 24 22:07:35 2012,http://mail-archives.apache.org/mod_mbox/ctakes-commits/201209.mbox/<20120924220607.021ED2388C52@eris.apache.org>,chenpei
Mon Sep 24 22:07:35 2012,http://mail-archives.apache.org/mod_mbox/ctakes-commits/201209.mbox/<20120924220607.021ED2388C52@eris.apache.org>,chenpei
Mon Sep 24 22:07:35 2012,http://mail-archives.apache.org/mod_mbox/ctakes-commits/201209.mbox/<20120924220607.021ED2388C52@eris.apache.org>,chenpei
Mon Sep 24 22:07:35 2012,http://mail-archives.apache.org/mod_mbox/ctakes-commits/201209.mbox/<20120924220607.021ED2388C52@eris.apache.org>,chenpei
Mon Sep 24 22:07:35 2012,http://mail-archives.apache.org/mod_mbox/ctakes-commits/201209.mbox/<20120924220607.021ED2388C52@eris.apache.org>,chenpei
Mon Sep 24 22:07:35 2012,http://mail-archives.apache.org/mod_mbox/ctakes-commits/201209.mbox/<20120924220607.021ED2388C52@eris.apache.org>,chenpei
Mon Sep 24 22:07:35 2012,http://mail-archives.apache.org/mod_mbox/ctakes-commits/201209.mbox/<20120924220607.021ED2388C52@eris.apache.org>,chenpei
Mon Sep 24 22:07:35 2012,http://mail-archives.apache.org/mod_mbox/ctakes-commits/201209.mbox/<20120924220607.021ED2388C52@eris.apache.org>,chenpei
Mon Sep 24 22:07:35 2012,http://mail-archives.apache.org/mod_mbox/ctakes-commits/201209.mbox/<20120924220607.021ED2388C52@eris.apache.org>,chenpei
Mon Sep 24 22:07:35 2012,http://mail-archives.apache.org/mod_mbox/ctakes-commits/201209.mbox/<20120924220607.021ED2388C52@eris.apache.org>,chenpei
Mon Sep 24 22:07:35 2012,http://mail-archives.apache.org/mod_mbox/ctakes-commits/201209.mbox/<20120924220607.021ED2388C52@eris.apache.org>,chenpei
Mon Sep 24 22:07:35 2012,http://mail-archives.apache.org/mod_mbox/ctakes-commits/201209.mbox/<20120924220607.021ED2388C52@eris.apache.org>,chenpei
Mon Sep 24 22:07:35 2012,http://mail-archives.apache.org/mod_mbox/ctakes-commits/201209.mbox/<20120924220607.021ED2388C52@eris.apache.org>,chenpei
Mon Sep 24 22:07:35 2012,http://mail-archives.apache.org/mod_mbox/ctakes-commits/201209.mbox/<20120924220607.021ED2388C52@eris.apache.org>,chenpei
Mon Sep 24 22:07:35 2012,http://mail-archives.apache.org/mod_mbox/ctakes-commits/201209.mbox/<20120924220607.021ED2388C52@eris.apache.org>,chenpei
Mon Sep 24 22:07:35 2012,http://mail-archives.apache.org/mod_mbox/ctakes-commits/201209.mbox/<20120924220607.021ED2388C52@eris.apache.org>,chenpei
Mon Sep 24 22:07:35 2012,http://mail-archives.apache.org/mod_mbox/ctakes-commits/201209.mbox/<20120924220607.021ED2388C52@eris.apache.org>,chenpei
Mon Sep 24 22:07:35 2012,http://mail-archives.apache.org/mod_mbox/ctakes-commits/201209.mbox/<20120924220607.021ED2388C52@eris.apache.org>,chenpei
Mon Sep 24 22:07:35 2012,http://mail-archives.apache.org/mod_mbox/ctakes-commits/201209.mbox/<20120924220607.021ED2388C52@eris.apache.org>,chenpei
Mon Sep 24 22:07:35 2012,http://mail-archives.apache.org/mod_mbox/ctakes-commits/201209.mbox/<20120924220607.021ED2388C52@eris.apache.org>,chenpei
Mon Sep 24 22:07:35 2012,http://mail-archives.apache.org/mod_mbox/ctakes-commits/201209.mbox/<20120924220607.021ED2388C52@eris.apache.org>,chenpei
Mon Sep 24 22:07:35 2012,http://mail-archives.apache.org/mod_mbox/ctakes-commits/201209.mbox/<20120924220607.021ED2388C52@eris.apache.org>,chenpei
Mon Sep 24 22:07:35 2012,http://mail-archives.apache.org/mod_mbox/ctakes-commits/201209.mbox/<20120924220607.021ED2388C52@eris.apache.org>,chenpei
Mon Sep 24 22:07:35 2012,http://mail-archives.apache.org/mod_mbox/ctakes-commits/201209.mbox/<20120924220607.021ED2388C52@eris.apache.org>,chenpei
Mon Sep 24 22:07:35 2012,http://mail-archives.apache.org/mod_mbox/ctakes-commits/201209.mbox/<20120924220607.021ED2388C52@eris.apache.org>,chenpei
Mon Sep 24 22:07:35 2012,http://mail-archives.apache.org/mod_mbox/ctakes-commits/201209.mbox/<20120924220607.021ED2388C52@eris.apache.org>,chenpei
Mon Sep 24 22:07:35 2012,http://mail-archives.apache.org/mod_mbox/ctakes-commits/201209.mbox/<20120924220607.021ED2388C52@eris.apache.org>,chenpei
Mon Sep 24 22:07:35 2012,http://mail-archives.apache.org/mod_mbox/ctakes-commits/201209.mbox/<20120924220607.021ED2388C52@eris.apache.org>,chenpei
Mon Sep 24 22:07:35 2012,http://mail-archives.apache.org/mod_mbox/ctakes-commits/201209.mbox/<20120924220607.021ED2388C52@eris.apache.org>,chenpei
Mon Sep 24 22:07:35 2012,http://mail-archives.apache.org/mod_mbox/ctakes-commits/201209.mbox/<20120924220607.021ED2388C52@eris.apache.org>,chenpei
Mon Sep 24 22:07:35 2012,http://mail-archives.apache.org/mod_mbox/ctakes-commits/201209.mbox/<20120924220607.021ED2388C52@eris.apache.org>,chenpei
Mon Sep 24 22:07:35 2012,http://mail-archives.apache.org/mod_mbox/ctakes-commits/201209.mbox/<20120924220607.021ED2388C52@eris.apache.org>,chenpei
Mon Sep 24 22:07:35 2012,http://mail-archives.apache.org/mod_mbox/ctakes-commits/201209.mbox/<20120924220607.021ED2388C52@eris.apache.org>,chenpei
Mon Sep 24 22:07:35 2012,http://mail-archives.apache.org/mod_mbox/ctakes-commits/201209.mbox/<20120924220607.021ED2388C52@eris.apache.org>,chenpei
Mon Sep 24 22:07:35 2012,http://mail-archives.apache.org/mod_mbox/ctakes-commits/201209.mbox/<20120924220607.021ED2388C52@eris.apache.org>,chenpei
Mon Sep 24 22:07:35 2012,http://mail-archives.apache.org/mod_mbox/ctakes-commits/201209.mbox/<20120924220607.021ED2388C52@eris.apache.org>,chenpei
Mon Sep 24 22:07:35 2012,http://mail-archives.apache.org/mod_mbox/ctakes-commits/201209.mbox/<20120924220607.021ED2388C52@eris.apache.org>,chenpei
Mon Sep 24 22:07:35 2012,http://mail-archives.apache.org/mod_mbox/ctakes-commits/201209.mbox/<20120924220607.021ED2388C52@eris.apache.org>,chenpei
Mon Sep 24 22:07:35 2012,http://mail-archives.apache.org/mod_mbox/ctakes-commits/201209.mbox/<20120924220607.021ED2388C52@eris.apache.org>,chenpei
Mon Sep 24 22:07:35 2012,http://mail-archives.apache.org/mod_mbox/ctakes-commits/201209.mbox/<20120924220607.021ED2388C52@eris.apache.org>,chenpei
Mon Sep 24 22:07:35 2012,http://mail-archives.apache.org/mod_mbox/ctakes-commits/201209.mbox/<20120924220607.021ED2388C52@eris.apache.org>,chenpei
Mon Sep 24 22:07:35 2012,http://mail-archives.apache.org/mod_mbox/ctakes-commits/201209.mbox/<20120924220607.021ED2388C52@eris.apache.org>,chenpei
Mon Sep 24 22:07:35 2012,http://mail-archives.apache.org/mod_mbox/ctakes-commits/201209.mbox/<20120924220607.021ED2388C52@eris.apache.org>,chenpei
Mon Sep 24 22:07:35 2012,http://mail-archives.apache.org/mod_mbox/ctakes-commits/201209.mbox/<20120924220607.021ED2388C52@eris.apache.org>,chenpei
Mon Sep 24 22:07:35 2012,http://mail-archives.apache.org/mod_mbox/ctakes-commits/201209.mbox/<20120924220607.021ED2388C52@eris.apache.org>,chenpei
Mon Sep 24 22:07:35 2012,http://mail-archives.apache.org/mod_mbox/ctakes-commits/201209.mbox/<20120924220607.021ED2388C52@eris.apache.org>,chenpei
Mon Sep 24 22:07:35 2012,http://mail-archives.apache.org/mod_mbox/ctakes-commits/201209.mbox/<20120924220607.021ED2388C52@eris.apache.org>,chenpei
Mon Sep 24 22:07:35 2012,http://mail-archives.apache.org/mod_mbox/ctakes-commits/201209.mbox/<20120924220607.021ED2388C52@eris.apache.org>,chenpei
Mon Sep 24 22:07:35 2012,http://mail-archives.apache.org/mod_mbox/ctakes-commits/201209.mbox/<20120924220607.021ED2388C52@eris.apache.org>,chenpei
Mon Sep 24 22:07:35 2012,http://mail-archives.apache.org/mod_mbox/ctakes-commits/201209.mbox/<20120924220607.021ED2388C52@eris.apache.org>,chenpei
Mon Sep 24 22:07:35 2012,http://mail-archives.apache.org/mod_mbox/ctakes-commits/201209.mbox/<20120924220607.021ED2388C52@eris.apache.org>,chenpei
Mon Sep 24 22:07:35 2012,http://mail-archives.apache.org/mod_mbox/ctakes-commits/201209.mbox/<20120924220607.021ED2388C52@eris.apache.org>,chenpei
Mon Sep 24 22:07:35 2012,http://mail-archives.apache.org/mod_mbox/ctakes-commits/201209.mbox/<20120924220607.021ED2388C52@eris.apache.org>,chenpei
Mon Sep 24 22:07:35 2012,http://mail-archives.apache.org/mod_mbox/ctakes-commits/201209.mbox/<20120924220607.021ED2388C52@eris.apache.org>,chenpei
Mon Sep 24 22:07:35 2012,http://mail-archives.apache.org/mod_mbox/ctakes-commits/201209.mbox/<20120924220607.021ED2388C52@eris.apache.org>,chenpei
Mon Sep 24 22:07:35 2012,http://mail-archives.apache.org/mod_mbox/ctakes-commits/201209.mbox/<20120924220607.021ED2388C52@eris.apache.org>,chenpei
Mon Sep 24 22:07:35 2012,http://mail-archives.apache.org/mod_mbox/ctakes-commits/201209.mbox/<20120924220607.021ED2388C52@eris.apache.org>,chenpei
Mon Sep 24 22:07:35 2012,http://mail-archives.apache.org/mod_mbox/ctakes-commits/201209.mbox/<20120924220607.021ED2388C52@eris.apache.org>,chenpei
Mon Sep 24 22:07:35 2012,http://mail-archives.apache.org/mod_mbox/ctakes-commits/201209.mbox/<20120924220607.021ED2388C52@eris.apache.org>,chenpei
Mon Sep 24 22:07:35 2012,http://mail-archives.apache.org/mod_mbox/ctakes-commits/201209.mbox/<20120924220607.021ED2388C52@eris.apache.org>,chenpei
Mon Sep 24 22:07:35 2012,http://mail-archives.apache.org/mod_mbox/ctakes-commits/201209.mbox/<20120924220607.021ED2388C52@eris.apache.org>,chenpei
Mon Sep 24 22:07:35 2012,http://mail-archives.apache.org/mod_mbox/ctakes-commits/201209.mbox/<20120924220607.021ED2388C52@eris.apache.org>,chenpei
Mon Sep 24 22:07:35 2012,http://mail-archives.apache.org/mod_mbox/ctakes-commits/201209.mbox/<20120924220607.021ED2388C52@eris.apache.org>,chenpei
Mon Sep 24 22:07:35 2012,http://mail-archives.apache.org/mod_mbox/ctakes-commits/201209.mbox/<20120924220607.021ED2388C52@eris.apache.org>,chenpei
Mon Sep 24 22:07:35 2012,http://mail-archives.apache.org/mod_mbox/ctakes-commits/201209.mbox/<20120924220607.021ED2388C52@eris.apache.org>,chenpei
Mon Sep 24 22:07:35 2012,http://mail-archives.apache.org/mod_mbox/ctakes-commits/201209.mbox/<20120924220607.021ED2388C52@eris.apache.org>,chenpei
Mon Sep 24 22:07:35 2012,http://mail-archives.apache.org/mod_mbox/ctakes-commits/201209.mbox/<20120924220607.021ED2388C52@eris.apache.org>,chenpei
Mon Sep 24 22:07:35 2012,http://mail-archives.apache.org/mod_mbox/ctakes-commits/201209.mbox/<20120924220607.021ED2388C52@eris.apache.org>,chenpei
Mon Sep 24 22:07:35 2012,http://mail-archives.apache.org/mod_mbox/ctakes-commits/201209.mbox/<20120924220607.021ED2388C52@eris.apache.org>,chenpei
Mon Sep 24 22:07:35 2012,http://mail-archives.apache.org/mod_mbox/ctakes-commits/201209.mbox/<20120924220607.021ED2388C52@eris.apache.org>,chenpei
Mon Sep 24 22:07:35 2012,http://mail-archives.apache.org/mod_mbox/ctakes-commits/201209.mbox/<20120924220607.021ED2388C52@eris.apache.org>,chenpei
Mon Sep 24 22:07:35 2012,http://mail-archives.apache.org/mod_mbox/ctakes-commits/201209.mbox/<20120924220607.021ED2388C52@eris.apache.org>,chenpei
Mon Sep 24 22:07:35 2012,http://mail-archives.apache.org/mod_mbox/ctakes-commits/201209.mbox/<20120924220607.021ED2388C52@eris.apache.org>,chenpei
Mon Sep 24 22:07:35 2012,http://mail-archives.apache.org/mod_mbox/ctakes-commits/201209.mbox/<20120924220607.021ED2388C52@eris.apache.org>,chenpei
Mon Sep 24 22:07:35 2012,http://mail-archives.apache.org/mod_mbox/ctakes-commits/201209.mbox/<20120924220607.021ED2388C52@eris.apache.org>,chenpei
Mon Sep 24 22:07:35 2012,http://mail-archives.apache.org/mod_mbox/ctakes-commits/201209.mbox/<20120924220607.021ED2388C52@eris.apache.org>,chenpei
Mon Sep 24 22:07:35 2012,http://mail-archives.apache.org/mod_mbox/ctakes-commits/201209.mbox/<20120924220607.021ED2388C52@eris.apache.org>,chenpei
Mon Sep 24 22:07:35 2012,http://mail-archives.apache.org/mod_mbox/ctakes-commits/201209.mbox/<20120924220607.021ED2388C52@eris.apache.org>,chenpei
Mon Sep 24 22:07:35 2012,http://mail-archives.apache.org/mod_mbox/ctakes-commits/201209.mbox/<20120924220607.021ED2388C52@eris.apache.org>,chenpei
Mon Sep 24 22:07:35 2012,http://mail-archives.apache.org/mod_mbox/ctakes-commits/201209.mbox/<20120924220607.021ED2388C52@eris.apache.org>,chenpei
Mon Sep 24 22:07:35 2012,http://mail-archives.apache.org/mod_mbox/ctakes-commits/201209.mbox/<20120924220607.021ED2388C52@eris.apache.org>,chenpei
Mon Sep 24 22:07:35 2012,http://mail-archives.apache.org/mod_mbox/ctakes-commits/201209.mbox/<20120924220607.021ED2388C52@eris.apache.org>,chenpei
Mon Sep 24 22:07:35 2012,http://mail-archives.apache.org/mod_mbox/ctakes-commits/201209.mbox/<20120924220607.021ED2388C52@eris.apache.org>,chenpei
Mon Sep 24 22:07:35 2012,http://mail-archives.apache.org/mod_mbox/ctakes-commits/201209.mbox/<20120924220607.021ED2388C52@eris.apache.org>,chenpei
Mon Sep 24 22:07:35 2012,http://mail-archives.apache.org/mod_mbox/ctakes-commits/201209.mbox/<20120924220607.021ED2388C52@eris.apache.org>,chenpei
Mon Sep 24 22:07:35 2012,http://mail-archives.apache.org/mod_mbox/ctakes-commits/201209.mbox/<20120924220607.021ED2388C52@eris.apache.org>,chenpei
Mon Sep 24 22:07:35 2012,http://mail-archives.apache.org/mod_mbox/ctakes-commits/201209.mbox/<20120924220607.021ED2388C52@eris.apache.org>,chenpei
Mon Sep 24 22:07:35 2012,http://mail-archives.apache.org/mod_mbox/ctakes-commits/201209.mbox/<20120924220607.021ED2388C52@eris.apache.org>,chenpei
Mon Sep 24 22:07:35 2012,http://mail-archives.apache.org/mod_mbox/ctakes-commits/201209.mbox/<20120924220607.021ED2388C52@eris.apache.org>,chenpei
Mon Sep 24 22:07:35 2012,http://mail-archives.apache.org/mod_mbox/ctakes-commits/201209.mbox/<20120924220607.021ED2388C52@eris.apache.org>,chenpei
Mon Sep 24 22:07:35 2012,http://mail-archives.apache.org/mod_mbox/ctakes-commits/201209.mbox/<20120924220607.021ED2388C52@eris.apache.org>,chenpei
Mon Sep 24 22:07:35 2012,http://mail-archives.apache.org/mod_mbox/ctakes-commits/201209.mbox/<20120924220607.021ED2388C52@eris.apache.org>,chenpei
Mon Sep 24 22:07:35 2012,http://mail-archives.apache.org/mod_mbox/ctakes-commits/201209.mbox/<20120924220607.021ED2388C52@eris.apache.org>,chenpei
Mon Sep 24 22:07:35 2012,http://mail-archives.apache.org/mod_mbox/ctakes-commits/201209.mbox/<20120924220607.021ED2388C52@eris.apache.org>,chenpei
Mon Sep 24 22:07:35 2012,http://mail-archives.apache.org/mod_mbox/ctakes-commits/201209.mbox/<20120924220607.021ED2388C52@eris.apache.org>,chenpei
Mon Sep 24 22:07:35 2012,http://mail-archives.apache.org/mod_mbox/ctakes-commits/201209.mbox/<20120924220607.021ED2388C52@eris.apache.org>,chenpei
Mon Sep 24 22:07:35 2012,http://mail-archives.apache.org/mod_mbox/ctakes-commits/201209.mbox/<20120924220607.021ED2388C52@eris.apache.org>,chenpei
Mon Sep 24 22:07:35 2012,http://mail-archives.apache.org/mod_mbox/ctakes-commits/201209.mbox/<20120924220607.021ED2388C52@eris.apache.org>,chenpei
Mon Sep 24 22:07:35 2012,http://mail-archives.apache.org/mod_mbox/ctakes-commits/201209.mbox/<20120924220607.021ED2388C52@eris.apache.org>,chenpei
Mon Sep 24 22:07:35 2012,http://mail-archives.apache.org/mod_mbox/ctakes-commits/201209.mbox/<20120924220607.021ED2388C52@eris.apache.org>,chenpei
Mon Sep 24 22:07:35 2012,http://mail-archives.apache.org/mod_mbox/ctakes-commits/201209.mbox/<20120924220607.021ED2388C52@eris.apache.org>,chenpei
Mon Sep 24 22:07:35 2012,http://mail-archives.apache.org/mod_mbox/ctakes-commits/201209.mbox/<20120924220607.021ED2388C52@eris.apache.org>,chenpei
Mon Sep 24 22:07:35 2012,http://mail-archives.apache.org/mod_mbox/ctakes-commits/201209.mbox/<20120924220607.021ED2388C52@eris.apache.org>,chenpei
Mon Sep 24 22:07:35 2012,http://mail-archives.apache.org/mod_mbox/ctakes-commits/201209.mbox/<20120924220607.021ED2388C52@eris.apache.org>,chenpei
Mon Sep 24 22:07:35 2012,http://mail-archives.apache.org/mod_mbox/ctakes-commits/201209.mbox/<20120924220607.021ED2388C52@eris.apache.org>,chenpei
Mon Sep 24 22:07:35 2012,http://mail-archives.apache.org/mod_mbox/ctakes-commits/201209.mbox/<20120924220607.021ED2388C52@eris.apache.org>,chenpei
Mon Sep 24 22:07:35 2012,http://mail-archives.apache.org/mod_mbox/ctakes-commits/201209.mbox/<20120924220607.021ED2388C52@eris.apache.org>,chenpei
Mon Sep 24 22:07:35 2012,http://mail-archives.apache.org/mod_mbox/ctakes-commits/201209.mbox/<20120924220607.021ED2388C52@eris.apache.org>,chenpei
Mon Sep 24 22:07:35 2012,http://mail-archives.apache.org/mod_mbox/ctakes-commits/201209.mbox/<20120924220607.021ED2388C52@eris.apache.org>,chenpei
Mon Sep 24 22:07:35 2012,http://mail-archives.apache.org/mod_mbox/ctakes-commits/201209.mbox/<20120924220607.021ED2388C52@eris.apache.org>,chenpei
Mon Sep 24 22:07:35 2012,http://mail-archives.apache.org/mod_mbox/ctakes-commits/201209.mbox/<20120924220607.021ED2388C52@eris.apache.org>,chenpei
Mon Sep 24 22:07:35 2012,http://mail-archives.apache.org/mod_mbox/ctakes-commits/201209.mbox/<20120924220607.021ED2388C52@eris.apache.org>,chenpei
Mon Sep 24 22:07:35 2012,http://mail-archives.apache.org/mod_mbox/ctakes-commits/201209.mbox/<20120924220607.021ED2388C52@eris.apache.org>,chenpei
Mon Sep 24 22:07:35 2012,http://mail-archives.apache.org/mod_mbox/ctakes-commits/201209.mbox/<20120924220607.021ED2388C52@eris.apache.org>,chenpei
Mon Sep 24 22:07:35 2012,http://mail-archives.apache.org/mod_mbox/ctakes-commits/201209.mbox/<20120924220607.021ED2388C52@eris.apache.org>,chenpei
Mon Sep 24 22:07:35 2012,http://mail-archives.apache.org/mod_mbox/ctakes-commits/201209.mbox/<20120924220607.021ED2388C52@eris.apache.org>,chenpei
Mon Sep 24 22:07:35 2012,http://mail-archives.apache.org/mod_mbox/ctakes-commits/201209.mbox/<20120924220607.021ED2388C52@eris.apache.org>,chenpei
Mon Sep 24 22:07:35 2012,http://mail-archives.apache.org/mod_mbox/ctakes-commits/201209.mbox/<20120924220607.021ED2388C52@eris.apache.org>,chenpei
Mon Sep 24 22:07:35 2012,http://mail-archives.apache.org/mod_mbox/ctakes-commits/201209.mbox/<20120924220607.021ED2388C52@eris.apache.org>,chenpei
Mon Sep 24 22:07:35 2012,http://mail-archives.apache.org/mod_mbox/ctakes-commits/201209.mbox/<20120924220607.021ED2388C52@eris.apache.org>,chenpei
Mon Sep 24 22:07:35 2012,http://mail-archives.apache.org/mod_mbox/ctakes-commits/201209.mbox/<20120924220607.021ED2388C52@eris.apache.org>,chenpei
Mon Sep 24 22:07:35 2012,http://mail-archives.apache.org/mod_mbox/ctakes-commits/201209.mbox/<20120924220607.021ED2388C52@eris.apache.org>,chenpei
Mon Sep 24 22:07:35 2012,http://mail-archives.apache.org/mod_mbox/ctakes-commits/201209.mbox/<20120924220607.021ED2388C52@eris.apache.org>,chenpei
Mon Sep 24 22:07:35 2012,http://mail-archives.apache.org/mod_mbox/ctakes-commits/201209.mbox/<20120924220607.021ED2388C52@eris.apache.org>,chenpei
Mon Sep 24 22:07:35 2012,http://mail-archives.apache.org/mod_mbox/ctakes-commits/201209.mbox/<20120924220607.021ED2388C52@eris.apache.org>,chenpei
Mon Sep 24 22:07:35 2012,http://mail-archives.apache.org/mod_mbox/ctakes-commits/201209.mbox/<20120924220607.021ED2388C52@eris.apache.org>,chenpei
Mon Sep 24 22:07:35 2012,http://mail-archives.apache.org/mod_mbox/ctakes-commits/201209.mbox/<20120924220607.021ED2388C52@eris.apache.org>,chenpei
Mon Sep 24 22:07:35 2012,http://mail-archives.apache.org/mod_mbox/ctakes-commits/201209.mbox/<20120924220607.021ED2388C52@eris.apache.org>,chenpei
Mon Sep 24 22:07:35 2012,http://mail-archives.apache.org/mod_mbox/ctakes-commits/201209.mbox/<20120924220607.021ED2388C52@eris.apache.org>,chenpei
Mon Sep 24 22:07:35 2012,http://mail-archives.apache.org/mod_mbox/ctakes-commits/201209.mbox/<20120924220607.021ED2388C52@eris.apache.org>,chenpei
Mon Sep 24 22:07:35 2012,http://mail-archives.apache.org/mod_mbox/ctakes-commits/201209.mbox/<20120924220607.021ED2388C52@eris.apache.org>,chenpei
Mon Sep 24 22:07:35 2012,http://mail-archives.apache.org/mod_mbox/ctakes-commits/201209.mbox/<20120924220607.021ED2388C52@eris.apache.org>,chenpei
Mon Sep 24 22:07:35 2012,http://mail-archives.apache.org/mod_mbox/ctakes-commits/201209.mbox/<20120924220607.021ED2388C52@eris.apache.org>,chenpei
Mon Sep 24 22:07:35 2012,http://mail-archives.apache.org/mod_mbox/ctakes-commits/201209.mbox/<20120924220607.021ED2388C52@eris.apache.org>,chenpei
Mon Sep 24 22:07:35 2012,http://mail-archives.apache.org/mod_mbox/ctakes-commits/201209.mbox/<20120924220607.021ED2388C52@eris.apache.org>,chenpei
Mon Sep 24 22:07:35 2012,http://mail-archives.apache.org/mod_mbox/ctakes-commits/201209.mbox/<20120924220607.021ED2388C52@eris.apache.org>,chenpei
Mon Sep 24 22:07:35 2012,http://mail-archives.apache.org/mod_mbox/ctakes-commits/201209.mbox/<20120924220607.021ED2388C52@eris.apache.org>,chenpei
Mon Sep 24 22:07:35 2012,http://mail-archives.apache.org/mod_mbox/ctakes-commits/201209.mbox/<20120924220607.021ED2388C52@eris.apache.org>,chenpei
Mon Sep 24 22:07:35 2012,http://mail-archives.apache.org/mod_mbox/ctakes-commits/201209.mbox/<20120924220607.021ED2388C52@eris.apache.org>,chenpei
Mon Sep 24 22:07:35 2012,http://mail-archives.apache.org/mod_mbox/ctakes-commits/201209.mbox/<20120924220607.021ED2388C52@eris.apache.org>,chenpei
Mon Sep 24 22:07:35 2012,http://mail-archives.apache.org/mod_mbox/ctakes-commits/201209.mbox/<20120924220607.021ED2388C52@eris.apache.org>,chenpei
Mon Sep 24 22:07:35 2012,http://mail-archives.apache.org/mod_mbox/ctakes-commits/201209.mbox/<20120924220607.021ED2388C52@eris.apache.org>,chenpei
Mon Sep 24 22:07:35 2012,http://mail-archives.apache.org/mod_mbox/ctakes-commits/201209.mbox/<20120924220607.021ED2388C52@eris.apache.org>,chenpei
Mon Sep 24 22:07:35 2012,http://mail-archives.apache.org/mod_mbox/ctakes-commits/201209.mbox/<20120924220607.021ED2388C52@eris.apache.org>,chenpei
Mon Sep 24 22:07:35 2012,http://mail-archives.apache.org/mod_mbox/ctakes-commits/201209.mbox/<20120924220607.021ED2388C52@eris.apache.org>,chenpei
Mon Sep 24 22:07:35 2012,http://mail-archives.apache.org/mod_mbox/ctakes-commits/201209.mbox/<20120924220607.021ED2388C52@eris.apache.org>,chenpei
Mon Sep 24 22:07:35 2012,http://mail-archives.apache.org/mod_mbox/ctakes-commits/201209.mbox/<20120924220607.021ED2388C52@eris.apache.org>,chenpei
Mon Sep 24 22:07:35 2012,http://mail-archives.apache.org/mod_mbox/ctakes-commits/201209.mbox/<20120924220607.021ED2388C52@eris.apache.org>,chenpei
Mon Sep 24 22:07:35 2012,http://mail-archives.apache.org/mod_mbox/ctakes-commits/201209.mbox/<20120924220607.021ED2388C52@eris.apache.org>,chenpei
Mon Sep 24 22:07:35 2012,http://mail-archives.apache.org/mod_mbox/ctakes-commits/201209.mbox/<20120924220607.021ED2388C52@eris.apache.org>,chenpei
Mon Sep 24 22:07:35 2012,http://mail-archives.apache.org/mod_mbox/ctakes-commits/201209.mbox/<20120924220607.021ED2388C52@eris.apache.org>,chenpei
Mon Sep 24 22:07:35 2012,http://mail-archives.apache.org/mod_mbox/ctakes-commits/201209.mbox/<20120924220607.021ED2388C52@eris.apache.org>,chenpei
Mon Sep 24 22:07:35 2012,http://mail-archives.apache.org/mod_mbox/ctakes-commits/201209.mbox/<20120924220607.021ED2388C52@eris.apache.org>,chenpei
Mon Sep 24 22:07:35 2012,http://mail-archives.apache.org/mod_mbox/ctakes-commits/201209.mbox/<20120924220607.021ED2388C52@eris.apache.org>,chenpei
Mon Sep 24 22:07:35 2012,http://mail-archives.apache.org/mod_mbox/ctakes-commits/201209.mbox/<20120924220607.021ED2388C52@eris.apache.org>,chenpei
Mon Sep 24 22:07:35 2012,http://mail-archives.apache.org/mod_mbox/ctakes-commits/201209.mbox/<20120924220607.021ED2388C52@eris.apache.org>,chenpei
Mon Sep 24 22:07:35 2012,http://mail-archives.apache.org/mod_mbox/ctakes-commits/201209.mbox/<20120924220607.021ED2388C52@eris.apache.org>,chenpei
Mon Sep 24 22:07:35 2012,http://mail-archives.apache.org/mod_mbox/ctakes-commits/201209.mbox/<20120924220607.021ED2388C52@eris.apache.org>,chenpei
Mon Sep 24 22:07:35 2012,http://mail-archives.apache.org/mod_mbox/ctakes-commits/201209.mbox/<20120924220607.021ED2388C52@eris.apache.org>,chenpei
Mon Sep 24 22:07:35 2012,http://mail-archives.apache.org/mod_mbox/ctakes-commits/201209.mbox/<20120924220607.021ED2388C52@eris.apache.org>,chenpei
Mon Sep 24 22:07:35 2012,http://mail-archives.apache.org/mod_mbox/ctakes-commits/201209.mbox/<20120924220607.021ED2388C52@eris.apache.org>,chenpei
Mon Sep 24 22:07:35 2012,http://mail-archives.apache.org/mod_mbox/ctakes-commits/201209.mbox/<20120924220607.021ED2388C52@eris.apache.org>,chenpei
Mon Sep 24 22:07:35 2012,http://mail-archives.apache.org/mod_mbox/ctakes-commits/201209.mbox/<20120924220607.021ED2388C52@eris.apache.org>,chenpei
Mon Sep 24 22:07:35 2012,http://mail-archives.apache.org/mod_mbox/ctakes-commits/201209.mbox/<20120924220607.021ED2388C52@eris.apache.org>,chenpei
Mon Sep 24 22:07:35 2012,http://mail-archives.apache.org/mod_mbox/ctakes-commits/201209.mbox/<20120924220607.021ED2388C52@eris.apache.org>,chenpei
Mon Sep 24 22:07:35 2012,http://mail-archives.apache.org/mod_mbox/ctakes-commits/201209.mbox/<20120924220607.021ED2388C52@eris.apache.org>,chenpei
Mon Sep 24 22:07:35 2012,http://mail-archives.apache.org/mod_mbox/ctakes-commits/201209.mbox/<20120924220607.021ED2388C52@eris.apache.org>,chenpei
Mon Sep 24 22:07:35 2012,http://mail-archives.apache.org/mod_mbox/ctakes-commits/201209.mbox/<20120924220607.021ED2388C52@eris.apache.org>,chenpei
Mon Sep 24 22:07:35 2012,http://mail-archives.apache.org/mod_mbox/ctakes-commits/201209.mbox/<20120924220607.021ED2388C52@eris.apache.org>,chenpei
Mon Sep 24 22:07:35 2012,http://mail-archives.apache.org/mod_mbox/ctakes-commits/201209.mbox/<20120924220607.021ED2388C52@eris.apache.org>,chenpei
Mon Sep 24 22:07:35 2012,http://mail-archives.apache.org/mod_mbox/ctakes-commits/201209.mbox/<20120924220607.021ED2388C52@eris.apache.org>,chenpei
Mon Sep 24 22:07:35 2012,http://mail-archives.apache.org/mod_mbox/ctakes-commits/201209.mbox/<20120924220607.021ED2388C52@eris.apache.org>,chenpei
Mon Sep 24 22:07:35 2012,http://mail-archives.apache.org/mod_mbox/ctakes-commits/201209.mbox/<20120924220607.021ED2388C52@eris.apache.org>,chenpei
Mon Sep 24 22:07:35 2012,http://mail-archives.apache.org/mod_mbox/ctakes-commits/201209.mbox/<20120924220607.021ED2388C52@eris.apache.org>,chenpei
Mon Sep 24 22:07:35 2012,http://mail-archives.apache.org/mod_mbox/ctakes-commits/201209.mbox/<20120924220607.021ED2388C52@eris.apache.org>,chenpei
Mon Sep 24 22:07:35 2012,http://mail-archives.apache.org/mod_mbox/ctakes-commits/201209.mbox/<20120924220607.021ED2388C52@eris.apache.org>,chenpei
Mon Sep 24 22:07:35 2012,http://mail-archives.apache.org/mod_mbox/ctakes-commits/201209.mbox/<20120924220607.021ED2388C52@eris.apache.org>,chenpei
Mon Sep 24 22:07:35 2012,http://mail-archives.apache.org/mod_mbox/ctakes-commits/201209.mbox/<20120924220607.021ED2388C52@eris.apache.org>,chenpei
Mon Sep 24 22:07:35 2012,http://mail-archives.apache.org/mod_mbox/ctakes-commits/201209.mbox/<20120924220607.021ED2388C52@eris.apache.org>,chenpei
Mon Sep 24 22:07:35 2012,http://mail-archives.apache.org/mod_mbox/ctakes-commits/201209.mbox/<20120924220607.021ED2388C52@eris.apache.org>,chenpei
Mon Sep 24 22:07:35 2012,http://mail-archives.apache.org/mod_mbox/ctakes-commits/201209.mbox/<20120924220607.021ED2388C52@eris.apache.org>,chenpei
Mon Sep 24 22:07:35 2012,http://mail-archives.apache.org/mod_mbox/ctakes-commits/201209.mbox/<20120924220607.021ED2388C52@eris.apache.org>,chenpei
Mon Sep 24 22:07:35 2012,http://mail-archives.apache.org/mod_mbox/ctakes-commits/201209.mbox/<20120924220607.021ED2388C52@eris.apache.org>,chenpei
Mon Sep 24 22:07:35 2012,http://mail-archives.apache.org/mod_mbox/ctakes-commits/201209.mbox/<20120924220607.021ED2388C52@eris.apache.org>,chenpei
Mon Sep 24 22:07:35 2012,http://mail-archives.apache.org/mod_mbox/ctakes-commits/201209.mbox/<20120924220607.021ED2388C52@eris.apache.org>,chenpei
Mon Sep 24 22:07:35 2012,http://mail-archives.apache.org/mod_mbox/ctakes-commits/201209.mbox/<20120924220607.021ED2388C52@eris.apache.org>,chenpei
Mon Sep 24 22:07:35 2012,http://mail-archives.apache.org/mod_mbox/ctakes-commits/201209.mbox/<20120924220607.021ED2388C52@eris.apache.org>,chenpei
Mon Sep 24 22:07:35 2012,http://mail-archives.apache.org/mod_mbox/ctakes-commits/201209.mbox/<20120924220607.021ED2388C52@eris.apache.org>,chenpei
Mon Sep 24 22:07:35 2012,http://mail-archives.apache.org/mod_mbox/ctakes-commits/201209.mbox/<20120924220607.021ED2388C52@eris.apache.org>,chenpei
Mon Sep 24 22:07:35 2012,http://mail-archives.apache.org/mod_mbox/ctakes-commits/201209.mbox/<20120924220607.021ED2388C52@eris.apache.org>,chenpei
Mon Sep 24 22:07:35 2012,http://mail-archives.apache.org/mod_mbox/ctakes-commits/201209.mbox/<20120924220607.021ED2388C52@eris.apache.org>,chenpei
Mon Sep 24 22:07:35 2012,http://mail-archives.apache.org/mod_mbox/ctakes-commits/201209.mbox/<20120924220607.021ED2388C52@eris.apache.org>,chenpei
Mon Sep 24 22:07:35 2012,http://mail-archives.apache.org/mod_mbox/ctakes-commits/201209.mbox/<20120924220607.021ED2388C52@eris.apache.org>,chenpei
Mon Sep 24 22:07:35 2012,http://mail-archives.apache.org/mod_mbox/ctakes-commits/201209.mbox/<20120924220607.021ED2388C52@eris.apache.org>,chenpei
Mon Sep 24 22:07:35 2012,http://mail-archives.apache.org/mod_mbox/ctakes-commits/201209.mbox/<20120924220607.021ED2388C52@eris.apache.org>,chenpei
Mon Sep 24 22:07:35 2012,http://mail-archives.apache.org/mod_mbox/ctakes-commits/201209.mbox/<20120924220607.021ED2388C52@eris.apache.org>,chenpei
Mon Sep 24 22:07:35 2012,http://mail-archives.apache.org/mod_mbox/ctakes-commits/201209.mbox/<20120924220607.021ED2388C52@eris.apache.org>,chenpei
Mon Sep 24 22:07:35 2012,http://mail-archives.apache.org/mod_mbox/ctakes-commits/201209.mbox/<20120924220607.021ED2388C52@eris.apache.org>,chenpei
Mon Sep 24 22:07:35 2012,http://mail-archives.apache.org/mod_mbox/ctakes-commits/201209.mbox/<20120924220607.021ED2388C52@eris.apache.org>,chenpei
Mon Sep 24 22:07:35 2012,http://mail-archives.apache.org/mod_mbox/ctakes-commits/201209.mbox/<20120924220607.021ED2388C52@eris.apache.org>,chenpei
Mon Sep 24 22:07:35 2012,http://mail-archives.apache.org/mod_mbox/ctakes-commits/201209.mbox/<20120924220607.021ED2388C52@eris.apache.org>,chenpei
Mon Sep 24 22:07:35 2012,http://mail-archives.apache.org/mod_mbox/ctakes-commits/201209.mbox/<20120924220607.021ED2388C52@eris.apache.org>,chenpei
Mon Sep 24 22:07:35 2012,http://mail-archives.apache.org/mod_mbox/ctakes-commits/201209.mbox/<20120924220607.021ED2388C52@eris.apache.org>,chenpei
Mon Sep 24 22:07:35 2012,http://mail-archives.apache.org/mod_mbox/ctakes-commits/201209.mbox/<20120924220607.021ED2388C52@eris.apache.org>,chenpei
Mon Sep 24 22:07:35 2012,http://mail-archives.apache.org/mod_mbox/ctakes-commits/201209.mbox/<20120924220607.021ED2388C52@eris.apache.org>,chenpei
Mon Sep 24 22:07:35 2012,http://mail-archives.apache.org/mod_mbox/ctakes-commits/201209.mbox/<20120924220607.021ED2388C52@eris.apache.org>,chenpei
Mon Sep 24 22:07:35 2012,http://mail-archives.apache.org/mod_mbox/ctakes-commits/201209.mbox/<20120924220607.021ED2388C52@eris.apache.org>,chenpei
Mon Sep 24 22:07:35 2012,http://mail-archives.apache.org/mod_mbox/ctakes-commits/201209.mbox/<20120924220607.021ED2388C52@eris.apache.org>,chenpei
Mon Sep 24 22:07:35 2012,http://mail-archives.apache.org/mod_mbox/ctakes-commits/201209.mbox/<20120924220607.021ED2388C52@eris.apache.org>,chenpei
Mon Sep 24 22:07:35 2012,http://mail-archives.apache.org/mod_mbox/ctakes-commits/201209.mbox/<20120924220607.021ED2388C52@eris.apache.org>,chenpei
Mon Sep 24 22:07:35 2012,http://mail-archives.apache.org/mod_mbox/ctakes-commits/201209.mbox/<20120924220607.021ED2388C52@eris.apache.org>,chenpei
Mon Sep 24 22:07:35 2012,http://mail-archives.apache.org/mod_mbox/ctakes-commits/201209.mbox/<20120924220607.021ED2388C52@eris.apache.org>,chenpei
Mon Sep 24 22:07:35 2012,http://mail-archives.apache.org/mod_mbox/ctakes-commits/201209.mbox/<20120924220607.021ED2388C52@eris.apache.org>,chenpei
Mon Sep 24 22:07:35 2012,http://mail-archives.apache.org/mod_mbox/ctakes-commits/201209.mbox/<20120924220607.021ED2388C52@eris.apache.org>,chenpei
Mon Sep 24 22:07:35 2012,http://mail-archives.apache.org/mod_mbox/ctakes-commits/201209.mbox/<20120924220607.021ED2388C52@eris.apache.org>,chenpei
Mon Sep 24 22:07:35 2012,http://mail-archives.apache.org/mod_mbox/ctakes-commits/201209.mbox/<20120924220607.021ED2388C52@eris.apache.org>,chenpei
Mon Sep 24 22:07:35 2012,http://mail-archives.apache.org/mod_mbox/ctakes-commits/201209.mbox/<20120924220607.021ED2388C52@eris.apache.org>,chenpei
Mon Sep 24 22:07:35 2012,http://mail-archives.apache.org/mod_mbox/ctakes-commits/201209.mbox/<20120924220607.021ED2388C52@eris.apache.org>,chenpei
Mon Sep 24 22:07:35 2012,http://mail-archives.apache.org/mod_mbox/ctakes-commits/201209.mbox/<20120924220607.021ED2388C52@eris.apache.org>,chenpei
Mon Sep 24 22:07:35 2012,http://mail-archives.apache.org/mod_mbox/ctakes-commits/201209.mbox/<20120924220607.021ED2388C52@eris.apache.org>,chenpei
Mon Sep 24 22:07:35 2012,http://mail-archives.apache.org/mod_mbox/ctakes-commits/201209.mbox/<20120924220607.021ED2388C52@eris.apache.org>,chenpei
Mon Sep 24 22:07:35 2012,http://mail-archives.apache.org/mod_mbox/ctakes-commits/201209.mbox/<20120924220607.021ED2388C52@eris.apache.org>,chenpei
Mon Sep 24 22:07:35 2012,http://mail-archives.apache.org/mod_mbox/ctakes-commits/201209.mbox/<20120924220607.021ED2388C52@eris.apache.org>,chenpei
Mon Sep 24 22:07:35 2012,http://mail-archives.apache.org/mod_mbox/ctakes-commits/201209.mbox/<20120924220607.021ED2388C52@eris.apache.org>,chenpei
Mon Sep 24 22:07:35 2012,http://mail-archives.apache.org/mod_mbox/ctakes-commits/201209.mbox/<20120924220607.021ED2388C52@eris.apache.org>,chenpei
Mon Sep 24 22:07:35 2012,http://mail-archives.apache.org/mod_mbox/ctakes-commits/201209.mbox/<20120924220607.021ED2388C52@eris.apache.org>,chenpei
Mon Sep 24 22:07:35 2012,http://mail-archives.apache.org/mod_mbox/ctakes-commits/201209.mbox/<20120924220607.021ED2388C52@eris.apache.org>,chenpei
Mon Sep 24 22:07:35 2012,http://mail-archives.apache.org/mod_mbox/ctakes-commits/201209.mbox/<20120924220607.021ED2388C52@eris.apache.org>,chenpei
Mon Sep 24 22:07:35 2012,http://mail-archives.apache.org/mod_mbox/ctakes-commits/201209.mbox/<20120924220607.021ED2388C52@eris.apache.org>,chenpei
Mon Sep 24 22:07:35 2012,http://mail-archives.apache.org/mod_mbox/ctakes-commits/201209.mbox/<20120924220607.021ED2388C52@eris.apache.org>,chenpei
Mon Sep 24 22:07:35 2012,http://mail-archives.apache.org/mod_mbox/ctakes-commits/201209.mbox/<20120924220607.021ED2388C52@eris.apache.org>,chenpei
Mon Sep 24 22:07:35 2012,http://mail-archives.apache.org/mod_mbox/ctakes-commits/201209.mbox/<20120924220607.021ED2388C52@eris.apache.org>,chenpei
Mon Sep 24 22:07:35 2012,http://mail-archives.apache.org/mod_mbox/ctakes-commits/201209.mbox/<20120924220607.021ED2388C52@eris.apache.org>,chenpei
Mon Sep 24 22:07:35 2012,http://mail-archives.apache.org/mod_mbox/ctakes-commits/201209.mbox/<20120924220607.021ED2388C52@eris.apache.org>,chenpei
Mon Sep 24 22:07:35 2012,http://mail-archives.apache.org/mod_mbox/ctakes-commits/201209.mbox/<20120924220607.021ED2388C52@eris.apache.org>,chenpei
Mon Sep 24 22:07:35 2012,http://mail-archives.apache.org/mod_mbox/ctakes-commits/201209.mbox/<20120924220607.021ED2388C52@eris.apache.org>,chenpei
Mon Sep 24 22:07:35 2012,http://mail-archives.apache.org/mod_mbox/ctakes-commits/201209.mbox/<20120924220607.021ED2388C52@eris.apache.org>,chenpei
Mon Sep 24 22:07:35 2012,http://mail-archives.apache.org/mod_mbox/ctakes-commits/201209.mbox/<20120924220607.021ED2388C52@eris.apache.org>,chenpei
Mon Sep 24 22:07:35 2012,http://mail-archives.apache.org/mod_mbox/ctakes-commits/201209.mbox/<20120924220607.021ED2388C52@eris.apache.org>,chenpei
Mon Sep 24 22:07:35 2012,http://mail-archives.apache.org/mod_mbox/ctakes-commits/201209.mbox/<20120924220607.021ED2388C52@eris.apache.org>,chenpei
Mon Sep 24 22:07:35 2012,http://mail-archives.apache.org/mod_mbox/ctakes-commits/201209.mbox/<20120924220607.021ED2388C52@eris.apache.org>,chenpei
Mon Sep 24 22:07:35 2012,http://mail-archives.apache.org/mod_mbox/ctakes-commits/201209.mbox/<20120924220607.021ED2388C52@eris.apache.org>,chenpei
Mon Sep 24 22:07:35 2012,http://mail-archives.apache.org/mod_mbox/ctakes-commits/201209.mbox/<20120924220607.021ED2388C52@eris.apache.org>,chenpei
Mon Sep 24 22:07:35 2012,http://mail-archives.apache.org/mod_mbox/ctakes-commits/201209.mbox/<20120924220607.021ED2388C52@eris.apache.org>,chenpei
Mon Sep 24 22:07:35 2012,http://mail-archives.apache.org/mod_mbox/ctakes-commits/201209.mbox/<20120924220607.021ED2388C52@eris.apache.org>,chenpei
Mon Sep 24 22:07:35 2012,http://mail-archives.apache.org/mod_mbox/ctakes-commits/201209.mbox/<20120924220607.021ED2388C52@eris.apache.org>,chenpei
Mon Sep 24 22:07:35 2012,http://mail-archives.apache.org/mod_mbox/ctakes-commits/201209.mbox/<20120924220607.021ED2388C52@eris.apache.org>,chenpei
Mon Sep 24 22:07:35 2012,http://mail-archives.apache.org/mod_mbox/ctakes-commits/201209.mbox/<20120924220607.021ED2388C52@eris.apache.org>,chenpei
Mon Sep 24 22:07:35 2012,http://mail-archives.apache.org/mod_mbox/ctakes-commits/201209.mbox/<20120924220607.021ED2388C52@eris.apache.org>,chenpei
Mon Sep 24 22:07:35 2012,http://mail-archives.apache.org/mod_mbox/ctakes-commits/201209.mbox/<20120924220607.021ED2388C52@eris.apache.org>,chenpei
Mon Sep 24 22:07:35 2012,http://mail-archives.apache.org/mod_mbox/ctakes-commits/201209.mbox/<20120924220607.021ED2388C52@eris.apache.org>,chenpei
Mon Sep 24 22:07:35 2012,http://mail-archives.apache.org/mod_mbox/ctakes-commits/201209.mbox/<20120924220607.021ED2388C52@eris.apache.org>,chenpei
Mon Sep 24 22:07:35 2012,http://mail-archives.apache.org/mod_mbox/ctakes-commits/201209.mbox/<20120924220607.021ED2388C52@eris.apache.org>,chenpei
Mon Sep 24 22:07:35 2012,http://mail-archives.apache.org/mod_mbox/ctakes-commits/201209.mbox/<20120924220607.021ED2388C52@eris.apache.org>,chenpei
Mon Sep 24 22:07:35 2012,http://mail-archives.apache.org/mod_mbox/ctakes-commits/201209.mbox/<20120924220607.021ED2388C52@eris.apache.org>,chenpei
Mon Sep 24 22:07:35 2012,http://mail-archives.apache.org/mod_mbox/ctakes-commits/201209.mbox/<20120924220607.021ED2388C52@eris.apache.org>,chenpei
Mon Sep 24 22:07:35 2012,http://mail-archives.apache.org/mod_mbox/ctakes-commits/201209.mbox/<20120924220607.021ED2388C52@eris.apache.org>,chenpei
Mon Sep 24 22:07:35 2012,http://mail-archives.apache.org/mod_mbox/ctakes-commits/201209.mbox/<20120924220607.021ED2388C52@eris.apache.org>,chenpei
Mon Sep 24 22:07:35 2012,http://mail-archives.apache.org/mod_mbox/ctakes-commits/201209.mbox/<20120924220607.021ED2388C52@eris.apache.org>,chenpei
Mon Sep 24 22:07:35 2012,http://mail-archives.apache.org/mod_mbox/ctakes-commits/201209.mbox/<20120924220607.021ED2388C52@eris.apache.org>,chenpei
Mon Sep 24 22:07:35 2012,http://mail-archives.apache.org/mod_mbox/ctakes-commits/201209.mbox/<20120924220607.021ED2388C52@eris.apache.org>,chenpei
Mon Sep 24 22:07:35 2012,http://mail-archives.apache.org/mod_mbox/ctakes-commits/201209.mbox/<20120924220607.021ED2388C52@eris.apache.org>,chenpei
Mon Sep 24 22:07:35 2012,http://mail-archives.apache.org/mod_mbox/ctakes-commits/201209.mbox/<20120924220607.021ED2388C52@eris.apache.org>,chenpei
Mon Sep 24 22:07:35 2012,http://mail-archives.apache.org/mod_mbox/ctakes-commits/201209.mbox/<20120924220607.021ED2388C52@eris.apache.org>,chenpei
Mon Sep 24 22:07:35 2012,http://mail-archives.apache.org/mod_mbox/ctakes-commits/201209.mbox/<20120924220607.021ED2388C52@eris.apache.org>,chenpei
Mon Sep 24 22:07:35 2012,http://mail-archives.apache.org/mod_mbox/ctakes-commits/201209.mbox/<20120924220607.021ED2388C52@eris.apache.org>,chenpei
Mon Sep 24 22:07:35 2012,http://mail-archives.apache.org/mod_mbox/ctakes-commits/201209.mbox/<20120924220607.021ED2388C52@eris.apache.org>,chenpei
Mon Sep 24 22:07:35 2012,http://mail-archives.apache.org/mod_mbox/ctakes-commits/201209.mbox/<20120924220607.021ED2388C52@eris.apache.org>,chenpei
Mon Sep 24 22:07:35 2012,http://mail-archives.apache.org/mod_mbox/ctakes-commits/201209.mbox/<20120924220607.021ED2388C52@eris.apache.org>,chenpei
Mon Sep 24 22:07:35 2012,http://mail-archives.apache.org/mod_mbox/ctakes-commits/201209.mbox/<20120924220607.021ED2388C52@eris.apache.org>,chenpei
Mon Sep 24 22:07:35 2012,http://mail-archives.apache.org/mod_mbox/ctakes-commits/201209.mbox/<20120924220607.021ED2388C52@eris.apache.org>,chenpei
Mon Sep 24 22:07:35 2012,http://mail-archives.apache.org/mod_mbox/ctakes-commits/201209.mbox/<20120924220607.021ED2388C52@eris.apache.org>,chenpei
Mon Sep 24 22:07:35 2012,http://mail-archives.apache.org/mod_mbox/ctakes-commits/201209.mbox/<20120924220607.021ED2388C52@eris.apache.org>,chenpei
Mon Sep 24 22:07:35 2012,http://mail-archives.apache.org/mod_mbox/ctakes-commits/201209.mbox/<20120924220607.021ED2388C52@eris.apache.org>,chenpei
Mon Sep 24 22:07:35 2012,http://mail-archives.apache.org/mod_mbox/ctakes-commits/201209.mbox/<20120924220607.021ED2388C52@eris.apache.org>,chenpei
Mon Sep 24 22:07:35 2012,http://mail-archives.apache.org/mod_mbox/ctakes-commits/201209.mbox/<20120924220607.021ED2388C52@eris.apache.org>,chenpei
Mon Sep 24 22:07:35 2012,http://mail-archives.apache.org/mod_mbox/ctakes-commits/201209.mbox/<20120924220607.021ED2388C52@eris.apache.org>,chenpei
Mon Sep 24 22:07:35 2012,http://mail-archives.apache.org/mod_mbox/ctakes-commits/201209.mbox/<20120924220607.021ED2388C52@eris.apache.org>,chenpei
Mon Sep 24 22:07:35 2012,http://mail-archives.apache.org/mod_mbox/ctakes-commits/201209.mbox/<20120924220607.021ED2388C52@eris.apache.org>,chenpei
Mon Sep 24 22:07:35 2012,http://mail-archives.apache.org/mod_mbox/ctakes-commits/201209.mbox/<20120924220607.021ED2388C52@eris.apache.org>,chenpei
Mon Sep 24 22:07:35 2012,http://mail-archives.apache.org/mod_mbox/ctakes-commits/201209.mbox/<20120924220607.021ED2388C52@eris.apache.org>,chenpei
Mon Sep 24 22:07:35 2012,http://mail-archives.apache.org/mod_mbox/ctakes-commits/201209.mbox/<20120924220607.021ED2388C52@eris.apache.org>,chenpei
Mon Sep 24 22:07:35 2012,http://mail-archives.apache.org/mod_mbox/ctakes-commits/201209.mbox/<20120924220607.021ED2388C52@eris.apache.org>,chenpei
Mon Sep 24 22:07:35 2012,http://mail-archives.apache.org/mod_mbox/ctakes-commits/201209.mbox/<20120924220607.021ED2388C52@eris.apache.org>,chenpei
Mon Sep 24 22:07:35 2012,http://mail-archives.apache.org/mod_mbox/ctakes-commits/201209.mbox/<20120924220607.021ED2388C52@eris.apache.org>,chenpei
Mon Sep 24 22:07:35 2012,http://mail-archives.apache.org/mod_mbox/ctakes-commits/201209.mbox/<20120924220607.021ED2388C52@eris.apache.org>,chenpei
Mon Sep 24 22:07:35 2012,http://mail-archives.apache.org/mod_mbox/ctakes-commits/201209.mbox/<20120924220607.021ED2388C52@eris.apache.org>,chenpei
Mon Sep 24 22:07:35 2012,http://mail-archives.apache.org/mod_mbox/ctakes-commits/201209.mbox/<20120924220607.021ED2388C52@eris.apache.org>,chenpei
Mon Sep 24 22:07:35 2012,http://mail-archives.apache.org/mod_mbox/ctakes-commits/201209.mbox/<20120924220607.021ED2388C52@eris.apache.org>,chenpei
Mon Sep 24 22:07:35 2012,http://mail-archives.apache.org/mod_mbox/ctakes-commits/201209.mbox/<20120924220607.021ED2388C52@eris.apache.org>,chenpei
Mon Sep 24 22:07:35 2012,http://mail-archives.apache.org/mod_mbox/ctakes-commits/201209.mbox/<20120924220607.021ED2388C52@eris.apache.org>,chenpei
Mon Sep 24 22:07:35 2012,http://mail-archives.apache.org/mod_mbox/ctakes-commits/201209.mbox/<20120924220607.021ED2388C52@eris.apache.org>,chenpei
Mon Sep 24 22:07:35 2012,http://mail-archives.apache.org/mod_mbox/ctakes-commits/201209.mbox/<20120924220607.021ED2388C52@eris.apache.org>,chenpei
Mon Sep 24 22:07:35 2012,http://mail-archives.apache.org/mod_mbox/ctakes-commits/201209.mbox/<20120924220607.021ED2388C52@eris.apache.org>,chenpei
Mon Sep 24 22:07:35 2012,http://mail-archives.apache.org/mod_mbox/ctakes-commits/201209.mbox/<20120924220607.021ED2388C52@eris.apache.org>,chenpei
Mon Sep 24 22:07:35 2012,http://mail-archives.apache.org/mod_mbox/ctakes-commits/201209.mbox/<20120924220607.021ED2388C52@eris.apache.org>,chenpei
Mon Sep 24 22:07:35 2012,http://mail-archives.apache.org/mod_mbox/ctakes-commits/201209.mbox/<20120924220607.021ED2388C52@eris.apache.org>,chenpei
Mon Sep 24 22:07:35 2012,http://mail-archives.apache.org/mod_mbox/ctakes-commits/201209.mbox/<20120924220607.021ED2388C52@eris.apache.org>,chenpei
Mon Sep 24 22:07:35 2012,http://mail-archives.apache.org/mod_mbox/ctakes-commits/201209.mbox/<20120924220607.021ED2388C52@eris.apache.org>,chenpei
Mon Sep 24 22:07:35 2012,http://mail-archives.apache.org/mod_mbox/ctakes-commits/201209.mbox/<20120924220607.021ED2388C52@eris.apache.org>,chenpei
Mon Sep 24 22:07:35 2012,http://mail-archives.apache.org/mod_mbox/ctakes-commits/201209.mbox/<20120924220607.021ED2388C52@eris.apache.org>,chenpei
Mon Sep 24 22:07:35 2012,http://mail-archives.apache.org/mod_mbox/ctakes-commits/201209.mbox/<20120924220607.021ED2388C52@eris.apache.org>,chenpei
Mon Sep 24 22:07:35 2012,http://mail-archives.apache.org/mod_mbox/ctakes-commits/201209.mbox/<20120924220607.021ED2388C52@eris.apache.org>,chenpei
Mon Sep 24 22:07:35 2012,http://mail-archives.apache.org/mod_mbox/ctakes-commits/201209.mbox/<20120924220607.021ED2388C52@eris.apache.org>,chenpei
Mon Sep 24 22:07:35 2012,http://mail-archives.apache.org/mod_mbox/ctakes-commits/201209.mbox/<20120924220607.021ED2388C52@eris.apache.org>,chenpei
Mon Sep 24 22:07:35 2012,http://mail-archives.apache.org/mod_mbox/ctakes-commits/201209.mbox/<20120924220607.021ED2388C52@eris.apache.org>,chenpei
Mon Sep 24 22:07:35 2012,http://mail-archives.apache.org/mod_mbox/ctakes-commits/201209.mbox/<20120924220607.021ED2388C52@eris.apache.org>,chenpei
Mon Sep 24 22:07:35 2012,http://mail-archives.apache.org/mod_mbox/ctakes-commits/201209.mbox/<20120924220607.021ED2388C52@eris.apache.org>,chenpei
Mon Sep 24 22:07:35 2012,http://mail-archives.apache.org/mod_mbox/ctakes-commits/201209.mbox/<20120924220607.021ED2388C52@eris.apache.org>,chenpei
Mon Sep 24 22:07:35 2012,http://mail-archives.apache.org/mod_mbox/ctakes-commits/201209.mbox/<20120924220607.021ED2388C52@eris.apache.org>,chenpei
Mon Sep 24 22:07:35 2012,http://mail-archives.apache.org/mod_mbox/ctakes-commits/201209.mbox/<20120924220607.021ED2388C52@eris.apache.org>,chenpei
Mon Sep 24 22:07:35 2012,http://mail-archives.apache.org/mod_mbox/ctakes-commits/201209.mbox/<20120924220607.021ED2388C52@eris.apache.org>,chenpei
Mon Sep 24 22:07:35 2012,http://mail-archives.apache.org/mod_mbox/ctakes-commits/201209.mbox/<20120924220607.021ED2388C52@eris.apache.org>,chenpei
Mon Sep 24 22:07:35 2012,http://mail-archives.apache.org/mod_mbox/ctakes-commits/201209.mbox/<20120924220607.021ED2388C52@eris.apache.org>,chenpei
Mon Sep 24 22:07:35 2012,http://mail-archives.apache.org/mod_mbox/ctakes-commits/201209.mbox/<20120924220607.021ED2388C52@eris.apache.org>,chenpei
Mon Sep 24 22:07:35 2012,http://mail-archives.apache.org/mod_mbox/ctakes-commits/201209.mbox/<20120924220607.021ED2388C52@eris.apache.org>,chenpei
Mon Sep 24 22:07:35 2012,http://mail-archives.apache.org/mod_mbox/ctakes-commits/201209.mbox/<20120924220607.021ED2388C52@eris.apache.org>,chenpei
Mon Sep 24 22:07:35 2012,http://mail-archives.apache.org/mod_mbox/ctakes-commits/201209.mbox/<20120924220607.021ED2388C52@eris.apache.org>,chenpei
Mon Sep 24 22:07:35 2012,http://mail-archives.apache.org/mod_mbox/ctakes-commits/201209.mbox/<20120924220607.021ED2388C52@eris.apache.org>,chenpei
Mon Sep 24 22:07:35 2012,http://mail-archives.apache.org/mod_mbox/ctakes-commits/201209.mbox/<20120924220607.021ED2388C52@eris.apache.org>,chenpei
Mon Sep 24 22:07:35 2012,http://mail-archives.apache.org/mod_mbox/ctakes-commits/201209.mbox/<20120924220607.021ED2388C52@eris.apache.org>,chenpei
Mon Sep 24 22:07:35 2012,http://mail-archives.apache.org/mod_mbox/ctakes-commits/201209.mbox/<20120924220607.021ED2388C52@eris.apache.org>,chenpei
Mon Sep 24 22:07:35 2012,http://mail-archives.apache.org/mod_mbox/ctakes-commits/201209.mbox/<20120924220607.021ED2388C52@eris.apache.org>,chenpei
Mon Sep 24 22:07:35 2012,http://mail-archives.apache.org/mod_mbox/ctakes-commits/201209.mbox/<20120924220607.021ED2388C52@eris.apache.org>,chenpei
Mon Sep 24 22:07:35 2012,http://mail-archives.apache.org/mod_mbox/ctakes-commits/201209.mbox/<20120924220607.021ED2388C52@eris.apache.org>,chenpei
Mon Sep 24 22:07:35 2012,http://mail-archives.apache.org/mod_mbox/ctakes-commits/201209.mbox/<20120924220607.021ED2388C52@eris.apache.org>,chenpei
Mon Sep 24 22:07:35 2012,http://mail-archives.apache.org/mod_mbox/ctakes-commits/201209.mbox/<20120924220607.021ED2388C52@eris.apache.org>,chenpei
Mon Sep 24 22:07:35 2012,http://mail-archives.apache.org/mod_mbox/ctakes-commits/201209.mbox/<20120924220607.021ED2388C52@eris.apache.org>,chenpei
Mon Sep 24 22:07:35 2012,http://mail-archives.apache.org/mod_mbox/ctakes-commits/201209.mbox/<20120924220607.021ED2388C52@eris.apache.org>,chenpei
Mon Sep 24 22:07:35 2012,http://mail-archives.apache.org/mod_mbox/ctakes-commits/201209.mbox/<20120924220607.021ED2388C52@eris.apache.org>,chenpei
Mon Sep 24 22:07:35 2012,http://mail-archives.apache.org/mod_mbox/ctakes-commits/201209.mbox/<20120924220607.021ED2388C52@eris.apache.org>,chenpei
Mon Sep 24 22:07:35 2012,http://mail-archives.apache.org/mod_mbox/ctakes-commits/201209.mbox/<20120924220607.021ED2388C52@eris.apache.org>,chenpei
Mon Sep 24 22:07:35 2012,http://mail-archives.apache.org/mod_mbox/ctakes-commits/201209.mbox/<20120924220607.021ED2388C52@eris.apache.org>,chenpei
Mon Sep 24 22:07:35 2012,http://mail-archives.apache.org/mod_mbox/ctakes-commits/201209.mbox/<20120924220607.021ED2388C52@eris.apache.org>,chenpei
Mon Sep 24 22:07:35 2012,http://mail-archives.apache.org/mod_mbox/ctakes-commits/201209.mbox/<20120924220607.021ED2388C52@eris.apache.org>,chenpei
Mon Sep 24 22:07:35 2012,http://mail-archives.apache.org/mod_mbox/ctakes-commits/201209.mbox/<20120924220607.021ED2388C52@eris.apache.org>,chenpei
Mon Sep 24 22:07:35 2012,http://mail-archives.apache.org/mod_mbox/ctakes-commits/201209.mbox/<20120924220607.021ED2388C52@eris.apache.org>,chenpei
Mon Sep 24 22:07:35 2012,http://mail-archives.apache.org/mod_mbox/ctakes-commits/201209.mbox/<20120924220607.021ED2388C52@eris.apache.org>,chenpei
Mon Sep 24 22:07:35 2012,http://mail-archives.apache.org/mod_mbox/ctakes-commits/201209.mbox/<20120924220607.021ED2388C52@eris.apache.org>,chenpei
Mon Sep 24 22:07:35 2012,http://mail-archives.apache.org/mod_mbox/ctakes-commits/201209.mbox/<20120924220607.021ED2388C52@eris.apache.org>,chenpei
Mon Sep 24 22:07:35 2012,http://mail-archives.apache.org/mod_mbox/ctakes-commits/201209.mbox/<20120924220607.021ED2388C52@eris.apache.org>,chenpei
Mon Sep 24 22:07:35 2012,http://mail-archives.apache.org/mod_mbox/ctakes-commits/201209.mbox/<20120924220607.021ED2388C52@eris.apache.org>,chenpei
Mon Sep 24 22:07:35 2012,http://mail-archives.apache.org/mod_mbox/ctakes-commits/201209.mbox/<20120924220607.021ED2388C52@eris.apache.org>,chenpei
Mon Sep 24 22:07:35 2012,http://mail-archives.apache.org/mod_mbox/ctakes-commits/201209.mbox/<20120924220607.021ED2388C52@eris.apache.org>,chenpei
Mon Sep 24 22:07:35 2012,http://mail-archives.apache.org/mod_mbox/ctakes-commits/201209.mbox/<20120924220607.021ED2388C52@eris.apache.org>,chenpei
Mon Sep 24 22:07:35 2012,http://mail-archives.apache.org/mod_mbox/ctakes-commits/201209.mbox/<20120924220607.021ED2388C52@eris.apache.org>,chenpei
Mon Sep 24 22:07:35 2012,http://mail-archives.apache.org/mod_mbox/ctakes-commits/201209.mbox/<20120924220607.021ED2388C52@eris.apache.org>,chenpei
Mon Sep 24 22:07:35 2012,http://mail-archives.apache.org/mod_mbox/ctakes-commits/201209.mbox/<20120924220607.021ED2388C52@eris.apache.org>,chenpei
Mon Sep 24 22:07:35 2012,http://mail-archives.apache.org/mod_mbox/ctakes-commits/201209.mbox/<20120924220607.021ED2388C52@eris.apache.org>,chenpei
Mon Sep 24 22:07:35 2012,http://mail-archives.apache.org/mod_mbox/ctakes-commits/201209.mbox/<20120924220607.021ED2388C52@eris.apache.org>,chenpei
Mon Sep 24 22:07:35 2012,http://mail-archives.apache.org/mod_mbox/ctakes-commits/201209.mbox/<20120924220607.021ED2388C52@eris.apache.org>,chenpei
Mon Sep 24 22:07:35 2012,http://mail-archives.apache.org/mod_mbox/ctakes-commits/201209.mbox/<20120924220607.021ED2388C52@eris.apache.org>,chenpei
Mon Sep 24 22:07:35 2012,http://mail-archives.apache.org/mod_mbox/ctakes-commits/201209.mbox/<20120924220607.021ED2388C52@eris.apache.org>,chenpei
Mon Sep 24 22:07:35 2012,http://mail-archives.apache.org/mod_mbox/ctakes-commits/201209.mbox/<20120924220607.021ED2388C52@eris.apache.org>,chenpei
Mon Sep 24 22:07:35 2012,http://mail-archives.apache.org/mod_mbox/ctakes-commits/201209.mbox/<20120924220607.021ED2388C52@eris.apache.org>,chenpei
Mon Sep 24 22:07:35 2012,http://mail-archives.apache.org/mod_mbox/ctakes-commits/201209.mbox/<20120924220607.021ED2388C52@eris.apache.org>,chenpei
Mon Sep 24 22:07:35 2012,http://mail-archives.apache.org/mod_mbox/ctakes-commits/201209.mbox/<20120924220607.021ED2388C52@eris.apache.org>,chenpei
Mon Sep 24 22:07:35 2012,http://mail-archives.apache.org/mod_mbox/ctakes-commits/201209.mbox/<20120924220607.021ED2388C52@eris.apache.org>,chenpei
Mon Sep 24 22:07:35 2012,http://mail-archives.apache.org/mod_mbox/ctakes-commits/201209.mbox/<20120924220607.021ED2388C52@eris.apache.org>,chenpei
Mon Sep 24 22:07:35 2012,http://mail-archives.apache.org/mod_mbox/ctakes-commits/201209.mbox/<20120924220607.021ED2388C52@eris.apache.org>,chenpei
Mon Sep 24 22:07:35 2012,http://mail-archives.apache.org/mod_mbox/ctakes-commits/201209.mbox/<20120924220607.021ED2388C52@eris.apache.org>,chenpei
Mon Sep 24 22:07:35 2012,http://mail-archives.apache.org/mod_mbox/ctakes-commits/201209.mbox/<20120924220607.021ED2388C52@eris.apache.org>,chenpei
Mon Sep 24 22:07:35 2012,http://mail-archives.apache.org/mod_mbox/ctakes-commits/201209.mbox/<20120924220607.021ED2388C52@eris.apache.org>,chenpei
Mon Sep 24 22:07:35 2012,http://mail-archives.apache.org/mod_mbox/ctakes-commits/201209.mbox/<20120924220607.021ED2388C52@eris.apache.org>,chenpei
Mon Sep 24 22:07:35 2012,http://mail-archives.apache.org/mod_mbox/ctakes-commits/201209.mbox/<20120924220607.021ED2388C52@eris.apache.org>,chenpei
Mon Sep 24 22:07:35 2012,http://mail-archives.apache.org/mod_mbox/ctakes-commits/201209.mbox/<20120924220607.021ED2388C52@eris.apache.org>,chenpei
Mon Sep 24 22:07:35 2012,http://mail-archives.apache.org/mod_mbox/ctakes-commits/201209.mbox/<20120924220607.021ED2388C52@eris.apache.org>,chenpei
Mon Sep 24 22:07:35 2012,http://mail-archives.apache.org/mod_mbox/ctakes-commits/201209.mbox/<20120924220607.021ED2388C52@eris.apache.org>,chenpei
Mon Sep 24 22:07:35 2012,http://mail-archives.apache.org/mod_mbox/ctakes-commits/201209.mbox/<20120924220607.021ED2388C52@eris.apache.org>,chenpei
Mon Sep 24 22:07:35 2012,http://mail-archives.apache.org/mod_mbox/ctakes-commits/201209.mbox/<20120924220607.021ED2388C52@eris.apache.org>,chenpei
Mon Sep 24 22:07:35 2012,http://mail-archives.apache.org/mod_mbox/ctakes-commits/201209.mbox/<20120924220607.021ED2388C52@eris.apache.org>,chenpei
Mon Sep 24 22:07:35 2012,http://mail-archives.apache.org/mod_mbox/ctakes-commits/201209.mbox/<20120924220607.021ED2388C52@eris.apache.org>,chenpei
Mon Sep 24 22:07:35 2012,http://mail-archives.apache.org/mod_mbox/ctakes-commits/201209.mbox/<20120924220607.021ED2388C52@eris.apache.org>,chenpei
Mon Sep 24 22:07:35 2012,http://mail-archives.apache.org/mod_mbox/ctakes-commits/201209.mbox/<20120924220607.021ED2388C52@eris.apache.org>,chenpei
Mon Sep 24 22:07:35 2012,http://mail-archives.apache.org/mod_mbox/ctakes-commits/201209.mbox/<20120924220607.021ED2388C52@eris.apache.org>,chenpei
Mon Sep 24 22:07:35 2012,http://mail-archives.apache.org/mod_mbox/ctakes-commits/201209.mbox/<20120924220607.021ED2388C52@eris.apache.org>,chenpei
Mon Sep 24 22:07:35 2012,http://mail-archives.apache.org/mod_mbox/ctakes-commits/201209.mbox/<20120924220607.021ED2388C52@eris.apache.org>,chenpei
Mon Sep 24 22:07:35 2012,http://mail-archives.apache.org/mod_mbox/ctakes-commits/201209.mbox/<20120924220607.021ED2388C52@eris.apache.org>,chenpei
Mon Sep 24 22:07:35 2012,http://mail-archives.apache.org/mod_mbox/ctakes-commits/201209.mbox/<20120924220607.021ED2388C52@eris.apache.org>,chenpei
Mon Sep 24 22:07:35 2012,http://mail-archives.apache.org/mod_mbox/ctakes-commits/201209.mbox/<20120924220607.021ED2388C52@eris.apache.org>,chenpei
Mon Sep 24 22:07:35 2012,http://mail-archives.apache.org/mod_mbox/ctakes-commits/201209.mbox/<20120924220607.021ED2388C52@eris.apache.org>,chenpei
Mon Sep 24 22:07:35 2012,http://mail-archives.apache.org/mod_mbox/ctakes-commits/201209.mbox/<20120924220607.021ED2388C52@eris.apache.org>,chenpei
Mon Sep 24 22:07:35 2012,http://mail-archives.apache.org/mod_mbox/ctakes-commits/201209.mbox/<20120924220607.021ED2388C52@eris.apache.org>,chenpei
Mon Sep 24 22:07:35 2012,http://mail-archives.apache.org/mod_mbox/ctakes-commits/201209.mbox/<20120924220607.021ED2388C52@eris.apache.org>,chenpei
Mon Sep 24 22:07:35 2012,http://mail-archives.apache.org/mod_mbox/ctakes-commits/201209.mbox/<20120924220607.021ED2388C52@eris.apache.org>,chenpei
Mon Sep 24 22:07:35 2012,http://mail-archives.apache.org/mod_mbox/ctakes-commits/201209.mbox/<20120924220607.021ED2388C52@eris.apache.org>,chenpei
Mon Sep 24 22:07:35 2012,http://mail-archives.apache.org/mod_mbox/ctakes-commits/201209.mbox/<20120924220607.021ED2388C52@eris.apache.org>,chenpei
Mon Sep 24 22:07:35 2012,http://mail-archives.apache.org/mod_mbox/ctakes-commits/201209.mbox/<20120924220607.021ED2388C52@eris.apache.org>,chenpei
Mon Sep 24 22:07:35 2012,http://mail-archives.apache.org/mod_mbox/ctakes-commits/201209.mbox/<20120924220607.021ED2388C52@eris.apache.org>,chenpei
Mon Sep 24 22:07:35 2012,http://mail-archives.apache.org/mod_mbox/ctakes-commits/201209.mbox/<20120924220607.021ED2388C52@eris.apache.org>,chenpei
Mon Sep 24 22:07:35 2012,http://mail-archives.apache.org/mod_mbox/ctakes-commits/201209.mbox/<20120924220607.021ED2388C52@eris.apache.org>,chenpei
Mon Sep 24 22:07:35 2012,http://mail-archives.apache.org/mod_mbox/ctakes-commits/201209.mbox/<20120924220607.021ED2388C52@eris.apache.org>,chenpei
Mon Sep 24 22:07:35 2012,http://mail-archives.apache.org/mod_mbox/ctakes-commits/201209.mbox/<20120924220607.021ED2388C52@eris.apache.org>,chenpei
Mon Sep 24 22:07:35 2012,http://mail-archives.apache.org/mod_mbox/ctakes-commits/201209.mbox/<20120924220607.021ED2388C52@eris.apache.org>,chenpei
Mon Sep 24 22:07:35 2012,http://mail-archives.apache.org/mod_mbox/ctakes-commits/201209.mbox/<20120924220607.021ED2388C52@eris.apache.org>,chenpei
Mon Sep 24 22:07:35 2012,http://mail-archives.apache.org/mod_mbox/ctakes-commits/201209.mbox/<20120924220607.021ED2388C52@eris.apache.org>,chenpei
Mon Sep 24 22:07:35 2012,http://mail-archives.apache.org/mod_mbox/ctakes-commits/201209.mbox/<20120924220607.021ED2388C52@eris.apache.org>,chenpei
Mon Sep 24 22:07:35 2012,http://mail-archives.apache.org/mod_mbox/ctakes-commits/201209.mbox/<20120924220607.021ED2388C52@eris.apache.org>,chenpei
Mon Sep 24 22:07:35 2012,http://mail-archives.apache.org/mod_mbox/ctakes-commits/201209.mbox/<20120924220607.021ED2388C52@eris.apache.org>,chenpei
Mon Sep 24 22:07:35 2012,http://mail-archives.apache.org/mod_mbox/ctakes-commits/201209.mbox/<20120924220607.021ED2388C52@eris.apache.org>,chenpei
Mon Sep 24 22:07:35 2012,http://mail-archives.apache.org/mod_mbox/ctakes-commits/201209.mbox/<20120924220607.021ED2388C52@eris.apache.org>,chenpei
Mon Sep 24 22:07:35 2012,http://mail-archives.apache.org/mod_mbox/ctakes-commits/201209.mbox/<20120924220607.021ED2388C52@eris.apache.org>,chenpei
Mon Sep 24 22:07:35 2012,http://mail-archives.apache.org/mod_mbox/ctakes-commits/201209.mbox/<20120924220607.021ED2388C52@eris.apache.org>,chenpei
Mon Sep 24 22:07:35 2012,http://mail-archives.apache.org/mod_mbox/ctakes-commits/201209.mbox/<20120924220607.021ED2388C52@eris.apache.org>,chenpei
Mon Sep 24 22:07:35 2012,http://mail-archives.apache.org/mod_mbox/ctakes-commits/201209.mbox/<20120924220607.021ED2388C52@eris.apache.org>,chenpei
Mon Sep 24 22:07:35 2012,http://mail-archives.apache.org/mod_mbox/ctakes-commits/201209.mbox/<20120924220607.021ED2388C52@eris.apache.org>,chenpei
Mon Sep 24 22:07:35 2012,http://mail-archives.apache.org/mod_mbox/ctakes-commits/201209.mbox/<20120924220607.021ED2388C52@eris.apache.org>,chenpei
Mon Sep 24 22:07:35 2012,http://mail-archives.apache.org/mod_mbox/ctakes-commits/201209.mbox/<20120924220607.021ED2388C52@eris.apache.org>,chenpei
Mon Sep 24 22:07:35 2012,http://mail-archives.apache.org/mod_mbox/ctakes-commits/201209.mbox/<20120924220607.021ED2388C52@eris.apache.org>,chenpei
Mon Sep 24 22:07:35 2012,http://mail-archives.apache.org/mod_mbox/ctakes-commits/201209.mbox/<20120924220607.021ED2388C52@eris.apache.org>,chenpei
Mon Sep 24 22:07:35 2012,http://mail-archives.apache.org/mod_mbox/ctakes-commits/201209.mbox/<20120924220607.021ED2388C52@eris.apache.org>,chenpei
Mon Sep 24 22:07:35 2012,http://mail-archives.apache.org/mod_mbox/ctakes-commits/201209.mbox/<20120924220607.021ED2388C52@eris.apache.org>,chenpei
Mon Sep 24 22:07:35 2012,http://mail-archives.apache.org/mod_mbox/ctakes-commits/201209.mbox/<20120924220607.021ED2388C52@eris.apache.org>,chenpei
Mon Sep 24 22:07:35 2012,http://mail-archives.apache.org/mod_mbox/ctakes-commits/201209.mbox/<20120924220607.021ED2388C52@eris.apache.org>,chenpei
Mon Sep 24 22:07:35 2012,http://mail-archives.apache.org/mod_mbox/ctakes-commits/201209.mbox/<20120924220607.021ED2388C52@eris.apache.org>,chenpei
Mon Sep 24 22:07:35 2012,http://mail-archives.apache.org/mod_mbox/ctakes-commits/201209.mbox/<20120924220607.021ED2388C52@eris.apache.org>,chenpei
Mon Sep 24 22:07:35 2012,http://mail-archives.apache.org/mod_mbox/ctakes-commits/201209.mbox/<20120924220607.021ED2388C52@eris.apache.org>,chenpei
Mon Sep 24 22:07:35 2012,http://mail-archives.apache.org/mod_mbox/ctakes-commits/201209.mbox/<20120924220607.021ED2388C52@eris.apache.org>,chenpei
Mon Sep 24 22:07:35 2012,http://mail-archives.apache.org/mod_mbox/ctakes-commits/201209.mbox/<20120924220607.021ED2388C52@eris.apache.org>,chenpei
Mon Sep 24 22:07:35 2012,http://mail-archives.apache.org/mod_mbox/ctakes-commits/201209.mbox/<20120924220607.021ED2388C52@eris.apache.org>,chenpei
Mon Sep 24 22:07:35 2012,http://mail-archives.apache.org/mod_mbox/ctakes-commits/201209.mbox/<20120924220607.021ED2388C52@eris.apache.org>,chenpei
Mon Sep 24 22:07:35 2012,http://mail-archives.apache.org/mod_mbox/ctakes-commits/201209.mbox/<20120924220607.021ED2388C52@eris.apache.org>,chenpei
Mon Sep 24 22:07:35 2012,http://mail-archives.apache.org/mod_mbox/ctakes-commits/201209.mbox/<20120924220607.021ED2388C52@eris.apache.org>,chenpei
Mon Sep 24 22:07:35 2012,http://mail-archives.apache.org/mod_mbox/ctakes-commits/201209.mbox/<20120924220607.021ED2388C52@eris.apache.org>,chenpei
Mon Sep 24 22:07:35 2012,http://mail-archives.apache.org/mod_mbox/ctakes-commits/201209.mbox/<20120924220607.021ED2388C52@eris.apache.org>,chenpei
Mon Sep 24 22:07:35 2012,http://mail-archives.apache.org/mod_mbox/ctakes-commits/201209.mbox/<20120924220607.021ED2388C52@eris.apache.org>,chenpei
Mon Sep 24 22:07:35 2012,http://mail-archives.apache.org/mod_mbox/ctakes-commits/201209.mbox/<20120924220607.021ED2388C52@eris.apache.org>,chenpei
Mon Sep 24 22:07:35 2012,http://mail-archives.apache.org/mod_mbox/ctakes-commits/201209.mbox/<20120924220607.021ED2388C52@eris.apache.org>,chenpei
Mon Sep 24 22:07:35 2012,http://mail-archives.apache.org/mod_mbox/ctakes-commits/201209.mbox/<20120924220607.021ED2388C52@eris.apache.org>,chenpei
Mon Sep 24 22:07:35 2012,http://mail-archives.apache.org/mod_mbox/ctakes-commits/201209.mbox/<20120924220607.021ED2388C52@eris.apache.org>,chenpei
Mon Sep 24 22:07:35 2012,http://mail-archives.apache.org/mod_mbox/ctakes-commits/201209.mbox/<20120924220607.021ED2388C52@eris.apache.org>,chenpei
Mon Sep 24 22:07:35 2012,http://mail-archives.apache.org/mod_mbox/ctakes-commits/201209.mbox/<20120924220607.021ED2388C52@eris.apache.org>,chenpei
Mon Sep 24 22:07:35 2012,http://mail-archives.apache.org/mod_mbox/ctakes-commits/201209.mbox/<20120924220607.021ED2388C52@eris.apache.org>,chenpei
Mon Sep 24 22:07:35 2012,http://mail-archives.apache.org/mod_mbox/ctakes-commits/201209.mbox/<20120924220607.021ED2388C52@eris.apache.org>,chenpei
Mon Sep 24 22:07:35 2012,http://mail-archives.apache.org/mod_mbox/ctakes-commits/201209.mbox/<20120924220607.021ED2388C52@eris.apache.org>,chenpei
Mon Sep 24 22:07:35 2012,http://mail-archives.apache.org/mod_mbox/ctakes-commits/201209.mbox/<20120924220607.021ED2388C52@eris.apache.org>,chenpei
Mon Sep 24 22:07:35 2012,http://mail-archives.apache.org/mod_mbox/ctakes-commits/201209.mbox/<20120924220607.021ED2388C52@eris.apache.org>,chenpei
Mon Sep 24 22:07:35 2012,http://mail-archives.apache.org/mod_mbox/ctakes-commits/201209.mbox/<20120924220607.021ED2388C52@eris.apache.org>,chenpei
Mon Sep 24 22:07:35 2012,http://mail-archives.apache.org/mod_mbox/ctakes-commits/201209.mbox/<20120924220607.021ED2388C52@eris.apache.org>,chenpei
Mon Sep 24 22:07:35 2012,http://mail-archives.apache.org/mod_mbox/ctakes-commits/201209.mbox/<20120924220607.021ED2388C52@eris.apache.org>,chenpei
Mon Sep 24 22:07:35 2012,http://mail-archives.apache.org/mod_mbox/ctakes-commits/201209.mbox/<20120924220607.021ED2388C52@eris.apache.org>,chenpei
Mon Sep 24 22:07:35 2012,http://mail-archives.apache.org/mod_mbox/ctakes-commits/201209.mbox/<20120924220607.021ED2388C52@eris.apache.org>,chenpei
Mon Sep 24 22:07:35 2012,http://mail-archives.apache.org/mod_mbox/ctakes-commits/201209.mbox/<20120924220607.021ED2388C52@eris.apache.org>,chenpei
Mon Sep 24 22:07:35 2012,http://mail-archives.apache.org/mod_mbox/ctakes-commits/201209.mbox/<20120924220607.021ED2388C52@eris.apache.org>,chenpei
Mon Sep 24 22:07:35 2012,http://mail-archives.apache.org/mod_mbox/ctakes-commits/201209.mbox/<20120924220607.021ED2388C52@eris.apache.org>,chenpei
Mon Sep 24 22:07:35 2012,http://mail-archives.apache.org/mod_mbox/ctakes-commits/201209.mbox/<20120924220607.021ED2388C52@eris.apache.org>,chenpei
Mon Sep 24 22:07:35 2012,http://mail-archives.apache.org/mod_mbox/ctakes-commits/201209.mbox/<20120924220607.021ED2388C52@eris.apache.org>,chenpei
Mon Sep 24 22:07:35 2012,http://mail-archives.apache.org/mod_mbox/ctakes-commits/201209.mbox/<20120924220607.021ED2388C52@eris.apache.org>,chenpei
Mon Sep 24 22:07:35 2012,http://mail-archives.apache.org/mod_mbox/ctakes-commits/201209.mbox/<20120924220607.021ED2388C52@eris.apache.org>,chenpei
Mon Sep 24 22:07:35 2012,http://mail-archives.apache.org/mod_mbox/ctakes-commits/201209.mbox/<20120924220607.021ED2388C52@eris.apache.org>,chenpei
Mon Sep 24 22:07:35 2012,http://mail-archives.apache.org/mod_mbox/ctakes-commits/201209.mbox/<20120924220607.021ED2388C52@eris.apache.org>,chenpei
Mon Sep 24 22:07:35 2012,http://mail-archives.apache.org/mod_mbox/ctakes-commits/201209.mbox/<20120924220607.021ED2388C52@eris.apache.org>,chenpei
Mon Sep 24 22:07:35 2012,http://mail-archives.apache.org/mod_mbox/ctakes-commits/201209.mbox/<20120924220607.021ED2388C52@eris.apache.org>,chenpei
Mon Sep 24 22:07:35 2012,http://mail-archives.apache.org/mod_mbox/ctakes-commits/201209.mbox/<20120924220607.021ED2388C52@eris.apache.org>,chenpei
Mon Sep 24 22:07:35 2012,http://mail-archives.apache.org/mod_mbox/ctakes-commits/201209.mbox/<20120924220607.021ED2388C52@eris.apache.org>,chenpei
Mon Sep 24 22:07:35 2012,http://mail-archives.apache.org/mod_mbox/ctakes-commits/201209.mbox/<20120924220607.021ED2388C52@eris.apache.org>,chenpei
Mon Sep 24 22:07:35 2012,http://mail-archives.apache.org/mod_mbox/ctakes-commits/201209.mbox/<20120924220607.021ED2388C52@eris.apache.org>,chenpei
Mon Sep 24 22:07:35 2012,http://mail-archives.apache.org/mod_mbox/ctakes-commits/201209.mbox/<20120924220607.021ED2388C52@eris.apache.org>,chenpei
Mon Sep 24 22:07:35 2012,http://mail-archives.apache.org/mod_mbox/ctakes-commits/201209.mbox/<20120924220607.021ED2388C52@eris.apache.org>,chenpei
Mon Sep 24 22:07:35 2012,http://mail-archives.apache.org/mod_mbox/ctakes-commits/201209.mbox/<20120924220607.021ED2388C52@eris.apache.org>,chenpei
Mon Sep 24 22:07:35 2012,http://mail-archives.apache.org/mod_mbox/ctakes-commits/201209.mbox/<20120924220607.021ED2388C52@eris.apache.org>,chenpei
Mon Sep 24 22:07:35 2012,http://mail-archives.apache.org/mod_mbox/ctakes-commits/201209.mbox/<20120924220607.021ED2388C52@eris.apache.org>,chenpei
Mon Sep 24 22:07:35 2012,http://mail-archives.apache.org/mod_mbox/ctakes-commits/201209.mbox/<20120924220607.021ED2388C52@eris.apache.org>,chenpei
Mon Sep 24 22:07:35 2012,http://mail-archives.apache.org/mod_mbox/ctakes-commits/201209.mbox/<20120924220607.021ED2388C52@eris.apache.org>,chenpei
Mon Sep 24 22:07:35 2012,http://mail-archives.apache.org/mod_mbox/ctakes-commits/201209.mbox/<20120924220607.021ED2388C52@eris.apache.org>,chenpei
Mon Sep 24 22:07:35 2012,http://mail-archives.apache.org/mod_mbox/ctakes-commits/201209.mbox/<20120924220607.021ED2388C52@eris.apache.org>,chenpei
Mon Sep 24 22:07:35 2012,http://mail-archives.apache.org/mod_mbox/ctakes-commits/201209.mbox/<20120924220607.021ED2388C52@eris.apache.org>,chenpei
Mon Sep 24 22:07:35 2012,http://mail-archives.apache.org/mod_mbox/ctakes-commits/201209.mbox/<20120924220607.021ED2388C52@eris.apache.org>,chenpei
Mon Sep 24 22:07:35 2012,http://mail-archives.apache.org/mod_mbox/ctakes-commits/201209.mbox/<20120924220607.021ED2388C52@eris.apache.org>,chenpei
Mon Sep 24 22:07:35 2012,http://mail-archives.apache.org/mod_mbox/ctakes-commits/201209.mbox/<20120924220607.021ED2388C52@eris.apache.org>,chenpei
Mon Sep 24 22:07:35 2012,http://mail-archives.apache.org/mod_mbox/ctakes-commits/201209.mbox/<20120924220607.021ED2388C52@eris.apache.org>,chenpei
Mon Sep 24 22:07:35 2012,http://mail-archives.apache.org/mod_mbox/ctakes-commits/201209.mbox/<20120924220607.021ED2388C52@eris.apache.org>,chenpei
Mon Sep 24 22:07:35 2012,http://mail-archives.apache.org/mod_mbox/ctakes-commits/201209.mbox/<20120924220607.021ED2388C52@eris.apache.org>,chenpei
Mon Sep 24 22:07:35 2012,http://mail-archives.apache.org/mod_mbox/ctakes-commits/201209.mbox/<20120924220607.021ED2388C52@eris.apache.org>,chenpei
Mon Sep 24 22:07:35 2012,http://mail-archives.apache.org/mod_mbox/ctakes-commits/201209.mbox/<20120924220607.021ED2388C52@eris.apache.org>,chenpei
Mon Sep 24 22:07:35 2012,http://mail-archives.apache.org/mod_mbox/ctakes-commits/201209.mbox/<20120924220607.021ED2388C52@eris.apache.org>,chenpei
Mon Sep 24 22:07:35 2012,http://mail-archives.apache.org/mod_mbox/ctakes-commits/201209.mbox/<20120924220607.021ED2388C52@eris.apache.org>,chenpei
Mon Sep 24 22:07:35 2012,http://mail-archives.apache.org/mod_mbox/ctakes-commits/201209.mbox/<20120924220607.021ED2388C52@eris.apache.org>,chenpei
Mon Sep 24 22:07:35 2012,http://mail-archives.apache.org/mod_mbox/ctakes-commits/201209.mbox/<20120924220607.021ED2388C52@eris.apache.org>,chenpei
Mon Sep 24 22:07:35 2012,http://mail-archives.apache.org/mod_mbox/ctakes-commits/201209.mbox/<20120924220607.021ED2388C52@eris.apache.org>,chenpei
Mon Sep 24 22:07:35 2012,http://mail-archives.apache.org/mod_mbox/ctakes-commits/201209.mbox/<20120924220607.021ED2388C52@eris.apache.org>,chenpei
Mon Sep 24 22:07:35 2012,http://mail-archives.apache.org/mod_mbox/ctakes-commits/201209.mbox/<20120924220607.021ED2388C52@eris.apache.org>,chenpei
Mon Sep 24 22:07:35 2012,http://mail-archives.apache.org/mod_mbox/ctakes-commits/201209.mbox/<20120924220607.021ED2388C52@eris.apache.org>,chenpei
Mon Sep 24 22:07:35 2012,http://mail-archives.apache.org/mod_mbox/ctakes-commits/201209.mbox/<20120924220607.021ED2388C52@eris.apache.org>,chenpei
Mon Sep 24 22:07:35 2012,http://mail-archives.apache.org/mod_mbox/ctakes-commits/201209.mbox/<20120924220607.021ED2388C52@eris.apache.org>,chenpei
Mon Sep 24 22:07:35 2012,http://mail-archives.apache.org/mod_mbox/ctakes-commits/201209.mbox/<20120924220607.021ED2388C52@eris.apache.org>,chenpei
Mon Sep 24 22:07:35 2012,http://mail-archives.apache.org/mod_mbox/ctakes-commits/201209.mbox/<20120924220607.021ED2388C52@eris.apache.org>,chenpei
Mon Sep 24 22:07:35 2012,http://mail-archives.apache.org/mod_mbox/ctakes-commits/201209.mbox/<20120924220607.021ED2388C52@eris.apache.org>,chenpei
Mon Sep 24 22:07:35 2012,http://mail-archives.apache.org/mod_mbox/ctakes-commits/201209.mbox/<20120924220607.021ED2388C52@eris.apache.org>,chenpei
Mon Sep 24 22:07:35 2012,http://mail-archives.apache.org/mod_mbox/ctakes-commits/201209.mbox/<20120924220607.021ED2388C52@eris.apache.org>,chenpei
Mon Sep 24 22:07:35 2012,http://mail-archives.apache.org/mod_mbox/ctakes-commits/201209.mbox/<20120924220607.021ED2388C52@eris.apache.org>,chenpei
Mon Sep 24 22:07:35 2012,http://mail-archives.apache.org/mod_mbox/ctakes-commits/201209.mbox/<20120924220607.021ED2388C52@eris.apache.org>,chenpei
Mon Sep 24 22:07:35 2012,http://mail-archives.apache.org/mod_mbox/ctakes-commits/201209.mbox/<20120924220607.021ED2388C52@eris.apache.org>,chenpei
Mon Sep 24 22:07:35 2012,http://mail-archives.apache.org/mod_mbox/ctakes-commits/201209.mbox/<20120924220607.021ED2388C52@eris.apache.org>,chenpei
Mon Sep 24 22:07:35 2012,http://mail-archives.apache.org/mod_mbox/ctakes-commits/201209.mbox/<20120924220607.021ED2388C52@eris.apache.org>,chenpei
Mon Sep 24 22:07:35 2012,http://mail-archives.apache.org/mod_mbox/ctakes-commits/201209.mbox/<20120924220607.021ED2388C52@eris.apache.org>,chenpei
Mon Sep 24 22:07:35 2012,http://mail-archives.apache.org/mod_mbox/ctakes-commits/201209.mbox/<20120924220607.021ED2388C52@eris.apache.org>,chenpei
Mon Sep 24 22:07:35 2012,http://mail-archives.apache.org/mod_mbox/ctakes-commits/201209.mbox/<20120924220607.021ED2388C52@eris.apache.org>,chenpei
Mon Sep 24 22:07:35 2012,http://mail-archives.apache.org/mod_mbox/ctakes-commits/201209.mbox/<20120924220607.021ED2388C52@eris.apache.org>,chenpei
Mon Sep 24 22:07:35 2012,http://mail-archives.apache.org/mod_mbox/ctakes-commits/201209.mbox/<20120924220607.021ED2388C52@eris.apache.org>,chenpei
Mon Sep 24 22:07:35 2012,http://mail-archives.apache.org/mod_mbox/ctakes-commits/201209.mbox/<20120924220607.021ED2388C52@eris.apache.org>,chenpei
Mon Sep 24 22:07:35 2012,http://mail-archives.apache.org/mod_mbox/ctakes-commits/201209.mbox/<20120924220607.021ED2388C52@eris.apache.org>,chenpei
Mon Sep 24 22:07:35 2012,http://mail-archives.apache.org/mod_mbox/ctakes-commits/201209.mbox/<20120924220607.021ED2388C52@eris.apache.org>,chenpei
Mon Sep 24 22:07:35 2012,http://mail-archives.apache.org/mod_mbox/ctakes-commits/201209.mbox/<20120924220607.021ED2388C52@eris.apache.org>,chenpei
Mon Sep 24 22:07:35 2012,http://mail-archives.apache.org/mod_mbox/ctakes-commits/201209.mbox/<20120924220607.021ED2388C52@eris.apache.org>,chenpei
Mon Sep 24 22:07:35 2012,http://mail-archives.apache.org/mod_mbox/ctakes-commits/201209.mbox/<20120924220607.021ED2388C52@eris.apache.org>,chenpei
Mon Sep 24 22:07:35 2012,http://mail-archives.apache.org/mod_mbox/ctakes-commits/201209.mbox/<20120924220607.021ED2388C52@eris.apache.org>,chenpei
Mon Sep 24 22:07:35 2012,http://mail-archives.apache.org/mod_mbox/ctakes-commits/201209.mbox/<20120924220607.021ED2388C52@eris.apache.org>,chenpei
Mon Sep 24 22:07:35 2012,http://mail-archives.apache.org/mod_mbox/ctakes-commits/201209.mbox/<20120924220607.021ED2388C52@eris.apache.org>,chenpei
Mon Sep 24 22:07:35 2012,http://mail-archives.apache.org/mod_mbox/ctakes-commits/201209.mbox/<20120924220607.021ED2388C52@eris.apache.org>,chenpei
Mon Sep 24 22:07:35 2012,http://mail-archives.apache.org/mod_mbox/ctakes-commits/201209.mbox/<20120924220607.021ED2388C52@eris.apache.org>,chenpei
Mon Sep 24 22:07:35 2012,http://mail-archives.apache.org/mod_mbox/ctakes-commits/201209.mbox/<20120924220607.021ED2388C52@eris.apache.org>,chenpei
Mon Sep 24 22:07:35 2012,http://mail-archives.apache.org/mod_mbox/ctakes-commits/201209.mbox/<20120924220607.021ED2388C52@eris.apache.org>,chenpei
Mon Sep 24 22:07:35 2012,http://mail-archives.apache.org/mod_mbox/ctakes-commits/201209.mbox/<20120924220607.021ED2388C52@eris.apache.org>,chenpei
Mon Sep 24 22:07:35 2012,http://mail-archives.apache.org/mod_mbox/ctakes-commits/201209.mbox/<20120924220607.021ED2388C52@eris.apache.org>,chenpei
Mon Sep 24 22:07:35 2012,http://mail-archives.apache.org/mod_mbox/ctakes-commits/201209.mbox/<20120924220607.021ED2388C52@eris.apache.org>,chenpei
Mon Sep 24 22:07:35 2012,http://mail-archives.apache.org/mod_mbox/ctakes-commits/201209.mbox/<20120924220607.021ED2388C52@eris.apache.org>,chenpei
Mon Sep 24 22:07:35 2012,http://mail-archives.apache.org/mod_mbox/ctakes-commits/201209.mbox/<20120924220607.021ED2388C52@eris.apache.org>,chenpei
Mon Sep 24 22:07:35 2012,http://mail-archives.apache.org/mod_mbox/ctakes-commits/201209.mbox/<20120924220607.021ED2388C52@eris.apache.org>,chenpei
Mon Sep 24 22:07:35 2012,http://mail-archives.apache.org/mod_mbox/ctakes-commits/201209.mbox/<20120924220607.021ED2388C52@eris.apache.org>,chenpei
Mon Sep 24 22:07:35 2012,http://mail-archives.apache.org/mod_mbox/ctakes-commits/201209.mbox/<20120924220607.021ED2388C52@eris.apache.org>,chenpei
Mon Sep 24 22:07:35 2012,http://mail-archives.apache.org/mod_mbox/ctakes-commits/201209.mbox/<20120924220607.021ED2388C52@eris.apache.org>,chenpei
Mon Sep 24 22:07:35 2012,http://mail-archives.apache.org/mod_mbox/ctakes-commits/201209.mbox/<20120924220607.021ED2388C52@eris.apache.org>,chenpei
Mon Sep 24 22:07:35 2012,http://mail-archives.apache.org/mod_mbox/ctakes-commits/201209.mbox/<20120924220607.021ED2388C52@eris.apache.org>,chenpei
Mon Sep 24 22:07:35 2012,http://mail-archives.apache.org/mod_mbox/ctakes-commits/201209.mbox/<20120924220607.021ED2388C52@eris.apache.org>,chenpei
Mon Sep 24 22:07:35 2012,http://mail-archives.apache.org/mod_mbox/ctakes-commits/201209.mbox/<20120924220607.021ED2388C52@eris.apache.org>,chenpei
Mon Sep 24 22:07:35 2012,http://mail-archives.apache.org/mod_mbox/ctakes-commits/201209.mbox/<20120924220607.021ED2388C52@eris.apache.org>,chenpei
Mon Sep 24 22:07:35 2012,http://mail-archives.apache.org/mod_mbox/ctakes-commits/201209.mbox/<20120924220607.021ED2388C52@eris.apache.org>,chenpei
Mon Sep 24 22:07:35 2012,http://mail-archives.apache.org/mod_mbox/ctakes-commits/201209.mbox/<20120924220607.021ED2388C52@eris.apache.org>,chenpei
Mon Sep 24 22:07:35 2012,http://mail-archives.apache.org/mod_mbox/ctakes-commits/201209.mbox/<20120924220607.021ED2388C52@eris.apache.org>,chenpei
Mon Sep 24 22:07:35 2012,http://mail-archives.apache.org/mod_mbox/ctakes-commits/201209.mbox/<20120924220607.021ED2388C52@eris.apache.org>,chenpei
Mon Sep 24 22:07:35 2012,http://mail-archives.apache.org/mod_mbox/ctakes-commits/201209.mbox/<20120924220607.021ED2388C52@eris.apache.org>,chenpei
Mon Sep 24 22:07:35 2012,http://mail-archives.apache.org/mod_mbox/ctakes-commits/201209.mbox/<20120924220607.021ED2388C52@eris.apache.org>,chenpei
Mon Sep 24 22:07:35 2012,http://mail-archives.apache.org/mod_mbox/ctakes-commits/201209.mbox/<20120924220607.021ED2388C52@eris.apache.org>,chenpei
Mon Sep 24 22:07:35 2012,http://mail-archives.apache.org/mod_mbox/ctakes-commits/201209.mbox/<20120924220607.021ED2388C52@eris.apache.org>,chenpei
Mon Sep 24 22:07:35 2012,http://mail-archives.apache.org/mod_mbox/ctakes-commits/201209.mbox/<20120924220607.021ED2388C52@eris.apache.org>,chenpei
Mon Sep 24 22:07:35 2012,http://mail-archives.apache.org/mod_mbox/ctakes-commits/201209.mbox/<20120924220607.021ED2388C52@eris.apache.org>,chenpei
Mon Sep 24 22:07:35 2012,http://mail-archives.apache.org/mod_mbox/ctakes-commits/201209.mbox/<20120924220607.021ED2388C52@eris.apache.org>,chenpei
Mon Sep 24 22:07:35 2012,http://mail-archives.apache.org/mod_mbox/ctakes-commits/201209.mbox/<20120924220607.021ED2388C52@eris.apache.org>,chenpei
Mon Sep 24 22:07:35 2012,http://mail-archives.apache.org/mod_mbox/ctakes-commits/201209.mbox/<20120924220607.021ED2388C52@eris.apache.org>,chenpei
Mon Sep 24 22:07:35 2012,http://mail-archives.apache.org/mod_mbox/ctakes-commits/201209.mbox/<20120924220607.021ED2388C52@eris.apache.org>,chenpei
Mon Sep 24 22:07:35 2012,http://mail-archives.apache.org/mod_mbox/ctakes-commits/201209.mbox/<20120924220607.021ED2388C52@eris.apache.org>,chenpei
Mon Sep 24 22:07:35 2012,http://mail-archives.apache.org/mod_mbox/ctakes-commits/201209.mbox/<20120924220607.021ED2388C52@eris.apache.org>,chenpei
Mon Sep 24 22:07:35 2012,http://mail-archives.apache.org/mod_mbox/ctakes-commits/201209.mbox/<20120924220607.021ED2388C52@eris.apache.org>,chenpei
Mon Sep 24 22:07:35 2012,http://mail-archives.apache.org/mod_mbox/ctakes-commits/201209.mbox/<20120924220607.021ED2388C52@eris.apache.org>,chenpei
Mon Sep 24 22:07:35 2012,http://mail-archives.apache.org/mod_mbox/ctakes-commits/201209.mbox/<20120924220607.021ED2388C52@eris.apache.org>,chenpei
Mon Sep 24 22:07:35 2012,http://mail-archives.apache.org/mod_mbox/ctakes-commits/201209.mbox/<20120924220607.021ED2388C52@eris.apache.org>,chenpei
Mon Sep 24 22:07:35 2012,http://mail-archives.apache.org/mod_mbox/ctakes-commits/201209.mbox/<20120924220607.021ED2388C52@eris.apache.org>,chenpei
Mon Sep 24 22:07:35 2012,http://mail-archives.apache.org/mod_mbox/ctakes-commits/201209.mbox/<20120924220607.021ED2388C52@eris.apache.org>,chenpei
Mon Sep 24 22:07:35 2012,http://mail-archives.apache.org/mod_mbox/ctakes-commits/201209.mbox/<20120924220607.021ED2388C52@eris.apache.org>,chenpei
Mon Sep 24 22:07:35 2012,http://mail-archives.apache.org/mod_mbox/ctakes-commits/201209.mbox/<20120924220607.021ED2388C52@eris.apache.org>,chenpei
Mon Sep 24 22:07:35 2012,http://mail-archives.apache.org/mod_mbox/ctakes-commits/201209.mbox/<20120924220607.021ED2388C52@eris.apache.org>,chenpei
Mon Sep 24 22:07:35 2012,http://mail-archives.apache.org/mod_mbox/ctakes-commits/201209.mbox/<20120924220607.021ED2388C52@eris.apache.org>,chenpei
Mon Sep 24 22:07:35 2012,http://mail-archives.apache.org/mod_mbox/ctakes-commits/201209.mbox/<20120924220607.021ED2388C52@eris.apache.org>,chenpei
Mon Sep 24 22:07:35 2012,http://mail-archives.apache.org/mod_mbox/ctakes-commits/201209.mbox/<20120924220607.021ED2388C52@eris.apache.org>,chenpei
Mon Sep 24 22:07:35 2012,http://mail-archives.apache.org/mod_mbox/ctakes-commits/201209.mbox/<20120924220607.021ED2388C52@eris.apache.org>,chenpei
Mon Sep 24 22:07:35 2012,http://mail-archives.apache.org/mod_mbox/ctakes-commits/201209.mbox/<20120924220607.021ED2388C52@eris.apache.org>,chenpei
Mon Sep 24 22:07:35 2012,http://mail-archives.apache.org/mod_mbox/ctakes-commits/201209.mbox/<20120924220607.021ED2388C52@eris.apache.org>,chenpei
Mon Sep 24 22:07:35 2012,http://mail-archives.apache.org/mod_mbox/ctakes-commits/201209.mbox/<20120924220607.021ED2388C52@eris.apache.org>,chenpei
Mon Sep 24 22:07:35 2012,http://mail-archives.apache.org/mod_mbox/ctakes-commits/201209.mbox/<20120924220607.021ED2388C52@eris.apache.org>,chenpei
Mon Sep 24 22:07:35 2012,http://mail-archives.apache.org/mod_mbox/ctakes-commits/201209.mbox/<20120924220607.021ED2388C52@eris.apache.org>,chenpei
Mon Sep 24 22:07:35 2012,http://mail-archives.apache.org/mod_mbox/ctakes-commits/201209.mbox/<20120924220607.021ED2388C52@eris.apache.org>,chenpei
Mon Sep 24 22:07:35 2012,http://mail-archives.apache.org/mod_mbox/ctakes-commits/201209.mbox/<20120924220607.021ED2388C52@eris.apache.org>,chenpei
Mon Sep 24 22:07:35 2012,http://mail-archives.apache.org/mod_mbox/ctakes-commits/201209.mbox/<20120924220607.021ED2388C52@eris.apache.org>,chenpei
Mon Sep 24 22:07:35 2012,http://mail-archives.apache.org/mod_mbox/ctakes-commits/201209.mbox/<20120924220607.021ED2388C52@eris.apache.org>,chenpei
Mon Sep 24 22:07:35 2012,http://mail-archives.apache.org/mod_mbox/ctakes-commits/201209.mbox/<20120924220607.021ED2388C52@eris.apache.org>,chenpei
Mon Sep 24 22:07:35 2012,http://mail-archives.apache.org/mod_mbox/ctakes-commits/201209.mbox/<20120924220607.021ED2388C52@eris.apache.org>,chenpei
Mon Sep 24 22:07:35 2012,http://mail-archives.apache.org/mod_mbox/ctakes-commits/201209.mbox/<20120924220607.021ED2388C52@eris.apache.org>,chenpei
Mon Sep 24 22:07:35 2012,http://mail-archives.apache.org/mod_mbox/ctakes-commits/201209.mbox/<20120924220607.021ED2388C52@eris.apache.org>,chenpei
Mon Sep 24 22:07:35 2012,http://mail-archives.apache.org/mod_mbox/ctakes-commits/201209.mbox/<20120924220607.021ED2388C52@eris.apache.org>,chenpei
Mon Sep 24 22:07:35 2012,http://mail-archives.apache.org/mod_mbox/ctakes-commits/201209.mbox/<20120924220607.021ED2388C52@eris.apache.org>,chenpei
Mon Sep 24 22:07:35 2012,http://mail-archives.apache.org/mod_mbox/ctakes-commits/201209.mbox/<20120924220607.021ED2388C52@eris.apache.org>,chenpei
Mon Sep 24 22:07:35 2012,http://mail-archives.apache.org/mod_mbox/ctakes-commits/201209.mbox/<20120924220607.021ED2388C52@eris.apache.org>,chenpei
Mon Sep 24 22:07:35 2012,http://mail-archives.apache.org/mod_mbox/ctakes-commits/201209.mbox/<20120924220607.021ED2388C52@eris.apache.org>,chenpei
Mon Sep 24 22:07:35 2012,http://mail-archives.apache.org/mod_mbox/ctakes-commits/201209.mbox/<20120924220607.021ED2388C52@eris.apache.org>,chenpei
Mon Sep 24 22:07:35 2012,http://mail-archives.apache.org/mod_mbox/ctakes-commits/201209.mbox/<20120924220607.021ED2388C52@eris.apache.org>,chenpei
Mon Sep 24 22:07:35 2012,http://mail-archives.apache.org/mod_mbox/ctakes-commits/201209.mbox/<20120924220607.021ED2388C52@eris.apache.org>,chenpei
Mon Sep 24 22:07:35 2012,http://mail-archives.apache.org/mod_mbox/ctakes-commits/201209.mbox/<20120924220607.021ED2388C52@eris.apache.org>,chenpei
Mon Sep 24 22:07:35 2012,http://mail-archives.apache.org/mod_mbox/ctakes-commits/201209.mbox/<20120924220607.021ED2388C52@eris.apache.org>,chenpei
Mon Sep 24 22:07:35 2012,http://mail-archives.apache.org/mod_mbox/ctakes-commits/201209.mbox/<20120924220607.021ED2388C52@eris.apache.org>,chenpei
Mon Sep 24 22:07:35 2012,http://mail-archives.apache.org/mod_mbox/ctakes-commits/201209.mbox/<20120924220607.021ED2388C52@eris.apache.org>,chenpei
Mon Sep 24 22:07:35 2012,http://mail-archives.apache.org/mod_mbox/ctakes-commits/201209.mbox/<20120924220607.021ED2388C52@eris.apache.org>,chenpei
Mon Sep 24 22:07:35 2012,http://mail-archives.apache.org/mod_mbox/ctakes-commits/201209.mbox/<20120924220607.021ED2388C52@eris.apache.org>,chenpei
Mon Sep 24 22:07:35 2012,http://mail-archives.apache.org/mod_mbox/ctakes-commits/201209.mbox/<20120924220607.021ED2388C52@eris.apache.org>,chenpei
Mon Sep 24 22:07:35 2012,http://mail-archives.apache.org/mod_mbox/ctakes-commits/201209.mbox/<20120924220607.021ED2388C52@eris.apache.org>,chenpei
Mon Sep 24 22:07:35 2012,http://mail-archives.apache.org/mod_mbox/ctakes-commits/201209.mbox/<20120924220607.021ED2388C52@eris.apache.org>,chenpei
Mon Sep 24 22:07:35 2012,http://mail-archives.apache.org/mod_mbox/ctakes-commits/201209.mbox/<20120924220607.021ED2388C52@eris.apache.org>,chenpei
Mon Sep 24 22:07:35 2012,http://mail-archives.apache.org/mod_mbox/ctakes-commits/201209.mbox/<20120924220607.021ED2388C52@eris.apache.org>,chenpei
Mon Sep 24 22:07:35 2012,http://mail-archives.apache.org/mod_mbox/ctakes-commits/201209.mbox/<20120924220607.021ED2388C52@eris.apache.org>,chenpei
Mon Sep 24 22:07:35 2012,http://mail-archives.apache.org/mod_mbox/ctakes-commits/201209.mbox/<20120924220607.021ED2388C52@eris.apache.org>,chenpei
Mon Sep 24 22:07:35 2012,http://mail-archives.apache.org/mod_mbox/ctakes-commits/201209.mbox/<20120924220607.021ED2388C52@eris.apache.org>,chenpei
Mon Sep 24 22:07:35 2012,http://mail-archives.apache.org/mod_mbox/ctakes-commits/201209.mbox/<20120924220607.021ED2388C52@eris.apache.org>,chenpei
Mon Sep 24 22:07:35 2012,http://mail-archives.apache.org/mod_mbox/ctakes-commits/201209.mbox/<20120924220607.021ED2388C52@eris.apache.org>,chenpei
Mon Sep 24 22:07:35 2012,http://mail-archives.apache.org/mod_mbox/ctakes-commits/201209.mbox/<20120924220607.021ED2388C52@eris.apache.org>,chenpei
Mon Sep 24 22:07:35 2012,http://mail-archives.apache.org/mod_mbox/ctakes-commits/201209.mbox/<20120924220607.021ED2388C52@eris.apache.org>,chenpei
Mon Sep 24 22:07:35 2012,http://mail-archives.apache.org/mod_mbox/ctakes-commits/201209.mbox/<20120924220607.021ED2388C52@eris.apache.org>,chenpei
Mon Sep 24 22:07:35 2012,http://mail-archives.apache.org/mod_mbox/ctakes-commits/201209.mbox/<20120924220607.021ED2388C52@eris.apache.org>,chenpei
Mon Sep 24 22:07:35 2012,http://mail-archives.apache.org/mod_mbox/ctakes-commits/201209.mbox/<20120924220607.021ED2388C52@eris.apache.org>,chenpei
Mon Sep 24 22:07:35 2012,http://mail-archives.apache.org/mod_mbox/ctakes-commits/201209.mbox/<20120924220607.021ED2388C52@eris.apache.org>,chenpei
Mon Sep 24 22:07:35 2012,http://mail-archives.apache.org/mod_mbox/ctakes-commits/201209.mbox/<20120924220607.021ED2388C52@eris.apache.org>,chenpei
Mon Sep 24 22:07:35 2012,http://mail-archives.apache.org/mod_mbox/ctakes-commits/201209.mbox/<20120924220607.021ED2388C52@eris.apache.org>,chenpei
Mon Sep 24 22:07:35 2012,http://mail-archives.apache.org/mod_mbox/ctakes-commits/201209.mbox/<20120924220607.021ED2388C52@eris.apache.org>,chenpei
Mon Sep 24 22:07:35 2012,http://mail-archives.apache.org/mod_mbox/ctakes-commits/201209.mbox/<20120924220607.021ED2388C52@eris.apache.org>,chenpei
Mon Sep 24 22:07:35 2012,http://mail-archives.apache.org/mod_mbox/ctakes-commits/201209.mbox/<20120924220607.021ED2388C52@eris.apache.org>,chenpei
Mon Sep 24 22:07:35 2012,http://mail-archives.apache.org/mod_mbox/ctakes-commits/201209.mbox/<20120924220607.021ED2388C52@eris.apache.org>,chenpei
Mon Sep 24 22:07:35 2012,http://mail-archives.apache.org/mod_mbox/ctakes-commits/201209.mbox/<20120924220607.021ED2388C52@eris.apache.org>,chenpei
Mon Sep 24 22:07:35 2012,http://mail-archives.apache.org/mod_mbox/ctakes-commits/201209.mbox/<20120924220607.021ED2388C52@eris.apache.org>,chenpei
Mon Sep 24 22:07:35 2012,http://mail-archives.apache.org/mod_mbox/ctakes-commits/201209.mbox/<20120924220607.021ED2388C52@eris.apache.org>,chenpei
Mon Sep 24 22:07:35 2012,http://mail-archives.apache.org/mod_mbox/ctakes-commits/201209.mbox/<20120924220607.021ED2388C52@eris.apache.org>,chenpei
Mon Sep 24 22:07:35 2012,http://mail-archives.apache.org/mod_mbox/ctakes-commits/201209.mbox/<20120924220607.021ED2388C52@eris.apache.org>,chenpei
Mon Sep 24 22:07:35 2012,http://mail-archives.apache.org/mod_mbox/ctakes-commits/201209.mbox/<20120924220607.021ED2388C52@eris.apache.org>,chenpei
Mon Sep 24 22:07:35 2012,http://mail-archives.apache.org/mod_mbox/ctakes-commits/201209.mbox/<20120924220607.021ED2388C52@eris.apache.org>,chenpei
Mon Sep 24 22:07:35 2012,http://mail-archives.apache.org/mod_mbox/ctakes-commits/201209.mbox/<20120924220607.021ED2388C52@eris.apache.org>,chenpei
Mon Sep 24 22:07:35 2012,http://mail-archives.apache.org/mod_mbox/ctakes-commits/201209.mbox/<20120924220607.021ED2388C52@eris.apache.org>,chenpei
Mon Sep 24 22:07:35 2012,http://mail-archives.apache.org/mod_mbox/ctakes-commits/201209.mbox/<20120924220607.021ED2388C52@eris.apache.org>,chenpei
Mon Sep 24 22:07:35 2012,http://mail-archives.apache.org/mod_mbox/ctakes-commits/201209.mbox/<20120924220607.021ED2388C52@eris.apache.org>,chenpei
Mon Sep 24 22:07:35 2012,http://mail-archives.apache.org/mod_mbox/ctakes-commits/201209.mbox/<20120924220607.021ED2388C52@eris.apache.org>,chenpei
Mon Sep 24 22:07:35 2012,http://mail-archives.apache.org/mod_mbox/ctakes-commits/201209.mbox/<20120924220607.021ED2388C52@eris.apache.org>,chenpei
Mon Sep 24 22:07:35 2012,http://mail-archives.apache.org/mod_mbox/ctakes-commits/201209.mbox/<20120924220607.021ED2388C52@eris.apache.org>,chenpei
Mon Sep 24 22:07:35 2012,http://mail-archives.apache.org/mod_mbox/ctakes-commits/201209.mbox/<20120924220607.021ED2388C52@eris.apache.org>,chenpei
Mon Sep 24 22:07:35 2012,http://mail-archives.apache.org/mod_mbox/ctakes-commits/201209.mbox/<20120924220607.021ED2388C52@eris.apache.org>,chenpei
Mon Sep 24 22:07:35 2012,http://mail-archives.apache.org/mod_mbox/ctakes-commits/201209.mbox/<20120924220607.021ED2388C52@eris.apache.org>,chenpei
Mon Sep 24 22:07:35 2012,http://mail-archives.apache.org/mod_mbox/ctakes-commits/201209.mbox/<20120924220607.021ED2388C52@eris.apache.org>,chenpei
Mon Sep 24 22:07:35 2012,http://mail-archives.apache.org/mod_mbox/ctakes-commits/201209.mbox/<20120924220607.021ED2388C52@eris.apache.org>,chenpei
Mon Sep 24 22:07:35 2012,http://mail-archives.apache.org/mod_mbox/ctakes-commits/201209.mbox/<20120924220607.021ED2388C52@eris.apache.org>,chenpei
Mon Sep 24 22:07:35 2012,http://mail-archives.apache.org/mod_mbox/ctakes-commits/201209.mbox/<20120924220607.021ED2388C52@eris.apache.org>,chenpei
Mon Sep 24 22:07:35 2012,http://mail-archives.apache.org/mod_mbox/ctakes-commits/201209.mbox/<20120924220607.021ED2388C52@eris.apache.org>,chenpei
Mon Sep 24 22:07:35 2012,http://mail-archives.apache.org/mod_mbox/ctakes-commits/201209.mbox/<20120924220607.021ED2388C52@eris.apache.org>,chenpei
Mon Sep 24 22:07:35 2012,http://mail-archives.apache.org/mod_mbox/ctakes-commits/201209.mbox/<20120924220607.021ED2388C52@eris.apache.org>,chenpei
Mon Sep 24 22:07:35 2012,http://mail-archives.apache.org/mod_mbox/ctakes-commits/201209.mbox/<20120924220607.021ED2388C52@eris.apache.org>,chenpei
Mon Sep 24 22:07:35 2012,http://mail-archives.apache.org/mod_mbox/ctakes-commits/201209.mbox/<20120924220607.021ED2388C52@eris.apache.org>,chenpei
Mon Sep 24 22:07:35 2012,http://mail-archives.apache.org/mod_mbox/ctakes-commits/201209.mbox/<20120924220607.021ED2388C52@eris.apache.org>,chenpei
Mon Sep 24 22:07:35 2012,http://mail-archives.apache.org/mod_mbox/ctakes-commits/201209.mbox/<20120924220607.021ED2388C52@eris.apache.org>,chenpei
Mon Sep 24 22:07:35 2012,http://mail-archives.apache.org/mod_mbox/ctakes-commits/201209.mbox/<20120924220607.021ED2388C52@eris.apache.org>,chenpei
Mon Sep 24 22:07:35 2012,http://mail-archives.apache.org/mod_mbox/ctakes-commits/201209.mbox/<20120924220607.021ED2388C52@eris.apache.org>,chenpei
Mon Sep 24 22:07:35 2012,http://mail-archives.apache.org/mod_mbox/ctakes-commits/201209.mbox/<20120924220607.021ED2388C52@eris.apache.org>,chenpei
Mon Sep 24 22:07:35 2012,http://mail-archives.apache.org/mod_mbox/ctakes-commits/201209.mbox/<20120924220607.021ED2388C52@eris.apache.org>,chenpei
Mon Sep 24 22:07:35 2012,http://mail-archives.apache.org/mod_mbox/ctakes-commits/201209.mbox/<20120924220607.021ED2388C52@eris.apache.org>,chenpei
Mon Sep 24 22:07:35 2012,http://mail-archives.apache.org/mod_mbox/ctakes-commits/201209.mbox/<20120924220607.021ED2388C52@eris.apache.org>,chenpei
Mon Sep 24 22:07:35 2012,http://mail-archives.apache.org/mod_mbox/ctakes-commits/201209.mbox/<20120924220607.021ED2388C52@eris.apache.org>,chenpei
Mon Sep 24 22:07:35 2012,http://mail-archives.apache.org/mod_mbox/ctakes-commits/201209.mbox/<20120924220607.021ED2388C52@eris.apache.org>,chenpei
Mon Sep 24 22:07:35 2012,http://mail-archives.apache.org/mod_mbox/ctakes-commits/201209.mbox/<20120924220607.021ED2388C52@eris.apache.org>,chenpei
Mon Sep 24 22:07:35 2012,http://mail-archives.apache.org/mod_mbox/ctakes-commits/201209.mbox/<20120924220607.021ED2388C52@eris.apache.org>,chenpei
Mon Sep 24 22:07:35 2012,http://mail-archives.apache.org/mod_mbox/ctakes-commits/201209.mbox/<20120924220607.021ED2388C52@eris.apache.org>,chenpei
Mon Sep 24 22:07:35 2012,http://mail-archives.apache.org/mod_mbox/ctakes-commits/201209.mbox/<20120924220607.021ED2388C52@eris.apache.org>,chenpei
Mon Sep 24 22:07:35 2012,http://mail-archives.apache.org/mod_mbox/ctakes-commits/201209.mbox/<20120924220607.021ED2388C52@eris.apache.org>,chenpei
Mon Sep 24 22:07:35 2012,http://mail-archives.apache.org/mod_mbox/ctakes-commits/201209.mbox/<20120924220607.021ED2388C52@eris.apache.org>,chenpei
Mon Sep 24 22:07:35 2012,http://mail-archives.apache.org/mod_mbox/ctakes-commits/201209.mbox/<20120924220607.021ED2388C52@eris.apache.org>,chenpei
Mon Sep 24 22:07:35 2012,http://mail-archives.apache.org/mod_mbox/ctakes-commits/201209.mbox/<20120924220607.021ED2388C52@eris.apache.org>,chenpei
Mon Sep 24 22:07:35 2012,http://mail-archives.apache.org/mod_mbox/ctakes-commits/201209.mbox/<20120924220607.021ED2388C52@eris.apache.org>,chenpei
Mon Sep 24 22:07:35 2012,http://mail-archives.apache.org/mod_mbox/ctakes-commits/201209.mbox/<20120924220607.021ED2388C52@eris.apache.org>,chenpei
Mon Sep 24 22:07:35 2012,http://mail-archives.apache.org/mod_mbox/ctakes-commits/201209.mbox/<20120924220607.021ED2388C52@eris.apache.org>,chenpei
Mon Sep 24 22:07:35 2012,http://mail-archives.apache.org/mod_mbox/ctakes-commits/201209.mbox/<20120924220607.021ED2388C52@eris.apache.org>,chenpei
Mon Sep 24 22:07:35 2012,http://mail-archives.apache.org/mod_mbox/ctakes-commits/201209.mbox/<20120924220607.021ED2388C52@eris.apache.org>,chenpei
Mon Sep 24 22:07:35 2012,http://mail-archives.apache.org/mod_mbox/ctakes-commits/201209.mbox/<20120924220607.021ED2388C52@eris.apache.org>,chenpei
Mon Sep 24 22:07:35 2012,http://mail-archives.apache.org/mod_mbox/ctakes-commits/201209.mbox/<20120924220607.021ED2388C52@eris.apache.org>,chenpei
Mon Sep 24 22:07:35 2012,http://mail-archives.apache.org/mod_mbox/ctakes-commits/201209.mbox/<20120924220607.021ED2388C52@eris.apache.org>,chenpei
Mon Sep 24 22:07:35 2012,http://mail-archives.apache.org/mod_mbox/ctakes-commits/201209.mbox/<20120924220607.021ED2388C52@eris.apache.org>,chenpei
Mon Sep 24 22:07:35 2012,http://mail-archives.apache.org/mod_mbox/ctakes-commits/201209.mbox/<20120924220607.021ED2388C52@eris.apache.org>,chenpei
Mon Sep 24 22:07:35 2012,http://mail-archives.apache.org/mod_mbox/ctakes-commits/201209.mbox/<20120924220607.021ED2388C52@eris.apache.org>,chenpei
Mon Sep 24 22:07:35 2012,http://mail-archives.apache.org/mod_mbox/ctakes-commits/201209.mbox/<20120924220607.021ED2388C52@eris.apache.org>,chenpei
Mon Sep 24 22:07:35 2012,http://mail-archives.apache.org/mod_mbox/ctakes-commits/201209.mbox/<20120924220607.021ED2388C52@eris.apache.org>,chenpei
Mon Sep 24 22:07:35 2012,http://mail-archives.apache.org/mod_mbox/ctakes-commits/201209.mbox/<20120924220607.021ED2388C52@eris.apache.org>,chenpei
Mon Sep 24 22:07:35 2012,http://mail-archives.apache.org/mod_mbox/ctakes-commits/201209.mbox/<20120924220607.021ED2388C52@eris.apache.org>,chenpei
Mon Sep 24 22:07:35 2012,http://mail-archives.apache.org/mod_mbox/ctakes-commits/201209.mbox/<20120924220607.021ED2388C52@eris.apache.org>,chenpei
Mon Sep 24 22:07:35 2012,http://mail-archives.apache.org/mod_mbox/ctakes-commits/201209.mbox/<20120924220607.021ED2388C52@eris.apache.org>,chenpei
Mon Sep 24 22:07:35 2012,http://mail-archives.apache.org/mod_mbox/ctakes-commits/201209.mbox/<20120924220607.021ED2388C52@eris.apache.org>,chenpei
Mon Sep 24 22:07:35 2012,http://mail-archives.apache.org/mod_mbox/ctakes-commits/201209.mbox/<20120924220607.021ED2388C52@eris.apache.org>,chenpei
Mon Sep 24 22:07:35 2012,http://mail-archives.apache.org/mod_mbox/ctakes-commits/201209.mbox/<20120924220607.021ED2388C52@eris.apache.org>,chenpei
Mon Sep 24 22:07:35 2012,http://mail-archives.apache.org/mod_mbox/ctakes-commits/201209.mbox/<20120924220607.021ED2388C52@eris.apache.org>,chenpei
Mon Sep 24 22:07:35 2012,http://mail-archives.apache.org/mod_mbox/ctakes-commits/201209.mbox/<20120924220607.021ED2388C52@eris.apache.org>,chenpei
Mon Sep 24 22:07:35 2012,http://mail-archives.apache.org/mod_mbox/ctakes-commits/201209.mbox/<20120924220607.021ED2388C52@eris.apache.org>,chenpei
Mon Sep 24 22:07:35 2012,http://mail-archives.apache.org/mod_mbox/ctakes-commits/201209.mbox/<20120924220607.021ED2388C52@eris.apache.org>,chenpei
Mon Sep 24 22:07:35 2012,http://mail-archives.apache.org/mod_mbox/ctakes-commits/201209.mbox/<20120924220607.021ED2388C52@eris.apache.org>,chenpei
Mon Sep 24 22:07:35 2012,http://mail-archives.apache.org/mod_mbox/ctakes-commits/201209.mbox/<20120924220607.021ED2388C52@eris.apache.org>,chenpei
Mon Sep 24 22:07:35 2012,http://mail-archives.apache.org/mod_mbox/ctakes-commits/201209.mbox/<20120924220607.021ED2388C52@eris.apache.org>,chenpei
Mon Sep 24 22:07:35 2012,http://mail-archives.apache.org/mod_mbox/ctakes-commits/201209.mbox/<20120924220607.021ED2388C52@eris.apache.org>,chenpei
Mon Sep 24 22:07:35 2012,http://mail-archives.apache.org/mod_mbox/ctakes-commits/201209.mbox/<20120924220607.021ED2388C52@eris.apache.org>,chenpei
Mon Sep 24 22:07:35 2012,http://mail-archives.apache.org/mod_mbox/ctakes-commits/201209.mbox/<20120924220607.021ED2388C52@eris.apache.org>,chenpei
Mon Sep 24 22:07:35 2012,http://mail-archives.apache.org/mod_mbox/ctakes-commits/201209.mbox/<20120924220607.021ED2388C52@eris.apache.org>,chenpei
Mon Sep 24 22:07:35 2012,http://mail-archives.apache.org/mod_mbox/ctakes-commits/201209.mbox/<20120924220607.021ED2388C52@eris.apache.org>,chenpei
Mon Sep 24 22:07:35 2012,http://mail-archives.apache.org/mod_mbox/ctakes-commits/201209.mbox/<20120924220607.021ED2388C52@eris.apache.org>,chenpei
Mon Sep 24 22:07:35 2012,http://mail-archives.apache.org/mod_mbox/ctakes-commits/201209.mbox/<20120924220607.021ED2388C52@eris.apache.org>,chenpei
Mon Sep 24 22:07:35 2012,http://mail-archives.apache.org/mod_mbox/ctakes-commits/201209.mbox/<20120924220607.021ED2388C52@eris.apache.org>,chenpei
Mon Sep 24 22:07:35 2012,http://mail-archives.apache.org/mod_mbox/ctakes-commits/201209.mbox/<20120924220607.021ED2388C52@eris.apache.org>,chenpei
Mon Sep 24 22:07:35 2012,http://mail-archives.apache.org/mod_mbox/ctakes-commits/201209.mbox/<20120924220607.021ED2388C52@eris.apache.org>,chenpei
Mon Sep 24 22:07:35 2012,http://mail-archives.apache.org/mod_mbox/ctakes-commits/201209.mbox/<20120924220607.021ED2388C52@eris.apache.org>,chenpei
Mon Sep 24 22:07:35 2012,http://mail-archives.apache.org/mod_mbox/ctakes-commits/201209.mbox/<20120924220607.021ED2388C52@eris.apache.org>,chenpei
Mon Sep 24 22:07:35 2012,http://mail-archives.apache.org/mod_mbox/ctakes-commits/201209.mbox/<20120924220607.021ED2388C52@eris.apache.org>,chenpei
Mon Sep 24 22:07:35 2012,http://mail-archives.apache.org/mod_mbox/ctakes-commits/201209.mbox/<20120924220607.021ED2388C52@eris.apache.org>,chenpei
Mon Sep 24 22:07:35 2012,http://mail-archives.apache.org/mod_mbox/ctakes-commits/201209.mbox/<20120924220607.021ED2388C52@eris.apache.org>,chenpei
Mon Sep 24 22:07:35 2012,http://mail-archives.apache.org/mod_mbox/ctakes-commits/201209.mbox/<20120924220607.021ED2388C52@eris.apache.org>,chenpei
Mon Sep 24 22:07:35 2012,http://mail-archives.apache.org/mod_mbox/ctakes-commits/201209.mbox/<20120924220607.021ED2388C52@eris.apache.org>,chenpei
Mon Sep 24 22:07:35 2012,http://mail-archives.apache.org/mod_mbox/ctakes-commits/201209.mbox/<20120924220607.021ED2388C52@eris.apache.org>,chenpei
Mon Sep 24 22:07:35 2012,http://mail-archives.apache.org/mod_mbox/ctakes-commits/201209.mbox/<20120924220607.021ED2388C52@eris.apache.org>,chenpei
Mon Sep 24 22:07:35 2012,http://mail-archives.apache.org/mod_mbox/ctakes-commits/201209.mbox/<20120924220607.021ED2388C52@eris.apache.org>,chenpei
Mon Sep 24 22:07:35 2012,http://mail-archives.apache.org/mod_mbox/ctakes-commits/201209.mbox/<20120924220607.021ED2388C52@eris.apache.org>,chenpei
Mon Sep 24 22:07:35 2012,http://mail-archives.apache.org/mod_mbox/ctakes-commits/201209.mbox/<20120924220607.021ED2388C52@eris.apache.org>,chenpei
Mon Sep 24 22:07:35 2012,http://mail-archives.apache.org/mod_mbox/ctakes-commits/201209.mbox/<20120924220607.021ED2388C52@eris.apache.org>,chenpei
Mon Sep 24 22:07:35 2012,http://mail-archives.apache.org/mod_mbox/ctakes-commits/201209.mbox/<20120924220607.021ED2388C52@eris.apache.org>,chenpei
Mon Sep 24 22:07:35 2012,http://mail-archives.apache.org/mod_mbox/ctakes-commits/201209.mbox/<20120924220607.021ED2388C52@eris.apache.org>,chenpei
Mon Sep 24 22:07:35 2012,http://mail-archives.apache.org/mod_mbox/ctakes-commits/201209.mbox/<20120924220607.021ED2388C52@eris.apache.org>,chenpei
Mon Sep 24 22:07:35 2012,http://mail-archives.apache.org/mod_mbox/ctakes-commits/201209.mbox/<20120924220607.021ED2388C52@eris.apache.org>,chenpei
Mon Sep 24 22:07:35 2012,http://mail-archives.apache.org/mod_mbox/ctakes-commits/201209.mbox/<20120924220607.021ED2388C52@eris.apache.org>,chenpei
Mon Sep 24 22:07:35 2012,http://mail-archives.apache.org/mod_mbox/ctakes-commits/201209.mbox/<20120924220607.021ED2388C52@eris.apache.org>,chenpei
Mon Sep 24 22:07:35 2012,http://mail-archives.apache.org/mod_mbox/ctakes-commits/201209.mbox/<20120924220607.021ED2388C52@eris.apache.org>,chenpei
Mon Sep 24 22:07:35 2012,http://mail-archives.apache.org/mod_mbox/ctakes-commits/201209.mbox/<20120924220607.021ED2388C52@eris.apache.org>,chenpei
Mon Sep 24 22:07:35 2012,http://mail-archives.apache.org/mod_mbox/ctakes-commits/201209.mbox/<20120924220607.021ED2388C52@eris.apache.org>,chenpei
Mon Sep 24 22:07:35 2012,http://mail-archives.apache.org/mod_mbox/ctakes-commits/201209.mbox/<20120924220607.021ED2388C52@eris.apache.org>,chenpei
Mon Sep 24 22:07:35 2012,http://mail-archives.apache.org/mod_mbox/ctakes-commits/201209.mbox/<20120924220607.021ED2388C52@eris.apache.org>,chenpei
Mon Sep 24 22:07:35 2012,http://mail-archives.apache.org/mod_mbox/ctakes-commits/201209.mbox/<20120924220607.021ED2388C52@eris.apache.org>,chenpei
Mon Sep 24 22:07:35 2012,http://mail-archives.apache.org/mod_mbox/ctakes-commits/201209.mbox/<20120924220607.021ED2388C52@eris.apache.org>,chenpei
Mon Sep 24 22:07:35 2012,http://mail-archives.apache.org/mod_mbox/ctakes-commits/201209.mbox/<20120924220607.021ED2388C52@eris.apache.org>,chenpei
Mon Sep 24 22:07:35 2012,http://mail-archives.apache.org/mod_mbox/ctakes-commits/201209.mbox/<20120924220607.021ED2388C52@eris.apache.org>,chenpei
Mon Sep 24 22:07:35 2012,http://mail-archives.apache.org/mod_mbox/ctakes-commits/201209.mbox/<20120924220607.021ED2388C52@eris.apache.org>,chenpei
Mon Sep 24 22:07:35 2012,http://mail-archives.apache.org/mod_mbox/ctakes-commits/201209.mbox/<20120924220607.021ED2388C52@eris.apache.org>,chenpei
Mon Sep 24 22:07:35 2012,http://mail-archives.apache.org/mod_mbox/ctakes-commits/201209.mbox/<20120924220607.021ED2388C52@eris.apache.org>,chenpei
Mon Sep 24 22:07:35 2012,http://mail-archives.apache.org/mod_mbox/ctakes-commits/201209.mbox/<20120924220607.021ED2388C52@eris.apache.org>,chenpei
Mon Sep 24 22:07:35 2012,http://mail-archives.apache.org/mod_mbox/ctakes-commits/201209.mbox/<20120924220607.021ED2388C52@eris.apache.org>,chenpei
Mon Sep 24 22:07:35 2012,http://mail-archives.apache.org/mod_mbox/ctakes-commits/201209.mbox/<20120924220607.021ED2388C52@eris.apache.org>,chenpei
Mon Sep 24 22:07:35 2012,http://mail-archives.apache.org/mod_mbox/ctakes-commits/201209.mbox/<20120924220607.021ED2388C52@eris.apache.org>,chenpei
Mon Sep 24 22:07:35 2012,http://mail-archives.apache.org/mod_mbox/ctakes-commits/201209.mbox/<20120924220607.021ED2388C52@eris.apache.org>,chenpei
Mon Sep 24 22:07:35 2012,http://mail-archives.apache.org/mod_mbox/ctakes-commits/201209.mbox/<20120924220607.021ED2388C52@eris.apache.org>,chenpei
Mon Sep 24 22:07:35 2012,http://mail-archives.apache.org/mod_mbox/ctakes-commits/201209.mbox/<20120924220607.021ED2388C52@eris.apache.org>,chenpei
Mon Sep 24 22:07:35 2012,http://mail-archives.apache.org/mod_mbox/ctakes-commits/201209.mbox/<20120924220607.021ED2388C52@eris.apache.org>,chenpei
Mon Sep 24 22:07:35 2012,http://mail-archives.apache.org/mod_mbox/ctakes-commits/201209.mbox/<20120924220607.021ED2388C52@eris.apache.org>,chenpei
Mon Sep 24 22:07:35 2012,http://mail-archives.apache.org/mod_mbox/ctakes-commits/201209.mbox/<20120924220607.021ED2388C52@eris.apache.org>,chenpei
Mon Sep 24 22:07:35 2012,http://mail-archives.apache.org/mod_mbox/ctakes-commits/201209.mbox/<20120924220607.021ED2388C52@eris.apache.org>,chenpei
Mon Sep 24 22:07:35 2012,http://mail-archives.apache.org/mod_mbox/ctakes-commits/201209.mbox/<20120924220607.021ED2388C52@eris.apache.org>,chenpei
Mon Sep 24 22:07:35 2012,http://mail-archives.apache.org/mod_mbox/ctakes-commits/201209.mbox/<20120924220607.021ED2388C52@eris.apache.org>,chenpei
Mon Sep 24 22:07:35 2012,http://mail-archives.apache.org/mod_mbox/ctakes-commits/201209.mbox/<20120924220607.021ED2388C52@eris.apache.org>,chenpei
Mon Sep 24 22:07:35 2012,http://mail-archives.apache.org/mod_mbox/ctakes-commits/201209.mbox/<20120924220607.021ED2388C52@eris.apache.org>,chenpei
Mon Sep 24 22:07:35 2012,http://mail-archives.apache.org/mod_mbox/ctakes-commits/201209.mbox/<20120924220607.021ED2388C52@eris.apache.org>,chenpei
Mon Sep 24 22:07:35 2012,http://mail-archives.apache.org/mod_mbox/ctakes-commits/201209.mbox/<20120924220607.021ED2388C52@eris.apache.org>,chenpei
Mon Sep 24 22:07:35 2012,http://mail-archives.apache.org/mod_mbox/ctakes-commits/201209.mbox/<20120924220607.021ED2388C52@eris.apache.org>,chenpei
Mon Sep 24 22:07:35 2012,http://mail-archives.apache.org/mod_mbox/ctakes-commits/201209.mbox/<20120924220607.021ED2388C52@eris.apache.org>,chenpei
Mon Sep 24 22:07:35 2012,http://mail-archives.apache.org/mod_mbox/ctakes-commits/201209.mbox/<20120924220607.021ED2388C52@eris.apache.org>,chenpei
Mon Sep 24 22:07:35 2012,http://mail-archives.apache.org/mod_mbox/ctakes-commits/201209.mbox/<20120924220607.021ED2388C52@eris.apache.org>,chenpei
Mon Sep 24 22:07:35 2012,http://mail-archives.apache.org/mod_mbox/ctakes-commits/201209.mbox/<20120924220607.021ED2388C52@eris.apache.org>,chenpei
Mon Sep 24 22:07:35 2012,http://mail-archives.apache.org/mod_mbox/ctakes-commits/201209.mbox/<20120924220607.021ED2388C52@eris.apache.org>,chenpei
Mon Sep 24 22:07:35 2012,http://mail-archives.apache.org/mod_mbox/ctakes-commits/201209.mbox/<20120924220607.021ED2388C52@eris.apache.org>,chenpei
Mon Sep 24 22:07:35 2012,http://mail-archives.apache.org/mod_mbox/ctakes-commits/201209.mbox/<20120924220607.021ED2388C52@eris.apache.org>,chenpei
Mon Sep 24 22:07:35 2012,http://mail-archives.apache.org/mod_mbox/ctakes-commits/201209.mbox/<20120924220607.021ED2388C52@eris.apache.org>,chenpei
Mon Sep 24 22:07:35 2012,http://mail-archives.apache.org/mod_mbox/ctakes-commits/201209.mbox/<20120924220607.021ED2388C52@eris.apache.org>,chenpei
Mon Sep 24 22:07:35 2012,http://mail-archives.apache.org/mod_mbox/ctakes-commits/201209.mbox/<20120924220607.021ED2388C52@eris.apache.org>,chenpei
Mon Sep 24 22:07:35 2012,http://mail-archives.apache.org/mod_mbox/ctakes-commits/201209.mbox/<20120924220607.021ED2388C52@eris.apache.org>,chenpei
Mon Sep 24 22:07:35 2012,http://mail-archives.apache.org/mod_mbox/ctakes-commits/201209.mbox/<20120924220607.021ED2388C52@eris.apache.org>,chenpei
Mon Sep 24 22:07:35 2012,http://mail-archives.apache.org/mod_mbox/ctakes-commits/201209.mbox/<20120924220607.021ED2388C52@eris.apache.org>,chenpei
Mon Sep 24 22:07:35 2012,http://mail-archives.apache.org/mod_mbox/ctakes-commits/201209.mbox/<20120924220607.021ED2388C52@eris.apache.org>,chenpei
Mon Sep 24 22:07:35 2012,http://mail-archives.apache.org/mod_mbox/ctakes-commits/201209.mbox/<20120924220607.021ED2388C52@eris.apache.org>,chenpei
Mon Sep 24 22:07:35 2012,http://mail-archives.apache.org/mod_mbox/ctakes-commits/201209.mbox/<20120924220607.021ED2388C52@eris.apache.org>,chenpei
Mon Sep 24 22:07:35 2012,http://mail-archives.apache.org/mod_mbox/ctakes-commits/201209.mbox/<20120924220607.021ED2388C52@eris.apache.org>,chenpei
Mon Sep 24 22:07:35 2012,http://mail-archives.apache.org/mod_mbox/ctakes-commits/201209.mbox/<20120924220607.021ED2388C52@eris.apache.org>,chenpei
Mon Sep 24 22:07:35 2012,http://mail-archives.apache.org/mod_mbox/ctakes-commits/201209.mbox/<20120924220607.021ED2388C52@eris.apache.org>,chenpei
Mon Sep 24 22:07:35 2012,http://mail-archives.apache.org/mod_mbox/ctakes-commits/201209.mbox/<20120924220607.021ED2388C52@eris.apache.org>,chenpei
Mon Sep 24 22:07:35 2012,http://mail-archives.apache.org/mod_mbox/ctakes-commits/201209.mbox/<20120924220607.021ED2388C52@eris.apache.org>,chenpei
Mon Sep 24 22:07:35 2012,http://mail-archives.apache.org/mod_mbox/ctakes-commits/201209.mbox/<20120924220607.021ED2388C52@eris.apache.org>,chenpei
Mon Sep 24 22:07:35 2012,http://mail-archives.apache.org/mod_mbox/ctakes-commits/201209.mbox/<20120924220607.021ED2388C52@eris.apache.org>,chenpei
Mon Sep 24 22:07:35 2012,http://mail-archives.apache.org/mod_mbox/ctakes-commits/201209.mbox/<20120924220607.021ED2388C52@eris.apache.org>,chenpei
Mon Sep 24 22:07:35 2012,http://mail-archives.apache.org/mod_mbox/ctakes-commits/201209.mbox/<20120924220607.021ED2388C52@eris.apache.org>,chenpei
Mon Sep 24 22:07:35 2012,http://mail-archives.apache.org/mod_mbox/ctakes-commits/201209.mbox/<20120924220607.021ED2388C52@eris.apache.org>,chenpei
Mon Sep 24 22:07:35 2012,http://mail-archives.apache.org/mod_mbox/ctakes-commits/201209.mbox/<20120924220607.021ED2388C52@eris.apache.org>,chenpei
Mon Sep 24 22:07:35 2012,http://mail-archives.apache.org/mod_mbox/ctakes-commits/201209.mbox/<20120924220607.021ED2388C52@eris.apache.org>,chenpei
Mon Sep 24 22:07:35 2012,http://mail-archives.apache.org/mod_mbox/ctakes-commits/201209.mbox/<20120924220607.021ED2388C52@eris.apache.org>,chenpei
Mon Sep 24 22:07:35 2012,http://mail-archives.apache.org/mod_mbox/ctakes-commits/201209.mbox/<20120924220607.021ED2388C52@eris.apache.org>,chenpei
Mon Sep 24 22:07:35 2012,http://mail-archives.apache.org/mod_mbox/ctakes-commits/201209.mbox/<20120924220607.021ED2388C52@eris.apache.org>,chenpei
Mon Sep 24 22:07:35 2012,http://mail-archives.apache.org/mod_mbox/ctakes-commits/201209.mbox/<20120924220607.021ED2388C52@eris.apache.org>,chenpei
Mon Sep 24 22:07:35 2012,http://mail-archives.apache.org/mod_mbox/ctakes-commits/201209.mbox/<20120924220607.021ED2388C52@eris.apache.org>,chenpei
Mon Sep 24 22:07:35 2012,http://mail-archives.apache.org/mod_mbox/ctakes-commits/201209.mbox/<20120924220607.021ED2388C52@eris.apache.org>,chenpei
Mon Sep 24 22:07:35 2012,http://mail-archives.apache.org/mod_mbox/ctakes-commits/201209.mbox/<20120924220607.021ED2388C52@eris.apache.org>,chenpei
Mon Sep 24 22:07:35 2012,http://mail-archives.apache.org/mod_mbox/ctakes-commits/201209.mbox/<20120924220607.021ED2388C52@eris.apache.org>,chenpei
Mon Sep 24 22:07:35 2012,http://mail-archives.apache.org/mod_mbox/ctakes-commits/201209.mbox/<20120924220607.021ED2388C52@eris.apache.org>,chenpei
Mon Sep 24 22:07:35 2012,http://mail-archives.apache.org/mod_mbox/ctakes-commits/201209.mbox/<20120924220607.021ED2388C52@eris.apache.org>,chenpei
Mon Sep 24 22:07:35 2012,http://mail-archives.apache.org/mod_mbox/ctakes-commits/201209.mbox/<20120924220607.021ED2388C52@eris.apache.org>,chenpei
Mon Sep 24 22:07:35 2012,http://mail-archives.apache.org/mod_mbox/ctakes-commits/201209.mbox/<20120924220607.021ED2388C52@eris.apache.org>,chenpei
Mon Sep 24 22:07:35 2012,http://mail-archives.apache.org/mod_mbox/ctakes-commits/201209.mbox/<20120924220607.021ED2388C52@eris.apache.org>,chenpei
Mon Sep 24 22:07:35 2012,http://mail-archives.apache.org/mod_mbox/ctakes-commits/201209.mbox/<20120924220607.021ED2388C52@eris.apache.org>,chenpei
Mon Sep 24 22:07:35 2012,http://mail-archives.apache.org/mod_mbox/ctakes-commits/201209.mbox/<20120924220607.021ED2388C52@eris.apache.org>,chenpei
Mon Sep 24 22:07:35 2012,http://mail-archives.apache.org/mod_mbox/ctakes-commits/201209.mbox/<20120924220607.021ED2388C52@eris.apache.org>,chenpei
Mon Sep 24 22:07:35 2012,http://mail-archives.apache.org/mod_mbox/ctakes-commits/201209.mbox/<20120924220607.021ED2388C52@eris.apache.org>,chenpei
Mon Sep 24 22:07:35 2012,http://mail-archives.apache.org/mod_mbox/ctakes-commits/201209.mbox/<20120924220607.021ED2388C52@eris.apache.org>,chenpei
Mon Sep 24 22:07:35 2012,http://mail-archives.apache.org/mod_mbox/ctakes-commits/201209.mbox/<20120924220607.021ED2388C52@eris.apache.org>,chenpei
Mon Sep 24 22:07:35 2012,http://mail-archives.apache.org/mod_mbox/ctakes-commits/201209.mbox/<20120924220607.021ED2388C52@eris.apache.org>,chenpei
Mon Sep 24 22:07:35 2012,http://mail-archives.apache.org/mod_mbox/ctakes-commits/201209.mbox/<20120924220607.021ED2388C52@eris.apache.org>,chenpei
Mon Sep 24 22:07:35 2012,http://mail-archives.apache.org/mod_mbox/ctakes-commits/201209.mbox/<20120924220607.021ED2388C52@eris.apache.org>,chenpei
Mon Sep 24 22:07:35 2012,http://mail-archives.apache.org/mod_mbox/ctakes-commits/201209.mbox/<20120924220607.021ED2388C52@eris.apache.org>,chenpei
Mon Sep 24 22:07:35 2012,http://mail-archives.apache.org/mod_mbox/ctakes-commits/201209.mbox/<20120924220607.021ED2388C52@eris.apache.org>,chenpei
Mon Sep 24 22:07:35 2012,http://mail-archives.apache.org/mod_mbox/ctakes-commits/201209.mbox/<20120924220607.021ED2388C52@eris.apache.org>,chenpei
Mon Sep 24 22:07:35 2012,http://mail-archives.apache.org/mod_mbox/ctakes-commits/201209.mbox/<20120924220607.021ED2388C52@eris.apache.org>,chenpei
Mon Sep 24 22:07:35 2012,http://mail-archives.apache.org/mod_mbox/ctakes-commits/201209.mbox/<20120924220607.021ED2388C52@eris.apache.org>,chenpei
Mon Sep 24 22:07:35 2012,http://mail-archives.apache.org/mod_mbox/ctakes-commits/201209.mbox/<20120924220607.021ED2388C52@eris.apache.org>,chenpei
Mon Sep 24 22:07:35 2012,http://mail-archives.apache.org/mod_mbox/ctakes-commits/201209.mbox/<20120924220607.021ED2388C52@eris.apache.org>,chenpei
Mon Sep 24 22:07:35 2012,http://mail-archives.apache.org/mod_mbox/ctakes-commits/201209.mbox/<20120924220607.021ED2388C52@eris.apache.org>,chenpei
Mon Sep 24 22:07:35 2012,http://mail-archives.apache.org/mod_mbox/ctakes-commits/201209.mbox/<20120924220607.021ED2388C52@eris.apache.org>,chenpei
Mon Sep 24 22:07:35 2012,http://mail-archives.apache.org/mod_mbox/ctakes-commits/201209.mbox/<20120924220607.021ED2388C52@eris.apache.org>,chenpei
Mon Sep 24 22:07:35 2012,http://mail-archives.apache.org/mod_mbox/ctakes-commits/201209.mbox/<20120924220607.021ED2388C52@eris.apache.org>,chenpei
Mon Sep 24 22:07:35 2012,http://mail-archives.apache.org/mod_mbox/ctakes-commits/201209.mbox/<20120924220607.021ED2388C52@eris.apache.org>,chenpei
Mon Sep 24 22:07:35 2012,http://mail-archives.apache.org/mod_mbox/ctakes-commits/201209.mbox/<20120924220607.021ED2388C52@eris.apache.org>,chenpei
Mon Sep 24 22:07:35 2012,http://mail-archives.apache.org/mod_mbox/ctakes-commits/201209.mbox/<20120924220607.021ED2388C52@eris.apache.org>,chenpei
Mon Sep 24 22:07:35 2012,http://mail-archives.apache.org/mod_mbox/ctakes-commits/201209.mbox/<20120924220607.021ED2388C52@eris.apache.org>,chenpei
Mon Sep 24 22:07:35 2012,http://mail-archives.apache.org/mod_mbox/ctakes-commits/201209.mbox/<20120924220607.021ED2388C52@eris.apache.org>,chenpei
Mon Sep 24 22:07:35 2012,http://mail-archives.apache.org/mod_mbox/ctakes-commits/201209.mbox/<20120924220607.021ED2388C52@eris.apache.org>,chenpei
Mon Sep 24 22:07:35 2012,http://mail-archives.apache.org/mod_mbox/ctakes-commits/201209.mbox/<20120924220607.021ED2388C52@eris.apache.org>,chenpei
Mon Sep 24 22:07:35 2012,http://mail-archives.apache.org/mod_mbox/ctakes-commits/201209.mbox/<20120924220607.021ED2388C52@eris.apache.org>,chenpei
Mon Sep 24 22:07:35 2012,http://mail-archives.apache.org/mod_mbox/ctakes-commits/201209.mbox/<20120924220607.021ED2388C52@eris.apache.org>,chenpei
Mon Sep 24 22:07:35 2012,http://mail-archives.apache.org/mod_mbox/ctakes-commits/201209.mbox/<20120924220607.021ED2388C52@eris.apache.org>,chenpei
Mon Sep 24 22:07:35 2012,http://mail-archives.apache.org/mod_mbox/ctakes-commits/201209.mbox/<20120924220607.021ED2388C52@eris.apache.org>,chenpei
Mon Sep 24 22:07:35 2012,http://mail-archives.apache.org/mod_mbox/ctakes-commits/201209.mbox/<20120924220607.021ED2388C52@eris.apache.org>,chenpei
Mon Sep 24 22:07:35 2012,http://mail-archives.apache.org/mod_mbox/ctakes-commits/201209.mbox/<20120924220607.021ED2388C52@eris.apache.org>,chenpei
Mon Sep 24 22:07:35 2012,http://mail-archives.apache.org/mod_mbox/ctakes-commits/201209.mbox/<20120924220607.021ED2388C52@eris.apache.org>,chenpei
Mon Sep 24 22:07:35 2012,http://mail-archives.apache.org/mod_mbox/ctakes-commits/201209.mbox/<20120924220607.021ED2388C52@eris.apache.org>,chenpei
Mon Sep 24 22:07:35 2012,http://mail-archives.apache.org/mod_mbox/ctakes-commits/201209.mbox/<20120924220607.021ED2388C52@eris.apache.org>,chenpei
Mon Sep 24 22:07:35 2012,http://mail-archives.apache.org/mod_mbox/ctakes-commits/201209.mbox/<20120924220607.021ED2388C52@eris.apache.org>,chenpei
Mon Sep 24 22:07:35 2012,http://mail-archives.apache.org/mod_mbox/ctakes-commits/201209.mbox/<20120924220607.021ED2388C52@eris.apache.org>,chenpei
Mon Sep 24 22:07:35 2012,http://mail-archives.apache.org/mod_mbox/ctakes-commits/201209.mbox/<20120924220607.021ED2388C52@eris.apache.org>,chenpei
Mon Sep 24 22:07:35 2012,http://mail-archives.apache.org/mod_mbox/ctakes-commits/201209.mbox/<20120924220607.021ED2388C52@eris.apache.org>,chenpei
Mon Sep 24 22:07:35 2012,http://mail-archives.apache.org/mod_mbox/ctakes-commits/201209.mbox/<20120924220607.021ED2388C52@eris.apache.org>,chenpei
Mon Sep 24 22:07:35 2012,http://mail-archives.apache.org/mod_mbox/ctakes-commits/201209.mbox/<20120924220607.021ED2388C52@eris.apache.org>,chenpei
Mon Sep 24 22:07:35 2012,http://mail-archives.apache.org/mod_mbox/ctakes-commits/201209.mbox/<20120924220607.021ED2388C52@eris.apache.org>,chenpei
Mon Sep 24 22:07:35 2012,http://mail-archives.apache.org/mod_mbox/ctakes-commits/201209.mbox/<20120924220607.021ED2388C52@eris.apache.org>,chenpei
Mon Sep 24 22:07:35 2012,http://mail-archives.apache.org/mod_mbox/ctakes-commits/201209.mbox/<20120924220607.021ED2388C52@eris.apache.org>,chenpei
Mon Sep 24 22:07:35 2012,http://mail-archives.apache.org/mod_mbox/ctakes-commits/201209.mbox/<20120924220607.021ED2388C52@eris.apache.org>,chenpei
Mon Sep 24 22:07:35 2012,http://mail-archives.apache.org/mod_mbox/ctakes-commits/201209.mbox/<20120924220607.021ED2388C52@eris.apache.org>,chenpei
Mon Sep 24 22:07:35 2012,http://mail-archives.apache.org/mod_mbox/ctakes-commits/201209.mbox/<20120924220607.021ED2388C52@eris.apache.org>,chenpei
Mon Sep 24 22:07:35 2012,http://mail-archives.apache.org/mod_mbox/ctakes-commits/201209.mbox/<20120924220607.021ED2388C52@eris.apache.org>,chenpei
Mon Sep 24 22:07:35 2012,http://mail-archives.apache.org/mod_mbox/ctakes-commits/201209.mbox/<20120924220607.021ED2388C52@eris.apache.org>,chenpei
Mon Sep 24 22:07:35 2012,http://mail-archives.apache.org/mod_mbox/ctakes-commits/201209.mbox/<20120924220607.021ED2388C52@eris.apache.org>,chenpei
Mon Sep 24 22:07:35 2012,http://mail-archives.apache.org/mod_mbox/ctakes-commits/201209.mbox/<20120924220607.021ED2388C52@eris.apache.org>,chenpei
Mon Sep 24 22:07:35 2012,http://mail-archives.apache.org/mod_mbox/ctakes-commits/201209.mbox/<20120924220607.021ED2388C52@eris.apache.org>,chenpei
Mon Sep 24 22:07:35 2012,http://mail-archives.apache.org/mod_mbox/ctakes-commits/201209.mbox/<20120924220607.021ED2388C52@eris.apache.org>,chenpei
Mon Sep 24 22:07:35 2012,http://mail-archives.apache.org/mod_mbox/ctakes-commits/201209.mbox/<20120924220607.021ED2388C52@eris.apache.org>,chenpei
Mon Sep 24 22:07:35 2012,http://mail-archives.apache.org/mod_mbox/ctakes-commits/201209.mbox/<20120924220607.021ED2388C52@eris.apache.org>,chenpei
Mon Sep 24 22:07:35 2012,http://mail-archives.apache.org/mod_mbox/ctakes-commits/201209.mbox/<20120924220607.021ED2388C52@eris.apache.org>,chenpei
Mon Sep 24 22:07:35 2012,http://mail-archives.apache.org/mod_mbox/ctakes-commits/201209.mbox/<20120924220607.021ED2388C52@eris.apache.org>,chenpei
Mon Sep 24 22:07:35 2012,http://mail-archives.apache.org/mod_mbox/ctakes-commits/201209.mbox/<20120924220607.021ED2388C52@eris.apache.org>,chenpei
Mon Sep 24 22:07:35 2012,http://mail-archives.apache.org/mod_mbox/ctakes-commits/201209.mbox/<20120924220607.021ED2388C52@eris.apache.org>,chenpei
Mon Sep 24 22:07:35 2012,http://mail-archives.apache.org/mod_mbox/ctakes-commits/201209.mbox/<20120924220607.021ED2388C52@eris.apache.org>,chenpei
Mon Sep 24 22:07:35 2012,http://mail-archives.apache.org/mod_mbox/ctakes-commits/201209.mbox/<20120924220607.021ED2388C52@eris.apache.org>,chenpei
Mon Sep 24 22:07:35 2012,http://mail-archives.apache.org/mod_mbox/ctakes-commits/201209.mbox/<20120924220607.021ED2388C52@eris.apache.org>,chenpei
Mon Sep 24 22:07:35 2012,http://mail-archives.apache.org/mod_mbox/ctakes-commits/201209.mbox/<20120924220607.021ED2388C52@eris.apache.org>,chenpei
Mon Sep 24 22:07:35 2012,http://mail-archives.apache.org/mod_mbox/ctakes-commits/201209.mbox/<20120924220607.021ED2388C52@eris.apache.org>,chenpei
Mon Sep 24 22:07:35 2012,http://mail-archives.apache.org/mod_mbox/ctakes-commits/201209.mbox/<20120924220607.021ED2388C52@eris.apache.org>,chenpei
Mon Sep 24 22:07:35 2012,http://mail-archives.apache.org/mod_mbox/ctakes-commits/201209.mbox/<20120924220607.021ED2388C52@eris.apache.org>,chenpei
Mon Sep 24 22:07:35 2012,http://mail-archives.apache.org/mod_mbox/ctakes-commits/201209.mbox/<20120924220607.021ED2388C52@eris.apache.org>,chenpei
Mon Sep 24 22:07:35 2012,http://mail-archives.apache.org/mod_mbox/ctakes-commits/201209.mbox/<20120924220607.021ED2388C52@eris.apache.org>,chenpei
Mon Sep 24 22:07:35 2012,http://mail-archives.apache.org/mod_mbox/ctakes-commits/201209.mbox/<20120924220607.021ED2388C52@eris.apache.org>,chenpei
Mon Sep 24 22:07:35 2012,http://mail-archives.apache.org/mod_mbox/ctakes-commits/201209.mbox/<20120924220607.021ED2388C52@eris.apache.org>,chenpei
Mon Sep 24 22:07:35 2012,http://mail-archives.apache.org/mod_mbox/ctakes-commits/201209.mbox/<20120924220607.021ED2388C52@eris.apache.org>,chenpei
Mon Sep 24 22:07:35 2012,http://mail-archives.apache.org/mod_mbox/ctakes-commits/201209.mbox/<20120924220607.021ED2388C52@eris.apache.org>,chenpei
Mon Sep 24 22:07:35 2012,http://mail-archives.apache.org/mod_mbox/ctakes-commits/201209.mbox/<20120924220607.021ED2388C52@eris.apache.org>,chenpei
Mon Sep 24 22:07:35 2012,http://mail-archives.apache.org/mod_mbox/ctakes-commits/201209.mbox/<20120924220607.021ED2388C52@eris.apache.org>,chenpei
Mon Sep 24 22:07:35 2012,http://mail-archives.apache.org/mod_mbox/ctakes-commits/201209.mbox/<20120924220607.021ED2388C52@eris.apache.org>,chenpei
Mon Sep 24 22:07:35 2012,http://mail-archives.apache.org/mod_mbox/ctakes-commits/201209.mbox/<20120924220607.021ED2388C52@eris.apache.org>,chenpei
Mon Sep 24 22:07:35 2012,http://mail-archives.apache.org/mod_mbox/ctakes-commits/201209.mbox/<20120924220607.021ED2388C52@eris.apache.org>,chenpei
Mon Sep 24 22:07:35 2012,http://mail-archives.apache.org/mod_mbox/ctakes-commits/201209.mbox/<20120924220607.021ED2388C52@eris.apache.org>,chenpei
Mon Sep 24 22:07:35 2012,http://mail-archives.apache.org/mod_mbox/ctakes-commits/201209.mbox/<20120924220607.021ED2388C52@eris.apache.org>,chenpei
Mon Sep 24 22:07:35 2012,http://mail-archives.apache.org/mod_mbox/ctakes-commits/201209.mbox/<20120924220607.021ED2388C52@eris.apache.org>,chenpei
Mon Sep 24 22:07:35 2012,http://mail-archives.apache.org/mod_mbox/ctakes-commits/201209.mbox/<20120924220607.021ED2388C52@eris.apache.org>,chenpei
Mon Sep 24 22:07:35 2012,http://mail-archives.apache.org/mod_mbox/ctakes-commits/201209.mbox/<20120924220607.021ED2388C52@eris.apache.org>,chenpei
Mon Sep 24 22:07:35 2012,http://mail-archives.apache.org/mod_mbox/ctakes-commits/201209.mbox/<20120924220607.021ED2388C52@eris.apache.org>,chenpei
Mon Sep 24 22:07:35 2012,http://mail-archives.apache.org/mod_mbox/ctakes-commits/201209.mbox/<20120924220607.021ED2388C52@eris.apache.org>,chenpei
Mon Sep 24 22:07:35 2012,http://mail-archives.apache.org/mod_mbox/ctakes-commits/201209.mbox/<20120924220607.021ED2388C52@eris.apache.org>,chenpei
Mon Sep 24 22:07:40 2012,http://mail-archives.apache.org/mod_mbox/ctakes-commits/201209.mbox/<20120924220607.1BFC72388C6A@eris.apache.org>,chenpei
Mon Sep 24 22:07:40 2012,http://mail-archives.apache.org/mod_mbox/ctakes-commits/201209.mbox/<20120924220607.1BFC72388C6A@eris.apache.org>,chenpei
Mon Sep 24 22:07:40 2012,http://mail-archives.apache.org/mod_mbox/ctakes-commits/201209.mbox/<20120924220607.1BFC72388C6A@eris.apache.org>,chenpei
Mon Sep 24 22:07:40 2012,http://mail-archives.apache.org/mod_mbox/ctakes-commits/201209.mbox/<20120924220607.1BFC72388C6A@eris.apache.org>,chenpei
Mon Sep 24 22:07:40 2012,http://mail-archives.apache.org/mod_mbox/ctakes-commits/201209.mbox/<20120924220607.1BFC72388C6A@eris.apache.org>,chenpei
Mon Sep 24 22:07:40 2012,http://mail-archives.apache.org/mod_mbox/ctakes-commits/201209.mbox/<20120924220607.1BFC72388C6A@eris.apache.org>,chenpei
Mon Sep 24 22:07:40 2012,http://mail-archives.apache.org/mod_mbox/ctakes-commits/201209.mbox/<20120924220607.1BFC72388C6A@eris.apache.org>,chenpei
Mon Sep 24 22:07:40 2012,http://mail-archives.apache.org/mod_mbox/ctakes-commits/201209.mbox/<20120924220607.1BFC72388C6A@eris.apache.org>,chenpei
Mon Sep 24 22:07:40 2012,http://mail-archives.apache.org/mod_mbox/ctakes-commits/201209.mbox/<20120924220607.1BFC72388C6A@eris.apache.org>,chenpei
Mon Sep 24 22:07:40 2012,http://mail-archives.apache.org/mod_mbox/ctakes-commits/201209.mbox/<20120924220607.1BFC72388C6A@eris.apache.org>,chenpei
Mon Sep 24 22:07:40 2012,http://mail-archives.apache.org/mod_mbox/ctakes-commits/201209.mbox/<20120924220607.1BFC72388C6A@eris.apache.org>,chenpei
Mon Sep 24 22:07:40 2012,http://mail-archives.apache.org/mod_mbox/ctakes-commits/201209.mbox/<20120924220607.1BFC72388C6A@eris.apache.org>,chenpei
Mon Sep 24 22:07:40 2012,http://mail-archives.apache.org/mod_mbox/ctakes-commits/201209.mbox/<20120924220607.1BFC72388C6A@eris.apache.org>,chenpei
Mon Sep 24 22:07:40 2012,http://mail-archives.apache.org/mod_mbox/ctakes-commits/201209.mbox/<20120924220607.1BFC72388C6A@eris.apache.org>,chenpei
Mon Sep 24 22:07:40 2012,http://mail-archives.apache.org/mod_mbox/ctakes-commits/201209.mbox/<20120924220607.1BFC72388C6A@eris.apache.org>,chenpei
Mon Sep 24 22:07:40 2012,http://mail-archives.apache.org/mod_mbox/ctakes-commits/201209.mbox/<20120924220607.1BFC72388C6A@eris.apache.org>,chenpei
Mon Sep 24 22:07:40 2012,http://mail-archives.apache.org/mod_mbox/ctakes-commits/201209.mbox/<20120924220607.1BFC72388C6A@eris.apache.org>,chenpei
Mon Sep 24 22:07:40 2012,http://mail-archives.apache.org/mod_mbox/ctakes-commits/201209.mbox/<20120924220607.1BFC72388C6A@eris.apache.org>,chenpei
Mon Sep 24 22:07:40 2012,http://mail-archives.apache.org/mod_mbox/ctakes-commits/201209.mbox/<20120924220607.1BFC72388C6A@eris.apache.org>,chenpei
Mon Sep 24 22:07:40 2012,http://mail-archives.apache.org/mod_mbox/ctakes-commits/201209.mbox/<20120924220607.1BFC72388C6A@eris.apache.org>,chenpei
Mon Sep 24 22:07:40 2012,http://mail-archives.apache.org/mod_mbox/ctakes-commits/201209.mbox/<20120924220607.1BFC72388C6A@eris.apache.org>,chenpei
Mon Sep 24 22:07:40 2012,http://mail-archives.apache.org/mod_mbox/ctakes-commits/201209.mbox/<20120924220607.1BFC72388C6A@eris.apache.org>,chenpei
Mon Sep 24 22:07:40 2012,http://mail-archives.apache.org/mod_mbox/ctakes-commits/201209.mbox/<20120924220607.1BFC72388C6A@eris.apache.org>,chenpei
Mon Sep 24 22:07:40 2012,http://mail-archives.apache.org/mod_mbox/ctakes-commits/201209.mbox/<20120924220607.1BFC72388C6A@eris.apache.org>,chenpei
Mon Sep 24 22:07:40 2012,http://mail-archives.apache.org/mod_mbox/ctakes-commits/201209.mbox/<20120924220607.1BFC72388C6A@eris.apache.org>,chenpei
Mon Sep 24 22:07:40 2012,http://mail-archives.apache.org/mod_mbox/ctakes-commits/201209.mbox/<20120924220607.1BFC72388C6A@eris.apache.org>,chenpei
Mon Sep 24 22:07:40 2012,http://mail-archives.apache.org/mod_mbox/ctakes-commits/201209.mbox/<20120924220607.1BFC72388C6A@eris.apache.org>,chenpei
Mon Sep 24 22:07:40 2012,http://mail-archives.apache.org/mod_mbox/ctakes-commits/201209.mbox/<20120924220607.1BFC72388C6A@eris.apache.org>,chenpei
Mon Sep 24 22:07:40 2012,http://mail-archives.apache.org/mod_mbox/ctakes-commits/201209.mbox/<20120924220607.1BFC72388C6A@eris.apache.org>,chenpei
Mon Sep 24 22:07:40 2012,http://mail-archives.apache.org/mod_mbox/ctakes-commits/201209.mbox/<20120924220607.1BFC72388C6A@eris.apache.org>,chenpei
Mon Sep 24 22:07:40 2012,http://mail-archives.apache.org/mod_mbox/ctakes-commits/201209.mbox/<20120924220607.1BFC72388C6A@eris.apache.org>,chenpei
Mon Sep 24 22:07:40 2012,http://mail-archives.apache.org/mod_mbox/ctakes-commits/201209.mbox/<20120924220607.1BFC72388C6A@eris.apache.org>,chenpei
Mon Sep 24 22:07:40 2012,http://mail-archives.apache.org/mod_mbox/ctakes-commits/201209.mbox/<20120924220607.1BFC72388C6A@eris.apache.org>,chenpei
Mon Sep 24 22:07:40 2012,http://mail-archives.apache.org/mod_mbox/ctakes-commits/201209.mbox/<20120924220607.1BFC72388C6A@eris.apache.org>,chenpei
Mon Sep 24 22:07:40 2012,http://mail-archives.apache.org/mod_mbox/ctakes-commits/201209.mbox/<20120924220607.1BFC72388C6A@eris.apache.org>,chenpei
Mon Sep 24 22:07:40 2012,http://mail-archives.apache.org/mod_mbox/ctakes-commits/201209.mbox/<20120924220607.1BFC72388C6A@eris.apache.org>,chenpei
Mon Sep 24 22:07:40 2012,http://mail-archives.apache.org/mod_mbox/ctakes-commits/201209.mbox/<20120924220607.1BFC72388C6A@eris.apache.org>,chenpei
Mon Sep 24 22:07:40 2012,http://mail-archives.apache.org/mod_mbox/ctakes-commits/201209.mbox/<20120924220607.1BFC72388C6A@eris.apache.org>,chenpei
Mon Sep 24 22:07:40 2012,http://mail-archives.apache.org/mod_mbox/ctakes-commits/201209.mbox/<20120924220607.1BFC72388C6A@eris.apache.org>,chenpei
Mon Sep 24 22:07:40 2012,http://mail-archives.apache.org/mod_mbox/ctakes-commits/201209.mbox/<20120924220607.1BFC72388C6A@eris.apache.org>,chenpei
Mon Sep 24 22:07:40 2012,http://mail-archives.apache.org/mod_mbox/ctakes-commits/201209.mbox/<20120924220607.1BFC72388C6A@eris.apache.org>,chenpei
Mon Sep 24 22:07:40 2012,http://mail-archives.apache.org/mod_mbox/ctakes-commits/201209.mbox/<20120924220607.1BFC72388C6A@eris.apache.org>,chenpei
Mon Sep 24 22:07:40 2012,http://mail-archives.apache.org/mod_mbox/ctakes-commits/201209.mbox/<20120924220607.1BFC72388C6A@eris.apache.org>,chenpei
Mon Sep 24 22:07:40 2012,http://mail-archives.apache.org/mod_mbox/ctakes-commits/201209.mbox/<20120924220607.1BFC72388C6A@eris.apache.org>,chenpei
Mon Sep 24 22:07:40 2012,http://mail-archives.apache.org/mod_mbox/ctakes-commits/201209.mbox/<20120924220607.1BFC72388C6A@eris.apache.org>,chenpei
Mon Sep 24 22:07:40 2012,http://mail-archives.apache.org/mod_mbox/ctakes-commits/201209.mbox/<20120924220607.1BFC72388C6A@eris.apache.org>,chenpei
Mon Sep 24 22:07:40 2012,http://mail-archives.apache.org/mod_mbox/ctakes-commits/201209.mbox/<20120924220607.1BFC72388C6A@eris.apache.org>,chenpei
Mon Sep 24 22:07:40 2012,http://mail-archives.apache.org/mod_mbox/ctakes-commits/201209.mbox/<20120924220607.1BFC72388C6A@eris.apache.org>,chenpei
Mon Sep 24 22:07:40 2012,http://mail-archives.apache.org/mod_mbox/ctakes-commits/201209.mbox/<20120924220607.1BFC72388C6A@eris.apache.org>,chenpei
Mon Sep 24 22:07:40 2012,http://mail-archives.apache.org/mod_mbox/ctakes-commits/201209.mbox/<20120924220607.1BFC72388C6A@eris.apache.org>,chenpei
Mon Sep 24 22:07:40 2012,http://mail-archives.apache.org/mod_mbox/ctakes-commits/201209.mbox/<20120924220607.1BFC72388C6A@eris.apache.org>,chenpei
Mon Sep 24 22:07:40 2012,http://mail-archives.apache.org/mod_mbox/ctakes-commits/201209.mbox/<20120924220607.1BFC72388C6A@eris.apache.org>,chenpei
Mon Sep 24 22:07:40 2012,http://mail-archives.apache.org/mod_mbox/ctakes-commits/201209.mbox/<20120924220607.1BFC72388C6A@eris.apache.org>,chenpei
Mon Sep 24 22:07:40 2012,http://mail-archives.apache.org/mod_mbox/ctakes-commits/201209.mbox/<20120924220607.1BFC72388C6A@eris.apache.org>,chenpei
Mon Sep 24 22:07:40 2012,http://mail-archives.apache.org/mod_mbox/ctakes-commits/201209.mbox/<20120924220607.1BFC72388C6A@eris.apache.org>,chenpei
Mon Sep 24 22:07:40 2012,http://mail-archives.apache.org/mod_mbox/ctakes-commits/201209.mbox/<20120924220607.1BFC72388C6A@eris.apache.org>,chenpei
Mon Sep 24 22:07:40 2012,http://mail-archives.apache.org/mod_mbox/ctakes-commits/201209.mbox/<20120924220607.1BFC72388C6A@eris.apache.org>,chenpei
Mon Sep 24 22:07:40 2012,http://mail-archives.apache.org/mod_mbox/ctakes-commits/201209.mbox/<20120924220607.1BFC72388C6A@eris.apache.org>,chenpei
Mon Sep 24 22:07:40 2012,http://mail-archives.apache.org/mod_mbox/ctakes-commits/201209.mbox/<20120924220607.1BFC72388C6A@eris.apache.org>,chenpei
Mon Sep 24 22:07:40 2012,http://mail-archives.apache.org/mod_mbox/ctakes-commits/201209.mbox/<20120924220607.1BFC72388C6A@eris.apache.org>,chenpei
Mon Sep 24 22:07:40 2012,http://mail-archives.apache.org/mod_mbox/ctakes-commits/201209.mbox/<20120924220607.1BFC72388C6A@eris.apache.org>,chenpei
Mon Sep 24 22:07:40 2012,http://mail-archives.apache.org/mod_mbox/ctakes-commits/201209.mbox/<20120924220607.1BFC72388C6A@eris.apache.org>,chenpei
Mon Sep 24 22:07:40 2012,http://mail-archives.apache.org/mod_mbox/ctakes-commits/201209.mbox/<20120924220607.1BFC72388C6A@eris.apache.org>,chenpei
Mon Sep 24 22:07:40 2012,http://mail-archives.apache.org/mod_mbox/ctakes-commits/201209.mbox/<20120924220607.1BFC72388C6A@eris.apache.org>,chenpei
Mon Sep 24 22:07:40 2012,http://mail-archives.apache.org/mod_mbox/ctakes-commits/201209.mbox/<20120924220607.1BFC72388C6A@eris.apache.org>,chenpei
Mon Sep 24 22:07:40 2012,http://mail-archives.apache.org/mod_mbox/ctakes-commits/201209.mbox/<20120924220607.1BFC72388C6A@eris.apache.org>,chenpei
Mon Sep 24 22:07:40 2012,http://mail-archives.apache.org/mod_mbox/ctakes-commits/201209.mbox/<20120924220607.1BFC72388C6A@eris.apache.org>,chenpei
Mon Sep 24 22:07:40 2012,http://mail-archives.apache.org/mod_mbox/ctakes-commits/201209.mbox/<20120924220607.1BFC72388C6A@eris.apache.org>,chenpei
Mon Sep 24 22:07:40 2012,http://mail-archives.apache.org/mod_mbox/ctakes-commits/201209.mbox/<20120924220607.1BFC72388C6A@eris.apache.org>,chenpei
Mon Sep 24 22:07:40 2012,http://mail-archives.apache.org/mod_mbox/ctakes-commits/201209.mbox/<20120924220607.1BFC72388C6A@eris.apache.org>,chenpei
Mon Sep 24 22:07:40 2012,http://mail-archives.apache.org/mod_mbox/ctakes-commits/201209.mbox/<20120924220607.1BFC72388C6A@eris.apache.org>,chenpei
Mon Sep 24 22:07:40 2012,http://mail-archives.apache.org/mod_mbox/ctakes-commits/201209.mbox/<20120924220607.1BFC72388C6A@eris.apache.org>,chenpei
Mon Sep 24 22:07:40 2012,http://mail-archives.apache.org/mod_mbox/ctakes-commits/201209.mbox/<20120924220607.1BFC72388C6A@eris.apache.org>,chenpei
Mon Sep 24 22:07:40 2012,http://mail-archives.apache.org/mod_mbox/ctakes-commits/201209.mbox/<20120924220607.1BFC72388C6A@eris.apache.org>,chenpei
Mon Sep 24 22:07:40 2012,http://mail-archives.apache.org/mod_mbox/ctakes-commits/201209.mbox/<20120924220607.1BFC72388C6A@eris.apache.org>,chenpei
Mon Sep 24 22:07:40 2012,http://mail-archives.apache.org/mod_mbox/ctakes-commits/201209.mbox/<20120924220607.1BFC72388C6A@eris.apache.org>,chenpei
Mon Sep 24 22:07:40 2012,http://mail-archives.apache.org/mod_mbox/ctakes-commits/201209.mbox/<20120924220607.1BFC72388C6A@eris.apache.org>,chenpei
Mon Sep 24 22:07:40 2012,http://mail-archives.apache.org/mod_mbox/ctakes-commits/201209.mbox/<20120924220607.1BFC72388C6A@eris.apache.org>,chenpei
Mon Sep 24 22:07:40 2012,http://mail-archives.apache.org/mod_mbox/ctakes-commits/201209.mbox/<20120924220607.1BFC72388C6A@eris.apache.org>,chenpei
Mon Sep 24 22:07:40 2012,http://mail-archives.apache.org/mod_mbox/ctakes-commits/201209.mbox/<20120924220607.1BFC72388C6A@eris.apache.org>,chenpei
Mon Sep 24 22:07:40 2012,http://mail-archives.apache.org/mod_mbox/ctakes-commits/201209.mbox/<20120924220607.1BFC72388C6A@eris.apache.org>,chenpei
Mon Sep 24 22:07:40 2012,http://mail-archives.apache.org/mod_mbox/ctakes-commits/201209.mbox/<20120924220607.1BFC72388C6A@eris.apache.org>,chenpei
Mon Sep 24 22:07:40 2012,http://mail-archives.apache.org/mod_mbox/ctakes-commits/201209.mbox/<20120924220607.1BFC72388C6A@eris.apache.org>,chenpei
Mon Sep 24 22:07:40 2012,http://mail-archives.apache.org/mod_mbox/ctakes-commits/201209.mbox/<20120924220607.1BFC72388C6A@eris.apache.org>,chenpei
Mon Sep 24 22:07:40 2012,http://mail-archives.apache.org/mod_mbox/ctakes-commits/201209.mbox/<20120924220607.1BFC72388C6A@eris.apache.org>,chenpei
Mon Sep 24 22:07:40 2012,http://mail-archives.apache.org/mod_mbox/ctakes-commits/201209.mbox/<20120924220607.1BFC72388C6A@eris.apache.org>,chenpei
Mon Sep 24 22:07:40 2012,http://mail-archives.apache.org/mod_mbox/ctakes-commits/201209.mbox/<20120924220607.1BFC72388C6A@eris.apache.org>,chenpei
Mon Sep 24 22:07:40 2012,http://mail-archives.apache.org/mod_mbox/ctakes-commits/201209.mbox/<20120924220607.1BFC72388C6A@eris.apache.org>,chenpei
Mon Sep 24 22:07:40 2012,http://mail-archives.apache.org/mod_mbox/ctakes-commits/201209.mbox/<20120924220607.1BFC72388C6A@eris.apache.org>,chenpei
Mon Sep 24 22:07:40 2012,http://mail-archives.apache.org/mod_mbox/ctakes-commits/201209.mbox/<20120924220607.1BFC72388C6A@eris.apache.org>,chenpei
Mon Sep 24 22:07:40 2012,http://mail-archives.apache.org/mod_mbox/ctakes-commits/201209.mbox/<20120924220607.1BFC72388C6A@eris.apache.org>,chenpei
Mon Sep 24 22:07:40 2012,http://mail-archives.apache.org/mod_mbox/ctakes-commits/201209.mbox/<20120924220607.1BFC72388C6A@eris.apache.org>,chenpei
Mon Sep 24 22:07:40 2012,http://mail-archives.apache.org/mod_mbox/ctakes-commits/201209.mbox/<20120924220607.1BFC72388C6A@eris.apache.org>,chenpei
Mon Sep 24 22:07:40 2012,http://mail-archives.apache.org/mod_mbox/ctakes-commits/201209.mbox/<20120924220607.1BFC72388C6A@eris.apache.org>,chenpei
Mon Sep 24 22:07:40 2012,http://mail-archives.apache.org/mod_mbox/ctakes-commits/201209.mbox/<20120924220607.1BFC72388C6A@eris.apache.org>,chenpei
Mon Sep 24 22:07:40 2012,http://mail-archives.apache.org/mod_mbox/ctakes-commits/201209.mbox/<20120924220607.1BFC72388C6A@eris.apache.org>,chenpei
Mon Sep 24 22:07:40 2012,http://mail-archives.apache.org/mod_mbox/ctakes-commits/201209.mbox/<20120924220607.1BFC72388C6A@eris.apache.org>,chenpei
Mon Sep 24 22:07:40 2012,http://mail-archives.apache.org/mod_mbox/ctakes-commits/201209.mbox/<20120924220607.1BFC72388C6A@eris.apache.org>,chenpei
Mon Sep 24 22:07:40 2012,http://mail-archives.apache.org/mod_mbox/ctakes-commits/201209.mbox/<20120924220607.1BFC72388C6A@eris.apache.org>,chenpei
Mon Sep 24 22:07:40 2012,http://mail-archives.apache.org/mod_mbox/ctakes-commits/201209.mbox/<20120924220607.1BFC72388C6A@eris.apache.org>,chenpei
Mon Sep 24 22:07:40 2012,http://mail-archives.apache.org/mod_mbox/ctakes-commits/201209.mbox/<20120924220607.1BFC72388C6A@eris.apache.org>,chenpei
Mon Sep 24 22:07:40 2012,http://mail-archives.apache.org/mod_mbox/ctakes-commits/201209.mbox/<20120924220607.1BFC72388C6A@eris.apache.org>,chenpei
Mon Sep 24 22:07:40 2012,http://mail-archives.apache.org/mod_mbox/ctakes-commits/201209.mbox/<20120924220607.1BFC72388C6A@eris.apache.org>,chenpei
Mon Sep 24 22:07:40 2012,http://mail-archives.apache.org/mod_mbox/ctakes-commits/201209.mbox/<20120924220607.1BFC72388C6A@eris.apache.org>,chenpei
Mon Sep 24 22:07:40 2012,http://mail-archives.apache.org/mod_mbox/ctakes-commits/201209.mbox/<20120924220607.1BFC72388C6A@eris.apache.org>,chenpei
Mon Sep 24 22:07:40 2012,http://mail-archives.apache.org/mod_mbox/ctakes-commits/201209.mbox/<20120924220607.1BFC72388C6A@eris.apache.org>,chenpei
Mon Sep 24 22:07:40 2012,http://mail-archives.apache.org/mod_mbox/ctakes-commits/201209.mbox/<20120924220607.1BFC72388C6A@eris.apache.org>,chenpei
Mon Sep 24 22:07:40 2012,http://mail-archives.apache.org/mod_mbox/ctakes-commits/201209.mbox/<20120924220607.1BFC72388C6A@eris.apache.org>,chenpei
Mon Sep 24 22:07:40 2012,http://mail-archives.apache.org/mod_mbox/ctakes-commits/201209.mbox/<20120924220607.1BFC72388C6A@eris.apache.org>,chenpei
Mon Sep 24 22:07:40 2012,http://mail-archives.apache.org/mod_mbox/ctakes-commits/201209.mbox/<20120924220607.1BFC72388C6A@eris.apache.org>,chenpei
Mon Sep 24 22:07:40 2012,http://mail-archives.apache.org/mod_mbox/ctakes-commits/201209.mbox/<20120924220607.1BFC72388C6A@eris.apache.org>,chenpei
Mon Sep 24 22:07:40 2012,http://mail-archives.apache.org/mod_mbox/ctakes-commits/201209.mbox/<20120924220607.1BFC72388C6A@eris.apache.org>,chenpei
Mon Sep 24 22:07:40 2012,http://mail-archives.apache.org/mod_mbox/ctakes-commits/201209.mbox/<20120924220607.1BFC72388C6A@eris.apache.org>,chenpei
Mon Sep 24 22:07:40 2012,http://mail-archives.apache.org/mod_mbox/ctakes-commits/201209.mbox/<20120924220607.1BFC72388C6A@eris.apache.org>,chenpei
Mon Sep 24 22:07:40 2012,http://mail-archives.apache.org/mod_mbox/ctakes-commits/201209.mbox/<20120924220607.1BFC72388C6A@eris.apache.org>,chenpei
Mon Sep 24 22:07:40 2012,http://mail-archives.apache.org/mod_mbox/ctakes-commits/201209.mbox/<20120924220607.1BFC72388C6A@eris.apache.org>,chenpei
Mon Sep 24 22:07:40 2012,http://mail-archives.apache.org/mod_mbox/ctakes-commits/201209.mbox/<20120924220607.1BFC72388C6A@eris.apache.org>,chenpei
Mon Sep 24 22:07:40 2012,http://mail-archives.apache.org/mod_mbox/ctakes-commits/201209.mbox/<20120924220607.1BFC72388C6A@eris.apache.org>,chenpei
Mon Sep 24 22:07:40 2012,http://mail-archives.apache.org/mod_mbox/ctakes-commits/201209.mbox/<20120924220607.1BFC72388C6A@eris.apache.org>,chenpei
Mon Sep 24 22:07:40 2012,http://mail-archives.apache.org/mod_mbox/ctakes-commits/201209.mbox/<20120924220607.1BFC72388C6A@eris.apache.org>,chenpei
Mon Sep 24 22:07:40 2012,http://mail-archives.apache.org/mod_mbox/ctakes-commits/201209.mbox/<20120924220607.1BFC72388C6A@eris.apache.org>,chenpei
Mon Sep 24 22:07:40 2012,http://mail-archives.apache.org/mod_mbox/ctakes-commits/201209.mbox/<20120924220607.1BFC72388C6A@eris.apache.org>,chenpei
Mon Sep 24 22:07:40 2012,http://mail-archives.apache.org/mod_mbox/ctakes-commits/201209.mbox/<20120924220607.1BFC72388C6A@eris.apache.org>,chenpei
Mon Sep 24 22:07:40 2012,http://mail-archives.apache.org/mod_mbox/ctakes-commits/201209.mbox/<20120924220607.1BFC72388C6A@eris.apache.org>,chenpei
Mon Sep 24 22:07:40 2012,http://mail-archives.apache.org/mod_mbox/ctakes-commits/201209.mbox/<20120924220607.1BFC72388C6A@eris.apache.org>,chenpei
Mon Sep 24 22:07:40 2012,http://mail-archives.apache.org/mod_mbox/ctakes-commits/201209.mbox/<20120924220607.1BFC72388C6A@eris.apache.org>,chenpei
Mon Sep 24 22:07:40 2012,http://mail-archives.apache.org/mod_mbox/ctakes-commits/201209.mbox/<20120924220607.1BFC72388C6A@eris.apache.org>,chenpei
Mon Sep 24 22:07:40 2012,http://mail-archives.apache.org/mod_mbox/ctakes-commits/201209.mbox/<20120924220607.1BFC72388C6A@eris.apache.org>,chenpei
Mon Sep 24 22:07:40 2012,http://mail-archives.apache.org/mod_mbox/ctakes-commits/201209.mbox/<20120924220607.1BFC72388C6A@eris.apache.org>,chenpei
Mon Sep 24 22:07:40 2012,http://mail-archives.apache.org/mod_mbox/ctakes-commits/201209.mbox/<20120924220607.1BFC72388C6A@eris.apache.org>,chenpei
Mon Sep 24 22:07:40 2012,http://mail-archives.apache.org/mod_mbox/ctakes-commits/201209.mbox/<20120924220607.1BFC72388C6A@eris.apache.org>,chenpei
Mon Sep 24 22:07:40 2012,http://mail-archives.apache.org/mod_mbox/ctakes-commits/201209.mbox/<20120924220607.1BFC72388C6A@eris.apache.org>,chenpei
Mon Sep 24 22:07:40 2012,http://mail-archives.apache.org/mod_mbox/ctakes-commits/201209.mbox/<20120924220607.1BFC72388C6A@eris.apache.org>,chenpei
Mon Sep 24 22:07:40 2012,http://mail-archives.apache.org/mod_mbox/ctakes-commits/201209.mbox/<20120924220607.1BFC72388C6A@eris.apache.org>,chenpei
Mon Sep 24 22:07:40 2012,http://mail-archives.apache.org/mod_mbox/ctakes-commits/201209.mbox/<20120924220607.1BFC72388C6A@eris.apache.org>,chenpei
Mon Sep 24 22:07:40 2012,http://mail-archives.apache.org/mod_mbox/ctakes-commits/201209.mbox/<20120924220607.1BFC72388C6A@eris.apache.org>,chenpei
Mon Sep 24 22:07:40 2012,http://mail-archives.apache.org/mod_mbox/ctakes-commits/201209.mbox/<20120924220607.1BFC72388C6A@eris.apache.org>,chenpei
Mon Sep 24 22:07:40 2012,http://mail-archives.apache.org/mod_mbox/ctakes-commits/201209.mbox/<20120924220607.1BFC72388C6A@eris.apache.org>,chenpei
Mon Sep 24 22:07:40 2012,http://mail-archives.apache.org/mod_mbox/ctakes-commits/201209.mbox/<20120924220607.1BFC72388C6A@eris.apache.org>,chenpei
Mon Sep 24 22:07:40 2012,http://mail-archives.apache.org/mod_mbox/ctakes-commits/201209.mbox/<20120924220607.1BFC72388C6A@eris.apache.org>,chenpei
Mon Sep 24 22:07:40 2012,http://mail-archives.apache.org/mod_mbox/ctakes-commits/201209.mbox/<20120924220607.1BFC72388C6A@eris.apache.org>,chenpei
Mon Sep 24 22:07:40 2012,http://mail-archives.apache.org/mod_mbox/ctakes-commits/201209.mbox/<20120924220607.1BFC72388C6A@eris.apache.org>,chenpei
Mon Sep 24 22:07:40 2012,http://mail-archives.apache.org/mod_mbox/ctakes-commits/201209.mbox/<20120924220607.1BFC72388C6A@eris.apache.org>,chenpei
Mon Sep 24 22:07:40 2012,http://mail-archives.apache.org/mod_mbox/ctakes-commits/201209.mbox/<20120924220607.1BFC72388C6A@eris.apache.org>,chenpei
Mon Sep 24 22:07:40 2012,http://mail-archives.apache.org/mod_mbox/ctakes-commits/201209.mbox/<20120924220607.1BFC72388C6A@eris.apache.org>,chenpei
Mon Sep 24 22:07:40 2012,http://mail-archives.apache.org/mod_mbox/ctakes-commits/201209.mbox/<20120924220607.1BFC72388C6A@eris.apache.org>,chenpei
Mon Sep 24 22:07:40 2012,http://mail-archives.apache.org/mod_mbox/ctakes-commits/201209.mbox/<20120924220607.1BFC72388C6A@eris.apache.org>,chenpei
Mon Sep 24 22:07:40 2012,http://mail-archives.apache.org/mod_mbox/ctakes-commits/201209.mbox/<20120924220607.1BFC72388C6A@eris.apache.org>,chenpei
Mon Sep 24 22:07:40 2012,http://mail-archives.apache.org/mod_mbox/ctakes-commits/201209.mbox/<20120924220607.1BFC72388C6A@eris.apache.org>,chenpei
Mon Sep 24 22:07:40 2012,http://mail-archives.apache.org/mod_mbox/ctakes-commits/201209.mbox/<20120924220607.1BFC72388C6A@eris.apache.org>,chenpei
Mon Sep 24 22:07:40 2012,http://mail-archives.apache.org/mod_mbox/ctakes-commits/201209.mbox/<20120924220607.1BFC72388C6A@eris.apache.org>,chenpei
Mon Sep 24 22:07:40 2012,http://mail-archives.apache.org/mod_mbox/ctakes-commits/201209.mbox/<20120924220607.1BFC72388C6A@eris.apache.org>,chenpei
Mon Sep 24 22:07:40 2012,http://mail-archives.apache.org/mod_mbox/ctakes-commits/201209.mbox/<20120924220607.1BFC72388C6A@eris.apache.org>,chenpei
Mon Sep 24 22:07:40 2012,http://mail-archives.apache.org/mod_mbox/ctakes-commits/201209.mbox/<20120924220607.1BFC72388C6A@eris.apache.org>,chenpei
Mon Sep 24 22:07:40 2012,http://mail-archives.apache.org/mod_mbox/ctakes-commits/201209.mbox/<20120924220607.1BFC72388C6A@eris.apache.org>,chenpei
Mon Sep 24 22:07:40 2012,http://mail-archives.apache.org/mod_mbox/ctakes-commits/201209.mbox/<20120924220607.1BFC72388C6A@eris.apache.org>,chenpei
Mon Sep 24 22:07:40 2012,http://mail-archives.apache.org/mod_mbox/ctakes-commits/201209.mbox/<20120924220607.1BFC72388C6A@eris.apache.org>,chenpei
Mon Sep 24 22:07:40 2012,http://mail-archives.apache.org/mod_mbox/ctakes-commits/201209.mbox/<20120924220607.1BFC72388C6A@eris.apache.org>,chenpei
Mon Sep 24 22:07:40 2012,http://mail-archives.apache.org/mod_mbox/ctakes-commits/201209.mbox/<20120924220607.1BFC72388C6A@eris.apache.org>,chenpei
Mon Sep 24 22:07:40 2012,http://mail-archives.apache.org/mod_mbox/ctakes-commits/201209.mbox/<20120924220607.1BFC72388C6A@eris.apache.org>,chenpei
Mon Sep 24 22:07:40 2012,http://mail-archives.apache.org/mod_mbox/ctakes-commits/201209.mbox/<20120924220607.1BFC72388C6A@eris.apache.org>,chenpei
Mon Sep 24 22:07:40 2012,http://mail-archives.apache.org/mod_mbox/ctakes-commits/201209.mbox/<20120924220607.1BFC72388C6A@eris.apache.org>,chenpei
Mon Sep 24 22:07:40 2012,http://mail-archives.apache.org/mod_mbox/ctakes-commits/201209.mbox/<20120924220607.1BFC72388C6A@eris.apache.org>,chenpei
Mon Sep 24 22:07:40 2012,http://mail-archives.apache.org/mod_mbox/ctakes-commits/201209.mbox/<20120924220607.1BFC72388C6A@eris.apache.org>,chenpei
Mon Sep 24 22:07:40 2012,http://mail-archives.apache.org/mod_mbox/ctakes-commits/201209.mbox/<20120924220607.1BFC72388C6A@eris.apache.org>,chenpei
Mon Sep 24 22:07:40 2012,http://mail-archives.apache.org/mod_mbox/ctakes-commits/201209.mbox/<20120924220607.1BFC72388C6A@eris.apache.org>,chenpei
Mon Sep 24 22:07:40 2012,http://mail-archives.apache.org/mod_mbox/ctakes-commits/201209.mbox/<20120924220607.1BFC72388C6A@eris.apache.org>,chenpei
Mon Sep 24 22:07:40 2012,http://mail-archives.apache.org/mod_mbox/ctakes-commits/201209.mbox/<20120924220607.1BFC72388C6A@eris.apache.org>,chenpei
Mon Sep 24 22:07:40 2012,http://mail-archives.apache.org/mod_mbox/ctakes-commits/201209.mbox/<20120924220607.1BFC72388C6A@eris.apache.org>,chenpei
Mon Sep 24 22:07:40 2012,http://mail-archives.apache.org/mod_mbox/ctakes-commits/201209.mbox/<20120924220607.1BFC72388C6A@eris.apache.org>,chenpei
Mon Sep 24 22:07:40 2012,http://mail-archives.apache.org/mod_mbox/ctakes-commits/201209.mbox/<20120924220607.1BFC72388C6A@eris.apache.org>,chenpei
Mon Sep 24 22:07:40 2012,http://mail-archives.apache.org/mod_mbox/ctakes-commits/201209.mbox/<20120924220607.1BFC72388C6A@eris.apache.org>,chenpei
Mon Sep 24 22:07:40 2012,http://mail-archives.apache.org/mod_mbox/ctakes-commits/201209.mbox/<20120924220607.1BFC72388C6A@eris.apache.org>,chenpei
Mon Sep 24 22:07:40 2012,http://mail-archives.apache.org/mod_mbox/ctakes-commits/201209.mbox/<20120924220607.1BFC72388C6A@eris.apache.org>,chenpei
Mon Sep 24 22:07:40 2012,http://mail-archives.apache.org/mod_mbox/ctakes-commits/201209.mbox/<20120924220607.1BFC72388C6A@eris.apache.org>,chenpei
Mon Sep 24 22:07:40 2012,http://mail-archives.apache.org/mod_mbox/ctakes-commits/201209.mbox/<20120924220607.1BFC72388C6A@eris.apache.org>,chenpei
Mon Sep 24 22:07:40 2012,http://mail-archives.apache.org/mod_mbox/ctakes-commits/201209.mbox/<20120924220607.1BFC72388C6A@eris.apache.org>,chenpei
Mon Sep 24 22:07:40 2012,http://mail-archives.apache.org/mod_mbox/ctakes-commits/201209.mbox/<20120924220607.1BFC72388C6A@eris.apache.org>,chenpei
Mon Sep 24 22:07:40 2012,http://mail-archives.apache.org/mod_mbox/ctakes-commits/201209.mbox/<20120924220607.1BFC72388C6A@eris.apache.org>,chenpei
Mon Sep 24 22:07:40 2012,http://mail-archives.apache.org/mod_mbox/ctakes-commits/201209.mbox/<20120924220607.1BFC72388C6A@eris.apache.org>,chenpei
Mon Sep 24 22:07:40 2012,http://mail-archives.apache.org/mod_mbox/ctakes-commits/201209.mbox/<20120924220607.1BFC72388C6A@eris.apache.org>,chenpei
Mon Sep 24 22:07:40 2012,http://mail-archives.apache.org/mod_mbox/ctakes-commits/201209.mbox/<20120924220607.1BFC72388C6A@eris.apache.org>,chenpei
Mon Sep 24 22:07:40 2012,http://mail-archives.apache.org/mod_mbox/ctakes-commits/201209.mbox/<20120924220607.1BFC72388C6A@eris.apache.org>,chenpei
Mon Sep 24 22:07:40 2012,http://mail-archives.apache.org/mod_mbox/ctakes-commits/201209.mbox/<20120924220607.1BFC72388C6A@eris.apache.org>,chenpei
Mon Sep 24 22:07:40 2012,http://mail-archives.apache.org/mod_mbox/ctakes-commits/201209.mbox/<20120924220607.1BFC72388C6A@eris.apache.org>,chenpei
Mon Sep 24 22:07:40 2012,http://mail-archives.apache.org/mod_mbox/ctakes-commits/201209.mbox/<20120924220607.1BFC72388C6A@eris.apache.org>,chenpei
Mon Sep 24 22:07:40 2012,http://mail-archives.apache.org/mod_mbox/ctakes-commits/201209.mbox/<20120924220607.1BFC72388C6A@eris.apache.org>,chenpei
Mon Sep 24 22:07:40 2012,http://mail-archives.apache.org/mod_mbox/ctakes-commits/201209.mbox/<20120924220607.1BFC72388C6A@eris.apache.org>,chenpei
Mon Sep 24 22:07:40 2012,http://mail-archives.apache.org/mod_mbox/ctakes-commits/201209.mbox/<20120924220607.1BFC72388C6A@eris.apache.org>,chenpei
Mon Sep 24 22:07:40 2012,http://mail-archives.apache.org/mod_mbox/ctakes-commits/201209.mbox/<20120924220607.1BFC72388C6A@eris.apache.org>,chenpei
Mon Sep 24 22:07:40 2012,http://mail-archives.apache.org/mod_mbox/ctakes-commits/201209.mbox/<20120924220607.1BFC72388C6A@eris.apache.org>,chenpei
Mon Sep 24 22:07:40 2012,http://mail-archives.apache.org/mod_mbox/ctakes-commits/201209.mbox/<20120924220607.1BFC72388C6A@eris.apache.org>,chenpei
Mon Sep 24 22:07:40 2012,http://mail-archives.apache.org/mod_mbox/ctakes-commits/201209.mbox/<20120924220607.344762388C72@eris.apache.org>,chenpei
Mon Sep 24 22:07:40 2012,http://mail-archives.apache.org/mod_mbox/ctakes-commits/201209.mbox/<20120924220607.344762388C72@eris.apache.org>,chenpei
Mon Sep 24 22:07:40 2012,http://mail-archives.apache.org/mod_mbox/ctakes-commits/201209.mbox/<20120924220607.344762388C72@eris.apache.org>,chenpei
Mon Sep 24 22:07:40 2012,http://mail-archives.apache.org/mod_mbox/ctakes-commits/201209.mbox/<20120924220607.344762388C72@eris.apache.org>,chenpei
Mon Sep 24 22:07:40 2012,http://mail-archives.apache.org/mod_mbox/ctakes-commits/201209.mbox/<20120924220607.344762388C72@eris.apache.org>,chenpei
Mon Sep 24 22:07:40 2012,http://mail-archives.apache.org/mod_mbox/ctakes-commits/201209.mbox/<20120924220607.344762388C72@eris.apache.org>,chenpei
Mon Sep 24 22:07:40 2012,http://mail-archives.apache.org/mod_mbox/ctakes-commits/201209.mbox/<20120924220607.344762388C72@eris.apache.org>,chenpei
Mon Sep 24 22:07:40 2012,http://mail-archives.apache.org/mod_mbox/ctakes-commits/201209.mbox/<20120924220607.344762388C72@eris.apache.org>,chenpei
Mon Sep 24 22:07:40 2012,http://mail-archives.apache.org/mod_mbox/ctakes-commits/201209.mbox/<20120924220607.344762388C72@eris.apache.org>,chenpei
Mon Sep 24 22:07:40 2012,http://mail-archives.apache.org/mod_mbox/ctakes-commits/201209.mbox/<20120924220607.344762388C72@eris.apache.org>,chenpei
Mon Sep 24 22:07:40 2012,http://mail-archives.apache.org/mod_mbox/ctakes-commits/201209.mbox/<20120924220607.344762388C72@eris.apache.org>,chenpei
Mon Sep 24 22:07:40 2012,http://mail-archives.apache.org/mod_mbox/ctakes-commits/201209.mbox/<20120924220607.344762388C72@eris.apache.org>,chenpei
Mon Sep 24 22:07:40 2012,http://mail-archives.apache.org/mod_mbox/ctakes-commits/201209.mbox/<20120924220607.344762388C72@eris.apache.org>,chenpei
Mon Sep 24 22:07:40 2012,http://mail-archives.apache.org/mod_mbox/ctakes-commits/201209.mbox/<20120924220607.344762388C72@eris.apache.org>,chenpei
Mon Sep 24 22:07:40 2012,http://mail-archives.apache.org/mod_mbox/ctakes-commits/201209.mbox/<20120924220607.344762388C72@eris.apache.org>,chenpei
Mon Sep 24 22:07:40 2012,http://mail-archives.apache.org/mod_mbox/ctakes-commits/201209.mbox/<20120924220607.344762388C72@eris.apache.org>,chenpei
Mon Sep 24 22:07:40 2012,http://mail-archives.apache.org/mod_mbox/ctakes-commits/201209.mbox/<20120924220607.344762388C72@eris.apache.org>,chenpei
Mon Sep 24 22:07:40 2012,http://mail-archives.apache.org/mod_mbox/ctakes-commits/201209.mbox/<20120924220607.344762388C72@eris.apache.org>,chenpei
Mon Sep 24 22:07:40 2012,http://mail-archives.apache.org/mod_mbox/ctakes-commits/201209.mbox/<20120924220607.344762388C72@eris.apache.org>,chenpei
Mon Sep 24 22:07:40 2012,http://mail-archives.apache.org/mod_mbox/ctakes-commits/201209.mbox/<20120924220607.344762388C72@eris.apache.org>,chenpei
Mon Sep 24 22:07:40 2012,http://mail-archives.apache.org/mod_mbox/ctakes-commits/201209.mbox/<20120924220607.344762388C72@eris.apache.org>,chenpei
Mon Sep 24 22:07:40 2012,http://mail-archives.apache.org/mod_mbox/ctakes-commits/201209.mbox/<20120924220607.344762388C72@eris.apache.org>,chenpei
Mon Sep 24 22:07:40 2012,http://mail-archives.apache.org/mod_mbox/ctakes-commits/201209.mbox/<20120924220607.344762388C72@eris.apache.org>,chenpei
Mon Sep 24 22:07:40 2012,http://mail-archives.apache.org/mod_mbox/ctakes-commits/201209.mbox/<20120924220607.344762388C72@eris.apache.org>,chenpei
Mon Sep 24 22:07:40 2012,http://mail-archives.apache.org/mod_mbox/ctakes-commits/201209.mbox/<20120924220607.344762388C72@eris.apache.org>,chenpei
Mon Sep 24 22:07:40 2012,http://mail-archives.apache.org/mod_mbox/ctakes-commits/201209.mbox/<20120924220607.344762388C72@eris.apache.org>,chenpei
Mon Sep 24 22:07:40 2012,http://mail-archives.apache.org/mod_mbox/ctakes-commits/201209.mbox/<20120924220607.344762388C72@eris.apache.org>,chenpei
Mon Sep 24 22:07:40 2012,http://mail-archives.apache.org/mod_mbox/ctakes-commits/201209.mbox/<20120924220607.344762388C72@eris.apache.org>,chenpei
Mon Sep 24 22:07:40 2012,http://mail-archives.apache.org/mod_mbox/ctakes-commits/201209.mbox/<20120924220607.344762388C72@eris.apache.org>,chenpei
Mon Sep 24 22:07:40 2012,http://mail-archives.apache.org/mod_mbox/ctakes-commits/201209.mbox/<20120924220607.344762388C72@eris.apache.org>,chenpei
Mon Sep 24 22:07:40 2012,http://mail-archives.apache.org/mod_mbox/ctakes-commits/201209.mbox/<20120924220607.344762388C72@eris.apache.org>,chenpei
Mon Sep 24 22:07:40 2012,http://mail-archives.apache.org/mod_mbox/ctakes-commits/201209.mbox/<20120924220607.344762388C72@eris.apache.org>,chenpei
Mon Sep 24 22:07:40 2012,http://mail-archives.apache.org/mod_mbox/ctakes-commits/201209.mbox/<20120924220607.344762388C72@eris.apache.org>,chenpei
Mon Sep 24 22:07:40 2012,http://mail-archives.apache.org/mod_mbox/ctakes-commits/201209.mbox/<20120924220607.344762388C72@eris.apache.org>,chenpei
Mon Sep 24 22:07:40 2012,http://mail-archives.apache.org/mod_mbox/ctakes-commits/201209.mbox/<20120924220607.1BFC72388C6A@eris.apache.org>,chenpei
Mon Sep 24 22:07:40 2012,http://mail-archives.apache.org/mod_mbox/ctakes-commits/201209.mbox/<20120924220607.1BFC72388C6A@eris.apache.org>,chenpei
Mon Sep 24 22:07:40 2012,http://mail-archives.apache.org/mod_mbox/ctakes-commits/201209.mbox/<20120924220607.1BFC72388C6A@eris.apache.org>,chenpei
Mon Sep 24 22:07:40 2012,http://mail-archives.apache.org/mod_mbox/ctakes-commits/201209.mbox/<20120924220607.1BFC72388C6A@eris.apache.org>,chenpei
Mon Sep 24 22:07:40 2012,http://mail-archives.apache.org/mod_mbox/ctakes-commits/201209.mbox/<20120924220607.1BFC72388C6A@eris.apache.org>,chenpei
Mon Sep 24 22:07:40 2012,http://mail-archives.apache.org/mod_mbox/ctakes-commits/201209.mbox/<20120924220607.1BFC72388C6A@eris.apache.org>,chenpei
Mon Sep 24 22:07:40 2012,http://mail-archives.apache.org/mod_mbox/ctakes-commits/201209.mbox/<20120924220607.1BFC72388C6A@eris.apache.org>,chenpei
Mon Sep 24 22:07:40 2012,http://mail-archives.apache.org/mod_mbox/ctakes-commits/201209.mbox/<20120924220607.1BFC72388C6A@eris.apache.org>,chenpei
Mon Sep 24 22:07:40 2012,http://mail-archives.apache.org/mod_mbox/ctakes-commits/201209.mbox/<20120924220607.1BFC72388C6A@eris.apache.org>,chenpei
Mon Sep 24 22:07:40 2012,http://mail-archives.apache.org/mod_mbox/ctakes-commits/201209.mbox/<20120924220607.1BFC72388C6A@eris.apache.org>,chenpei
Mon Sep 24 22:07:40 2012,http://mail-archives.apache.org/mod_mbox/ctakes-commits/201209.mbox/<20120924220607.1BFC72388C6A@eris.apache.org>,chenpei
Mon Sep 24 22:07:40 2012,http://mail-archives.apache.org/mod_mbox/ctakes-commits/201209.mbox/<20120924220607.1BFC72388C6A@eris.apache.org>,chenpei
Mon Sep 24 22:07:40 2012,http://mail-archives.apache.org/mod_mbox/ctakes-commits/201209.mbox/<20120924220607.1BFC72388C6A@eris.apache.org>,chenpei
Mon Sep 24 22:07:40 2012,http://mail-archives.apache.org/mod_mbox/ctakes-commits/201209.mbox/<20120924220607.1BFC72388C6A@eris.apache.org>,chenpei
Mon Sep 24 22:07:40 2012,http://mail-archives.apache.org/mod_mbox/ctakes-commits/201209.mbox/<20120924220607.344762388C72@eris.apache.org>,chenpei
Mon Sep 24 22:07:40 2012,http://mail-archives.apache.org/mod_mbox/ctakes-commits/201209.mbox/<20120924220607.1BFC72388C6A@eris.apache.org>,chenpei
Mon Sep 24 22:07:40 2012,http://mail-archives.apache.org/mod_mbox/ctakes-commits/201209.mbox/<20120924220607.1BFC72388C6A@eris.apache.org>,chenpei
Mon Sep 24 22:07:40 2012,http://mail-archives.apache.org/mod_mbox/ctakes-commits/201209.mbox/<20120924220607.1BFC72388C6A@eris.apache.org>,chenpei
Mon Sep 24 22:07:40 2012,http://mail-archives.apache.org/mod_mbox/ctakes-commits/201209.mbox/<20120924220607.1BFC72388C6A@eris.apache.org>,chenpei
Mon Sep 24 22:07:40 2012,http://mail-archives.apache.org/mod_mbox/ctakes-commits/201209.mbox/<20120924220607.1BFC72388C6A@eris.apache.org>,chenpei
Mon Sep 24 22:07:40 2012,http://mail-archives.apache.org/mod_mbox/ctakes-commits/201209.mbox/<20120924220607.1BFC72388C6A@eris.apache.org>,chenpei
Mon Sep 24 22:07:40 2012,http://mail-archives.apache.org/mod_mbox/ctakes-commits/201209.mbox/<20120924220607.1BFC72388C6A@eris.apache.org>,chenpei
Mon Sep 24 22:07:40 2012,http://mail-archives.apache.org/mod_mbox/ctakes-commits/201209.mbox/<20120924220607.1BFC72388C6A@eris.apache.org>,chenpei
Mon Sep 24 22:07:40 2012,http://mail-archives.apache.org/mod_mbox/ctakes-commits/201209.mbox/<20120924220607.1BFC72388C6A@eris.apache.org>,chenpei
Mon Sep 24 22:07:40 2012,http://mail-archives.apache.org/mod_mbox/ctakes-commits/201209.mbox/<20120924220607.1BFC72388C6A@eris.apache.org>,chenpei
Mon Sep 24 22:07:40 2012,http://mail-archives.apache.org/mod_mbox/ctakes-commits/201209.mbox/<20120924220607.1BFC72388C6A@eris.apache.org>,chenpei
Mon Sep 24 22:07:40 2012,http://mail-archives.apache.org/mod_mbox/ctakes-commits/201209.mbox/<20120924220607.1BFC72388C6A@eris.apache.org>,chenpei
Mon Sep 24 22:07:40 2012,http://mail-archives.apache.org/mod_mbox/ctakes-commits/201209.mbox/<20120924220607.1BFC72388C6A@eris.apache.org>,chenpei
Mon Sep 24 22:07:40 2012,http://mail-archives.apache.org/mod_mbox/ctakes-commits/201209.mbox/<20120924220607.344762388C72@eris.apache.org>,chenpei
Mon Sep 24 22:07:40 2012,http://mail-archives.apache.org/mod_mbox/ctakes-commits/201209.mbox/<20120924220607.344762388C72@eris.apache.org>,chenpei
Mon Sep 24 22:07:40 2012,http://mail-archives.apache.org/mod_mbox/ctakes-commits/201209.mbox/<20120924220607.1BFC72388C6A@eris.apache.org>,chenpei
Mon Sep 24 22:07:40 2012,http://mail-archives.apache.org/mod_mbox/ctakes-commits/201209.mbox/<20120924220607.344762388C72@eris.apache.org>,chenpei
Mon Sep 24 22:07:40 2012,http://mail-archives.apache.org/mod_mbox/ctakes-commits/201209.mbox/<20120924220607.344762388C72@eris.apache.org>,chenpei
Mon Sep 24 22:07:40 2012,http://mail-archives.apache.org/mod_mbox/ctakes-commits/201209.mbox/<20120924220607.344762388C72@eris.apache.org>,chenpei
Mon Sep 24 22:07:40 2012,http://mail-archives.apache.org/mod_mbox/ctakes-commits/201209.mbox/<20120924220607.344762388C72@eris.apache.org>,chenpei
Mon Sep 24 22:07:40 2012,http://mail-archives.apache.org/mod_mbox/ctakes-commits/201209.mbox/<20120924220607.344762388C72@eris.apache.org>,chenpei
Mon Sep 24 22:07:40 2012,http://mail-archives.apache.org/mod_mbox/ctakes-commits/201209.mbox/<20120924220607.344762388C72@eris.apache.org>,chenpei
Mon Sep 24 22:07:40 2012,http://mail-archives.apache.org/mod_mbox/ctakes-commits/201209.mbox/<20120924220607.344762388C72@eris.apache.org>,chenpei
Mon Sep 24 22:07:40 2012,http://mail-archives.apache.org/mod_mbox/ctakes-commits/201209.mbox/<20120924220607.344762388C72@eris.apache.org>,chenpei
Mon Sep 24 22:07:40 2012,http://mail-archives.apache.org/mod_mbox/ctakes-commits/201209.mbox/<20120924220607.344762388C72@eris.apache.org>,chenpei
Mon Sep 24 22:07:40 2012,http://mail-archives.apache.org/mod_mbox/ctakes-commits/201209.mbox/<20120924220607.344762388C72@eris.apache.org>,chenpei
Mon Sep 24 22:07:40 2012,http://mail-archives.apache.org/mod_mbox/ctakes-commits/201209.mbox/<20120924220607.344762388C72@eris.apache.org>,chenpei
Mon Sep 24 22:07:40 2012,http://mail-archives.apache.org/mod_mbox/ctakes-commits/201209.mbox/<20120924220607.344762388C72@eris.apache.org>,chenpei
Mon Sep 24 22:07:40 2012,http://mail-archives.apache.org/mod_mbox/ctakes-commits/201209.mbox/<20120924220607.344762388C72@eris.apache.org>,chenpei
Mon Sep 24 22:07:40 2012,http://mail-archives.apache.org/mod_mbox/ctakes-commits/201209.mbox/<20120924220607.344762388C72@eris.apache.org>,chenpei
Mon Sep 24 22:07:40 2012,http://mail-archives.apache.org/mod_mbox/ctakes-commits/201209.mbox/<20120924220607.344762388C72@eris.apache.org>,chenpei
Mon Sep 24 22:07:40 2012,http://mail-archives.apache.org/mod_mbox/ctakes-commits/201209.mbox/<20120924220607.344762388C72@eris.apache.org>,chenpei
Mon Sep 24 22:07:40 2012,http://mail-archives.apache.org/mod_mbox/ctakes-commits/201209.mbox/<20120924220607.344762388C72@eris.apache.org>,chenpei
Mon Sep 24 22:07:40 2012,http://mail-archives.apache.org/mod_mbox/ctakes-commits/201209.mbox/<20120924220607.344762388C72@eris.apache.org>,chenpei
Mon Sep 24 22:07:40 2012,http://mail-archives.apache.org/mod_mbox/ctakes-commits/201209.mbox/<20120924220607.344762388C72@eris.apache.org>,chenpei
Mon Sep 24 22:07:40 2012,http://mail-archives.apache.org/mod_mbox/ctakes-commits/201209.mbox/<20120924220607.344762388C72@eris.apache.org>,chenpei
Mon Sep 24 22:07:40 2012,http://mail-archives.apache.org/mod_mbox/ctakes-commits/201209.mbox/<20120924220607.344762388C72@eris.apache.org>,chenpei
Mon Sep 24 22:07:40 2012,http://mail-archives.apache.org/mod_mbox/ctakes-commits/201209.mbox/<20120924220607.344762388C72@eris.apache.org>,chenpei
Mon Sep 24 22:07:40 2012,http://mail-archives.apache.org/mod_mbox/ctakes-commits/201209.mbox/<20120924220607.344762388C72@eris.apache.org>,chenpei
Mon Sep 24 22:07:40 2012,http://mail-archives.apache.org/mod_mbox/ctakes-commits/201209.mbox/<20120924220607.344762388C72@eris.apache.org>,chenpei
Mon Sep 24 22:07:40 2012,http://mail-archives.apache.org/mod_mbox/ctakes-commits/201209.mbox/<20120924220607.344762388C72@eris.apache.org>,chenpei
Mon Sep 24 22:07:40 2012,http://mail-archives.apache.org/mod_mbox/ctakes-commits/201209.mbox/<20120924220607.344762388C72@eris.apache.org>,chenpei
Mon Sep 24 22:07:40 2012,http://mail-archives.apache.org/mod_mbox/ctakes-commits/201209.mbox/<20120924220607.344762388C72@eris.apache.org>,chenpei
Mon Sep 24 22:07:40 2012,http://mail-archives.apache.org/mod_mbox/ctakes-commits/201209.mbox/<20120924220607.344762388C72@eris.apache.org>,chenpei
Mon Sep 24 22:07:40 2012,http://mail-archives.apache.org/mod_mbox/ctakes-commits/201209.mbox/<20120924220607.344762388C72@eris.apache.org>,chenpei
Mon Sep 24 22:07:40 2012,http://mail-archives.apache.org/mod_mbox/ctakes-commits/201209.mbox/<20120924220607.344762388C72@eris.apache.org>,chenpei
Mon Sep 24 22:07:40 2012,http://mail-archives.apache.org/mod_mbox/ctakes-commits/201209.mbox/<20120924220607.344762388C72@eris.apache.org>,chenpei
Mon Sep 24 22:07:40 2012,http://mail-archives.apache.org/mod_mbox/ctakes-commits/201209.mbox/<20120924220607.344762388C72@eris.apache.org>,chenpei
Mon Sep 24 22:07:40 2012,http://mail-archives.apache.org/mod_mbox/ctakes-commits/201209.mbox/<20120924220607.344762388C72@eris.apache.org>,chenpei
Mon Sep 24 22:07:40 2012,http://mail-archives.apache.org/mod_mbox/ctakes-commits/201209.mbox/<20120924220607.344762388C72@eris.apache.org>,chenpei
Mon Sep 24 22:07:40 2012,http://mail-archives.apache.org/mod_mbox/ctakes-commits/201209.mbox/<20120924220607.344762388C72@eris.apache.org>,chenpei
Mon Sep 24 22:07:40 2012,http://mail-archives.apache.org/mod_mbox/ctakes-commits/201209.mbox/<20120924220607.344762388C72@eris.apache.org>,chenpei
Mon Sep 24 22:07:40 2012,http://mail-archives.apache.org/mod_mbox/ctakes-commits/201209.mbox/<20120924220607.344762388C72@eris.apache.org>,chenpei
Mon Sep 24 22:07:40 2012,http://mail-archives.apache.org/mod_mbox/ctakes-commits/201209.mbox/<20120924220607.344762388C72@eris.apache.org>,chenpei
Mon Sep 24 22:07:40 2012,http://mail-archives.apache.org/mod_mbox/ctakes-commits/201209.mbox/<20120924220607.344762388C72@eris.apache.org>,chenpei
Mon Sep 24 22:07:40 2012,http://mail-archives.apache.org/mod_mbox/ctakes-commits/201209.mbox/<20120924220607.344762388C72@eris.apache.org>,chenpei
Mon Sep 24 22:07:40 2012,http://mail-archives.apache.org/mod_mbox/ctakes-commits/201209.mbox/<20120924220607.344762388C72@eris.apache.org>,chenpei
Mon Sep 24 22:07:40 2012,http://mail-archives.apache.org/mod_mbox/ctakes-commits/201209.mbox/<20120924220607.344762388C72@eris.apache.org>,chenpei
Mon Sep 24 22:07:40 2012,http://mail-archives.apache.org/mod_mbox/ctakes-commits/201209.mbox/<20120924220607.344762388C72@eris.apache.org>,chenpei
Mon Sep 24 22:07:40 2012,http://mail-archives.apache.org/mod_mbox/ctakes-commits/201209.mbox/<20120924220607.344762388C72@eris.apache.org>,chenpei
Mon Sep 24 22:07:40 2012,http://mail-archives.apache.org/mod_mbox/ctakes-commits/201209.mbox/<20120924220607.344762388C72@eris.apache.org>,chenpei
Mon Sep 24 22:07:40 2012,http://mail-archives.apache.org/mod_mbox/ctakes-commits/201209.mbox/<20120924220607.344762388C72@eris.apache.org>,chenpei
Mon Sep 24 22:07:40 2012,http://mail-archives.apache.org/mod_mbox/ctakes-commits/201209.mbox/<20120924220607.344762388C72@eris.apache.org>,chenpei
Mon Sep 24 22:07:40 2012,http://mail-archives.apache.org/mod_mbox/ctakes-commits/201209.mbox/<20120924220607.344762388C72@eris.apache.org>,chenpei
Mon Sep 24 22:07:40 2012,http://mail-archives.apache.org/mod_mbox/ctakes-commits/201209.mbox/<20120924220607.344762388C72@eris.apache.org>,chenpei
Mon Sep 24 22:07:40 2012,http://mail-archives.apache.org/mod_mbox/ctakes-commits/201209.mbox/<20120924220607.344762388C72@eris.apache.org>,chenpei
Mon Sep 24 22:07:40 2012,http://mail-archives.apache.org/mod_mbox/ctakes-commits/201209.mbox/<20120924220607.344762388C72@eris.apache.org>,chenpei
Mon Sep 24 22:07:40 2012,http://mail-archives.apache.org/mod_mbox/ctakes-commits/201209.mbox/<20120924220607.344762388C72@eris.apache.org>,chenpei
Mon Sep 24 22:07:40 2012,http://mail-archives.apache.org/mod_mbox/ctakes-commits/201209.mbox/<20120924220607.344762388C72@eris.apache.org>,chenpei
Mon Sep 24 22:07:40 2012,http://mail-archives.apache.org/mod_mbox/ctakes-commits/201209.mbox/<20120924220607.344762388C72@eris.apache.org>,chenpei
Mon Sep 24 22:07:40 2012,http://mail-archives.apache.org/mod_mbox/ctakes-commits/201209.mbox/<20120924220607.344762388C72@eris.apache.org>,chenpei
Mon Sep 24 22:07:40 2012,http://mail-archives.apache.org/mod_mbox/ctakes-commits/201209.mbox/<20120924220607.344762388C72@eris.apache.org>,chenpei
Mon Sep 24 22:07:40 2012,http://mail-archives.apache.org/mod_mbox/ctakes-commits/201209.mbox/<20120924220607.344762388C72@eris.apache.org>,chenpei
Mon Sep 24 22:07:40 2012,http://mail-archives.apache.org/mod_mbox/ctakes-commits/201209.mbox/<20120924220607.344762388C72@eris.apache.org>,chenpei
Mon Sep 24 22:07:40 2012,http://mail-archives.apache.org/mod_mbox/ctakes-commits/201209.mbox/<20120924220607.344762388C72@eris.apache.org>,chenpei
Mon Sep 24 22:07:40 2012,http://mail-archives.apache.org/mod_mbox/ctakes-commits/201209.mbox/<20120924220607.344762388C72@eris.apache.org>,chenpei
Mon Sep 24 22:07:40 2012,http://mail-archives.apache.org/mod_mbox/ctakes-commits/201209.mbox/<20120924220607.1BFC72388C6A@eris.apache.org>,chenpei
Mon Sep 24 22:07:40 2012,http://mail-archives.apache.org/mod_mbox/ctakes-commits/201209.mbox/<20120924220607.344762388C72@eris.apache.org>,chenpei
Mon Sep 24 22:07:40 2012,http://mail-archives.apache.org/mod_mbox/ctakes-commits/201209.mbox/<20120924220607.344762388C72@eris.apache.org>,chenpei
Mon Sep 24 22:07:40 2012,http://mail-archives.apache.org/mod_mbox/ctakes-commits/201209.mbox/<20120924220607.344762388C72@eris.apache.org>,chenpei
Mon Sep 24 22:07:40 2012,http://mail-archives.apache.org/mod_mbox/ctakes-commits/201209.mbox/<20120924220607.344762388C72@eris.apache.org>,chenpei
Mon Sep 24 22:07:40 2012,http://mail-archives.apache.org/mod_mbox/ctakes-commits/201209.mbox/<20120924220607.344762388C72@eris.apache.org>,chenpei
Mon Sep 24 22:07:40 2012,http://mail-archives.apache.org/mod_mbox/ctakes-commits/201209.mbox/<20120924220607.344762388C72@eris.apache.org>,chenpei
Mon Sep 24 22:07:40 2012,http://mail-archives.apache.org/mod_mbox/ctakes-commits/201209.mbox/<20120924220607.344762388C72@eris.apache.org>,chenpei
Mon Sep 24 22:07:40 2012,http://mail-archives.apache.org/mod_mbox/ctakes-commits/201209.mbox/<20120924220607.344762388C72@eris.apache.org>,chenpei
Mon Sep 24 22:07:40 2012,http://mail-archives.apache.org/mod_mbox/ctakes-commits/201209.mbox/<20120924220607.1BFC72388C6A@eris.apache.org>,chenpei
Mon Sep 24 22:07:40 2012,http://mail-archives.apache.org/mod_mbox/ctakes-commits/201209.mbox/<20120924220607.1BFC72388C6A@eris.apache.org>,chenpei
Mon Sep 24 22:07:40 2012,http://mail-archives.apache.org/mod_mbox/ctakes-commits/201209.mbox/<20120924220607.1BFC72388C6A@eris.apache.org>,chenpei
Mon Sep 24 22:07:40 2012,http://mail-archives.apache.org/mod_mbox/ctakes-commits/201209.mbox/<20120924220607.1BFC72388C6A@eris.apache.org>,chenpei
Mon Sep 24 22:07:40 2012,http://mail-archives.apache.org/mod_mbox/ctakes-commits/201209.mbox/<20120924220607.1BFC72388C6A@eris.apache.org>,chenpei
Mon Sep 24 22:07:40 2012,http://mail-archives.apache.org/mod_mbox/ctakes-commits/201209.mbox/<20120924220607.1BFC72388C6A@eris.apache.org>,chenpei
Mon Sep 24 22:07:40 2012,http://mail-archives.apache.org/mod_mbox/ctakes-commits/201209.mbox/<20120924220607.1BFC72388C6A@eris.apache.org>,chenpei
Mon Sep 24 22:07:40 2012,http://mail-archives.apache.org/mod_mbox/ctakes-commits/201209.mbox/<20120924220607.1BFC72388C6A@eris.apache.org>,chenpei
Mon Sep 24 22:07:40 2012,http://mail-archives.apache.org/mod_mbox/ctakes-commits/201209.mbox/<20120924220607.1BFC72388C6A@eris.apache.org>,chenpei
Mon Sep 24 22:07:40 2012,http://mail-archives.apache.org/mod_mbox/ctakes-commits/201209.mbox/<20120924220607.1BFC72388C6A@eris.apache.org>,chenpei
Mon Sep 24 22:07:40 2012,http://mail-archives.apache.org/mod_mbox/ctakes-commits/201209.mbox/<20120924220607.1BFC72388C6A@eris.apache.org>,chenpei
Mon Sep 24 22:07:40 2012,http://mail-archives.apache.org/mod_mbox/ctakes-commits/201209.mbox/<20120924220607.1BFC72388C6A@eris.apache.org>,chenpei
Mon Sep 24 22:07:40 2012,http://mail-archives.apache.org/mod_mbox/ctakes-commits/201209.mbox/<20120924220607.1BFC72388C6A@eris.apache.org>,chenpei
Mon Sep 24 22:07:40 2012,http://mail-archives.apache.org/mod_mbox/ctakes-commits/201209.mbox/<20120924220607.1BFC72388C6A@eris.apache.org>,chenpei
Mon Sep 24 22:07:40 2012,http://mail-archives.apache.org/mod_mbox/ctakes-commits/201209.mbox/<20120924220607.1BFC72388C6A@eris.apache.org>,chenpei
Mon Sep 24 22:07:40 2012,http://mail-archives.apache.org/mod_mbox/ctakes-commits/201209.mbox/<20120924220607.1BFC72388C6A@eris.apache.org>,chenpei
Mon Sep 24 22:07:40 2012,http://mail-archives.apache.org/mod_mbox/ctakes-commits/201209.mbox/<20120924220607.1BFC72388C6A@eris.apache.org>,chenpei
Mon Sep 24 22:07:40 2012,http://mail-archives.apache.org/mod_mbox/ctakes-commits/201209.mbox/<20120924220607.1BFC72388C6A@eris.apache.org>,chenpei
Mon Sep 24 22:07:40 2012,http://mail-archives.apache.org/mod_mbox/ctakes-commits/201209.mbox/<20120924220607.1BFC72388C6A@eris.apache.org>,chenpei
Mon Sep 24 22:07:40 2012,http://mail-archives.apache.org/mod_mbox/ctakes-commits/201209.mbox/<20120924220607.1BFC72388C6A@eris.apache.org>,chenpei
Mon Sep 24 22:07:40 2012,http://mail-archives.apache.org/mod_mbox/ctakes-commits/201209.mbox/<20120924220607.1BFC72388C6A@eris.apache.org>,chenpei
Mon Sep 24 22:07:40 2012,http://mail-archives.apache.org/mod_mbox/ctakes-commits/201209.mbox/<20120924220607.1BFC72388C6A@eris.apache.org>,chenpei
Mon Sep 24 22:07:40 2012,http://mail-archives.apache.org/mod_mbox/ctakes-commits/201209.mbox/<20120924220607.1BFC72388C6A@eris.apache.org>,chenpei
Mon Sep 24 22:07:40 2012,http://mail-archives.apache.org/mod_mbox/ctakes-commits/201209.mbox/<20120924220607.1BFC72388C6A@eris.apache.org>,chenpei
Mon Sep 24 22:07:40 2012,http://mail-archives.apache.org/mod_mbox/ctakes-commits/201209.mbox/<20120924220607.1BFC72388C6A@eris.apache.org>,chenpei
Mon Sep 24 22:07:40 2012,http://mail-archives.apache.org/mod_mbox/ctakes-commits/201209.mbox/<20120924220607.1BFC72388C6A@eris.apache.org>,chenpei
Mon Sep 24 22:07:40 2012,http://mail-archives.apache.org/mod_mbox/ctakes-commits/201209.mbox/<20120924220607.1BFC72388C6A@eris.apache.org>,chenpei
Mon Sep 24 22:07:40 2012,http://mail-archives.apache.org/mod_mbox/ctakes-commits/201209.mbox/<20120924220607.1BFC72388C6A@eris.apache.org>,chenpei
Mon Sep 24 22:07:40 2012,http://mail-archives.apache.org/mod_mbox/ctakes-commits/201209.mbox/<20120924220607.1BFC72388C6A@eris.apache.org>,chenpei
Mon Sep 24 22:07:40 2012,http://mail-archives.apache.org/mod_mbox/ctakes-commits/201209.mbox/<20120924220607.1BFC72388C6A@eris.apache.org>,chenpei
Mon Sep 24 22:07:40 2012,http://mail-archives.apache.org/mod_mbox/ctakes-commits/201209.mbox/<20120924220607.1BFC72388C6A@eris.apache.org>,chenpei
Mon Sep 24 22:07:40 2012,http://mail-archives.apache.org/mod_mbox/ctakes-commits/201209.mbox/<20120924220607.1BFC72388C6A@eris.apache.org>,chenpei
Mon Sep 24 22:07:40 2012,http://mail-archives.apache.org/mod_mbox/ctakes-commits/201209.mbox/<20120924220607.1BFC72388C6A@eris.apache.org>,chenpei
Mon Sep 24 22:07:40 2012,http://mail-archives.apache.org/mod_mbox/ctakes-commits/201209.mbox/<20120924220607.1BFC72388C6A@eris.apache.org>,chenpei
Mon Sep 24 22:07:40 2012,http://mail-archives.apache.org/mod_mbox/ctakes-commits/201209.mbox/<20120924220607.1BFC72388C6A@eris.apache.org>,chenpei
Mon Sep 24 22:07:40 2012,http://mail-archives.apache.org/mod_mbox/ctakes-commits/201209.mbox/<20120924220607.1BFC72388C6A@eris.apache.org>,chenpei
Mon Sep 24 22:07:40 2012,http://mail-archives.apache.org/mod_mbox/ctakes-commits/201209.mbox/<20120924220607.1BFC72388C6A@eris.apache.org>,chenpei
Mon Sep 24 22:07:40 2012,http://mail-archives.apache.org/mod_mbox/ctakes-commits/201209.mbox/<20120924220607.1BFC72388C6A@eris.apache.org>,chenpei
Mon Sep 24 22:07:40 2012,http://mail-archives.apache.org/mod_mbox/ctakes-commits/201209.mbox/<20120924220607.1BFC72388C6A@eris.apache.org>,chenpei
Mon Sep 24 22:07:40 2012,http://mail-archives.apache.org/mod_mbox/ctakes-commits/201209.mbox/<20120924220607.1BFC72388C6A@eris.apache.org>,chenpei
Mon Sep 24 22:07:40 2012,http://mail-archives.apache.org/mod_mbox/ctakes-commits/201209.mbox/<20120924220607.1BFC72388C6A@eris.apache.org>,chenpei
Mon Sep 24 22:07:40 2012,http://mail-archives.apache.org/mod_mbox/ctakes-commits/201209.mbox/<20120924220607.1BFC72388C6A@eris.apache.org>,chenpei
Mon Sep 24 22:07:40 2012,http://mail-archives.apache.org/mod_mbox/ctakes-commits/201209.mbox/<20120924220607.1BFC72388C6A@eris.apache.org>,chenpei
Mon Sep 24 22:07:40 2012,http://mail-archives.apache.org/mod_mbox/ctakes-commits/201209.mbox/<20120924220607.1BFC72388C6A@eris.apache.org>,chenpei
Mon Sep 24 22:07:40 2012,http://mail-archives.apache.org/mod_mbox/ctakes-commits/201209.mbox/<20120924220607.1BFC72388C6A@eris.apache.org>,chenpei
Mon Sep 24 22:07:40 2012,http://mail-archives.apache.org/mod_mbox/ctakes-commits/201209.mbox/<20120924220607.1BFC72388C6A@eris.apache.org>,chenpei
Mon Sep 24 22:07:40 2012,http://mail-archives.apache.org/mod_mbox/ctakes-commits/201209.mbox/<20120924220607.1BFC72388C6A@eris.apache.org>,chenpei
Mon Sep 24 22:07:40 2012,http://mail-archives.apache.org/mod_mbox/ctakes-commits/201209.mbox/<20120924220607.1BFC72388C6A@eris.apache.org>,chenpei
Mon Sep 24 22:07:40 2012,http://mail-archives.apache.org/mod_mbox/ctakes-commits/201209.mbox/<20120924220607.1BFC72388C6A@eris.apache.org>,chenpei
Mon Sep 24 22:07:40 2012,http://mail-archives.apache.org/mod_mbox/ctakes-commits/201209.mbox/<20120924220607.1BFC72388C6A@eris.apache.org>,chenpei
Mon Sep 24 22:07:40 2012,http://mail-archives.apache.org/mod_mbox/ctakes-commits/201209.mbox/<20120924220607.1BFC72388C6A@eris.apache.org>,chenpei
Mon Sep 24 22:07:40 2012,http://mail-archives.apache.org/mod_mbox/ctakes-commits/201209.mbox/<20120924220607.1BFC72388C6A@eris.apache.org>,chenpei
Mon Sep 24 22:07:40 2012,http://mail-archives.apache.org/mod_mbox/ctakes-commits/201209.mbox/<20120924220607.1BFC72388C6A@eris.apache.org>,chenpei
Mon Sep 24 22:07:40 2012,http://mail-archives.apache.org/mod_mbox/ctakes-commits/201209.mbox/<20120924220607.1BFC72388C6A@eris.apache.org>,chenpei
Mon Sep 24 22:07:40 2012,http://mail-archives.apache.org/mod_mbox/ctakes-commits/201209.mbox/<20120924220607.1BFC72388C6A@eris.apache.org>,chenpei
Mon Sep 24 22:07:40 2012,http://mail-archives.apache.org/mod_mbox/ctakes-commits/201209.mbox/<20120924220607.1BFC72388C6A@eris.apache.org>,chenpei
Mon Sep 24 22:07:40 2012,http://mail-archives.apache.org/mod_mbox/ctakes-commits/201209.mbox/<20120924220607.1BFC72388C6A@eris.apache.org>,chenpei
Mon Sep 24 22:07:40 2012,http://mail-archives.apache.org/mod_mbox/ctakes-commits/201209.mbox/<20120924220607.1BFC72388C6A@eris.apache.org>,chenpei
Mon Sep 24 22:07:40 2012,http://mail-archives.apache.org/mod_mbox/ctakes-commits/201209.mbox/<20120924220607.1BFC72388C6A@eris.apache.org>,chenpei
Mon Sep 24 22:07:40 2012,http://mail-archives.apache.org/mod_mbox/ctakes-commits/201209.mbox/<20120924220607.1BFC72388C6A@eris.apache.org>,chenpei
Mon Sep 24 22:07:40 2012,http://mail-archives.apache.org/mod_mbox/ctakes-commits/201209.mbox/<20120924220607.1BFC72388C6A@eris.apache.org>,chenpei
Mon Sep 24 22:07:40 2012,http://mail-archives.apache.org/mod_mbox/ctakes-commits/201209.mbox/<20120924220607.1BFC72388C6A@eris.apache.org>,chenpei
Mon Sep 24 22:07:40 2012,http://mail-archives.apache.org/mod_mbox/ctakes-commits/201209.mbox/<20120924220607.1BFC72388C6A@eris.apache.org>,chenpei
Mon Sep 24 22:07:40 2012,http://mail-archives.apache.org/mod_mbox/ctakes-commits/201209.mbox/<20120924220607.1BFC72388C6A@eris.apache.org>,chenpei
Mon Sep 24 22:07:40 2012,http://mail-archives.apache.org/mod_mbox/ctakes-commits/201209.mbox/<20120924220607.1BFC72388C6A@eris.apache.org>,chenpei
Mon Sep 24 22:07:40 2012,http://mail-archives.apache.org/mod_mbox/ctakes-commits/201209.mbox/<20120924220607.1BFC72388C6A@eris.apache.org>,chenpei
Mon Sep 24 22:07:40 2012,http://mail-archives.apache.org/mod_mbox/ctakes-commits/201209.mbox/<20120924220607.1BFC72388C6A@eris.apache.org>,chenpei
Mon Sep 24 22:07:40 2012,http://mail-archives.apache.org/mod_mbox/ctakes-commits/201209.mbox/<20120924220607.1BFC72388C6A@eris.apache.org>,chenpei
Mon Sep 24 22:07:40 2012,http://mail-archives.apache.org/mod_mbox/ctakes-commits/201209.mbox/<20120924220607.1BFC72388C6A@eris.apache.org>,chenpei
Mon Sep 24 22:07:40 2012,http://mail-archives.apache.org/mod_mbox/ctakes-commits/201209.mbox/<20120924220607.344762388C72@eris.apache.org>,chenpei
Mon Sep 24 22:07:40 2012,http://mail-archives.apache.org/mod_mbox/ctakes-commits/201209.mbox/<20120924220607.1BFC72388C6A@eris.apache.org>,chenpei
Mon Sep 24 22:07:40 2012,http://mail-archives.apache.org/mod_mbox/ctakes-commits/201209.mbox/<20120924220607.1BFC72388C6A@eris.apache.org>,chenpei
Mon Sep 24 22:07:40 2012,http://mail-archives.apache.org/mod_mbox/ctakes-commits/201209.mbox/<20120924220607.1BFC72388C6A@eris.apache.org>,chenpei
Mon Sep 24 22:07:40 2012,http://mail-archives.apache.org/mod_mbox/ctakes-commits/201209.mbox/<20120924220607.1BFC72388C6A@eris.apache.org>,chenpei
Mon Sep 24 22:07:40 2012,http://mail-archives.apache.org/mod_mbox/ctakes-commits/201209.mbox/<20120924220607.1BFC72388C6A@eris.apache.org>,chenpei
Mon Sep 24 22:07:40 2012,http://mail-archives.apache.org/mod_mbox/ctakes-commits/201209.mbox/<20120924220607.1BFC72388C6A@eris.apache.org>,chenpei
Mon Sep 24 22:07:40 2012,http://mail-archives.apache.org/mod_mbox/ctakes-commits/201209.mbox/<20120924220607.1BFC72388C6A@eris.apache.org>,chenpei
Mon Sep 24 22:07:40 2012,http://mail-archives.apache.org/mod_mbox/ctakes-commits/201209.mbox/<20120924220607.1BFC72388C6A@eris.apache.org>,chenpei
Mon Sep 24 22:07:40 2012,http://mail-archives.apache.org/mod_mbox/ctakes-commits/201209.mbox/<20120924220607.1BFC72388C6A@eris.apache.org>,chenpei
Mon Sep 24 22:07:40 2012,http://mail-archives.apache.org/mod_mbox/ctakes-commits/201209.mbox/<20120924220607.1BFC72388C6A@eris.apache.org>,chenpei
Mon Sep 24 22:07:40 2012,http://mail-archives.apache.org/mod_mbox/ctakes-commits/201209.mbox/<20120924220607.1BFC72388C6A@eris.apache.org>,chenpei
Mon Sep 24 22:07:40 2012,http://mail-archives.apache.org/mod_mbox/ctakes-commits/201209.mbox/<20120924220607.1BFC72388C6A@eris.apache.org>,chenpei
Mon Sep 24 22:07:40 2012,http://mail-archives.apache.org/mod_mbox/ctakes-commits/201209.mbox/<20120924220607.1BFC72388C6A@eris.apache.org>,chenpei
Mon Sep 24 22:07:40 2012,http://mail-archives.apache.org/mod_mbox/ctakes-commits/201209.mbox/<20120924220607.1BFC72388C6A@eris.apache.org>,chenpei
Mon Sep 24 22:07:40 2012,http://mail-archives.apache.org/mod_mbox/ctakes-commits/201209.mbox/<20120924220607.1BFC72388C6A@eris.apache.org>,chenpei
Mon Sep 24 22:07:40 2012,http://mail-archives.apache.org/mod_mbox/ctakes-commits/201209.mbox/<20120924220607.1BFC72388C6A@eris.apache.org>,chenpei
Mon Sep 24 22:07:40 2012,http://mail-archives.apache.org/mod_mbox/ctakes-commits/201209.mbox/<20120924220607.1BFC72388C6A@eris.apache.org>,chenpei
Mon Sep 24 22:07:40 2012,http://mail-archives.apache.org/mod_mbox/ctakes-commits/201209.mbox/<20120924220607.1BFC72388C6A@eris.apache.org>,chenpei
Mon Sep 24 22:07:40 2012,http://mail-archives.apache.org/mod_mbox/ctakes-commits/201209.mbox/<20120924220607.1BFC72388C6A@eris.apache.org>,chenpei
Mon Sep 24 22:07:40 2012,http://mail-archives.apache.org/mod_mbox/ctakes-commits/201209.mbox/<20120924220607.1BFC72388C6A@eris.apache.org>,chenpei
Mon Sep 24 22:07:40 2012,http://mail-archives.apache.org/mod_mbox/ctakes-commits/201209.mbox/<20120924220607.1BFC72388C6A@eris.apache.org>,chenpei
Mon Sep 24 22:07:40 2012,http://mail-archives.apache.org/mod_mbox/ctakes-commits/201209.mbox/<20120924220607.1BFC72388C6A@eris.apache.org>,chenpei
Mon Sep 24 22:07:40 2012,http://mail-archives.apache.org/mod_mbox/ctakes-commits/201209.mbox/<20120924220607.1BFC72388C6A@eris.apache.org>,chenpei
Mon Sep 24 22:07:40 2012,http://mail-archives.apache.org/mod_mbox/ctakes-commits/201209.mbox/<20120924220607.1BFC72388C6A@eris.apache.org>,chenpei
Mon Sep 24 22:07:40 2012,http://mail-archives.apache.org/mod_mbox/ctakes-commits/201209.mbox/<20120924220607.1BFC72388C6A@eris.apache.org>,chenpei
Mon Sep 24 22:07:40 2012,http://mail-archives.apache.org/mod_mbox/ctakes-commits/201209.mbox/<20120924220607.1BFC72388C6A@eris.apache.org>,chenpei
Mon Sep 24 22:07:40 2012,http://mail-archives.apache.org/mod_mbox/ctakes-commits/201209.mbox/<20120924220607.1BFC72388C6A@eris.apache.org>,chenpei
Mon Sep 24 22:07:40 2012,http://mail-archives.apache.org/mod_mbox/ctakes-commits/201209.mbox/<20120924220607.1BFC72388C6A@eris.apache.org>,chenpei
Mon Sep 24 22:07:40 2012,http://mail-archives.apache.org/mod_mbox/ctakes-commits/201209.mbox/<20120924220607.1BFC72388C6A@eris.apache.org>,chenpei
Mon Sep 24 22:07:40 2012,http://mail-archives.apache.org/mod_mbox/ctakes-commits/201209.mbox/<20120924220607.1BFC72388C6A@eris.apache.org>,chenpei
Mon Sep 24 22:07:40 2012,http://mail-archives.apache.org/mod_mbox/ctakes-commits/201209.mbox/<20120924220607.1BFC72388C6A@eris.apache.org>,chenpei
Mon Sep 24 22:07:40 2012,http://mail-archives.apache.org/mod_mbox/ctakes-commits/201209.mbox/<20120924220607.1BFC72388C6A@eris.apache.org>,chenpei
Mon Sep 24 22:07:40 2012,http://mail-archives.apache.org/mod_mbox/ctakes-commits/201209.mbox/<20120924220607.1BFC72388C6A@eris.apache.org>,chenpei
Mon Sep 24 22:07:40 2012,http://mail-archives.apache.org/mod_mbox/ctakes-commits/201209.mbox/<20120924220607.1BFC72388C6A@eris.apache.org>,chenpei
Mon Sep 24 22:07:40 2012,http://mail-archives.apache.org/mod_mbox/ctakes-commits/201209.mbox/<20120924220607.1BFC72388C6A@eris.apache.org>,chenpei
Mon Sep 24 22:07:40 2012,http://mail-archives.apache.org/mod_mbox/ctakes-commits/201209.mbox/<20120924220607.1BFC72388C6A@eris.apache.org>,chenpei
Mon Sep 24 22:07:40 2012,http://mail-archives.apache.org/mod_mbox/ctakes-commits/201209.mbox/<20120924220607.1BFC72388C6A@eris.apache.org>,chenpei
Mon Sep 24 22:07:40 2012,http://mail-archives.apache.org/mod_mbox/ctakes-commits/201209.mbox/<20120924220607.1BFC72388C6A@eris.apache.org>,chenpei
Mon Sep 24 22:07:40 2012,http://mail-archives.apache.org/mod_mbox/ctakes-commits/201209.mbox/<20120924220607.1BFC72388C6A@eris.apache.org>,chenpei
Mon Sep 24 22:07:40 2012,http://mail-archives.apache.org/mod_mbox/ctakes-commits/201209.mbox/<20120924220607.1BFC72388C6A@eris.apache.org>,chenpei
Mon Sep 24 22:07:40 2012,http://mail-archives.apache.org/mod_mbox/ctakes-commits/201209.mbox/<20120924220607.1BFC72388C6A@eris.apache.org>,chenpei
Mon Sep 24 22:07:40 2012,http://mail-archives.apache.org/mod_mbox/ctakes-commits/201209.mbox/<20120924220607.1BFC72388C6A@eris.apache.org>,chenpei
Mon Sep 24 22:07:40 2012,http://mail-archives.apache.org/mod_mbox/ctakes-commits/201209.mbox/<20120924220607.1BFC72388C6A@eris.apache.org>,chenpei
Mon Sep 24 22:07:40 2012,http://mail-archives.apache.org/mod_mbox/ctakes-commits/201209.mbox/<20120924220607.1BFC72388C6A@eris.apache.org>,chenpei
Mon Sep 24 22:07:40 2012,http://mail-archives.apache.org/mod_mbox/ctakes-commits/201209.mbox/<20120924220607.1BFC72388C6A@eris.apache.org>,chenpei
Mon Sep 24 22:07:40 2012,http://mail-archives.apache.org/mod_mbox/ctakes-commits/201209.mbox/<20120924220607.1BFC72388C6A@eris.apache.org>,chenpei
Mon Sep 24 22:07:40 2012,http://mail-archives.apache.org/mod_mbox/ctakes-commits/201209.mbox/<20120924220607.1BFC72388C6A@eris.apache.org>,chenpei
Mon Sep 24 22:07:40 2012,http://mail-archives.apache.org/mod_mbox/ctakes-commits/201209.mbox/<20120924220607.1BFC72388C6A@eris.apache.org>,chenpei
Mon Sep 24 22:07:40 2012,http://mail-archives.apache.org/mod_mbox/ctakes-commits/201209.mbox/<20120924220607.1BFC72388C6A@eris.apache.org>,chenpei
Mon Sep 24 22:07:40 2012,http://mail-archives.apache.org/mod_mbox/ctakes-commits/201209.mbox/<20120924220607.1BFC72388C6A@eris.apache.org>,chenpei
Mon Sep 24 22:07:40 2012,http://mail-archives.apache.org/mod_mbox/ctakes-commits/201209.mbox/<20120924220607.1BFC72388C6A@eris.apache.org>,chenpei
Mon Sep 24 22:07:40 2012,http://mail-archives.apache.org/mod_mbox/ctakes-commits/201209.mbox/<20120924220607.1BFC72388C6A@eris.apache.org>,chenpei
Mon Sep 24 22:07:40 2012,http://mail-archives.apache.org/mod_mbox/ctakes-commits/201209.mbox/<20120924220607.1BFC72388C6A@eris.apache.org>,chenpei
Mon Sep 24 22:07:40 2012,http://mail-archives.apache.org/mod_mbox/ctakes-commits/201209.mbox/<20120924220607.1BFC72388C6A@eris.apache.org>,chenpei
Mon Sep 24 22:07:40 2012,http://mail-archives.apache.org/mod_mbox/ctakes-commits/201209.mbox/<20120924220607.1BFC72388C6A@eris.apache.org>,chenpei
Mon Sep 24 22:07:40 2012,http://mail-archives.apache.org/mod_mbox/ctakes-commits/201209.mbox/<20120924220607.1BFC72388C6A@eris.apache.org>,chenpei
Mon Sep 24 22:07:40 2012,http://mail-archives.apache.org/mod_mbox/ctakes-commits/201209.mbox/<20120924220607.1BFC72388C6A@eris.apache.org>,chenpei
Mon Sep 24 22:07:40 2012,http://mail-archives.apache.org/mod_mbox/ctakes-commits/201209.mbox/<20120924220607.1BFC72388C6A@eris.apache.org>,chenpei
Mon Sep 24 22:07:40 2012,http://mail-archives.apache.org/mod_mbox/ctakes-commits/201209.mbox/<20120924220607.1BFC72388C6A@eris.apache.org>,chenpei
Mon Sep 24 22:07:40 2012,http://mail-archives.apache.org/mod_mbox/ctakes-commits/201209.mbox/<20120924220607.1BFC72388C6A@eris.apache.org>,chenpei
Mon Sep 24 22:07:40 2012,http://mail-archives.apache.org/mod_mbox/ctakes-commits/201209.mbox/<20120924220607.1BFC72388C6A@eris.apache.org>,chenpei
Mon Sep 24 22:07:40 2012,http://mail-archives.apache.org/mod_mbox/ctakes-commits/201209.mbox/<20120924220607.1BFC72388C6A@eris.apache.org>,chenpei
Mon Sep 24 22:07:40 2012,http://mail-archives.apache.org/mod_mbox/ctakes-commits/201209.mbox/<20120924220607.1BFC72388C6A@eris.apache.org>,chenpei
Mon Sep 24 22:07:40 2012,http://mail-archives.apache.org/mod_mbox/ctakes-commits/201209.mbox/<20120924220607.1BFC72388C6A@eris.apache.org>,chenpei
Mon Sep 24 22:07:40 2012,http://mail-archives.apache.org/mod_mbox/ctakes-commits/201209.mbox/<20120924220607.1BFC72388C6A@eris.apache.org>,chenpei
Mon Sep 24 22:07:40 2012,http://mail-archives.apache.org/mod_mbox/ctakes-commits/201209.mbox/<20120924220607.1BFC72388C6A@eris.apache.org>,chenpei
Mon Sep 24 22:07:40 2012,http://mail-archives.apache.org/mod_mbox/ctakes-commits/201209.mbox/<20120924220607.1BFC72388C6A@eris.apache.org>,chenpei
Mon Sep 24 22:07:40 2012,http://mail-archives.apache.org/mod_mbox/ctakes-commits/201209.mbox/<20120924220607.1BFC72388C6A@eris.apache.org>,chenpei
Mon Sep 24 22:07:40 2012,http://mail-archives.apache.org/mod_mbox/ctakes-commits/201209.mbox/<20120924220607.344762388C72@eris.apache.org>,chenpei
Mon Sep 24 22:07:40 2012,http://mail-archives.apache.org/mod_mbox/ctakes-commits/201209.mbox/<20120924220607.344762388C72@eris.apache.org>,chenpei
Mon Sep 24 22:07:40 2012,http://mail-archives.apache.org/mod_mbox/ctakes-commits/201209.mbox/<20120924220607.344762388C72@eris.apache.org>,chenpei
Mon Sep 24 22:07:40 2012,http://mail-archives.apache.org/mod_mbox/ctakes-commits/201209.mbox/<20120924220607.344762388C72@eris.apache.org>,chenpei
Mon Sep 24 22:07:40 2012,http://mail-archives.apache.org/mod_mbox/ctakes-commits/201209.mbox/<20120924220607.344762388C72@eris.apache.org>,chenpei
Mon Sep 24 22:07:40 2012,http://mail-archives.apache.org/mod_mbox/ctakes-commits/201209.mbox/<20120924220607.344762388C72@eris.apache.org>,chenpei
Mon Sep 24 22:07:40 2012,http://mail-archives.apache.org/mod_mbox/ctakes-commits/201209.mbox/<20120924220607.344762388C72@eris.apache.org>,chenpei
Mon Sep 24 22:07:40 2012,http://mail-archives.apache.org/mod_mbox/ctakes-commits/201209.mbox/<20120924220607.344762388C72@eris.apache.org>,chenpei
Mon Sep 24 22:07:40 2012,http://mail-archives.apache.org/mod_mbox/ctakes-commits/201209.mbox/<20120924220607.344762388C72@eris.apache.org>,chenpei
Mon Sep 24 22:07:40 2012,http://mail-archives.apache.org/mod_mbox/ctakes-commits/201209.mbox/<20120924220607.344762388C72@eris.apache.org>,chenpei
Mon Sep 24 22:07:40 2012,http://mail-archives.apache.org/mod_mbox/ctakes-commits/201209.mbox/<20120924220607.344762388C72@eris.apache.org>,chenpei
Mon Sep 24 22:07:40 2012,http://mail-archives.apache.org/mod_mbox/ctakes-commits/201209.mbox/<20120924220607.344762388C72@eris.apache.org>,chenpei
Mon Sep 24 22:07:40 2012,http://mail-archives.apache.org/mod_mbox/ctakes-commits/201209.mbox/<20120924220607.344762388C72@eris.apache.org>,chenpei
Mon Sep 24 22:07:40 2012,http://mail-archives.apache.org/mod_mbox/ctakes-commits/201209.mbox/<20120924220607.344762388C72@eris.apache.org>,chenpei
Mon Sep 24 22:07:40 2012,http://mail-archives.apache.org/mod_mbox/ctakes-commits/201209.mbox/<20120924220607.344762388C72@eris.apache.org>,chenpei
Mon Sep 24 22:07:40 2012,http://mail-archives.apache.org/mod_mbox/ctakes-commits/201209.mbox/<20120924220607.344762388C72@eris.apache.org>,chenpei
Mon Sep 24 22:07:40 2012,http://mail-archives.apache.org/mod_mbox/ctakes-commits/201209.mbox/<20120924220607.344762388C72@eris.apache.org>,chenpei
Mon Sep 24 22:07:40 2012,http://mail-archives.apache.org/mod_mbox/ctakes-commits/201209.mbox/<20120924220607.344762388C72@eris.apache.org>,chenpei
Mon Sep 24 22:07:40 2012,http://mail-archives.apache.org/mod_mbox/ctakes-commits/201209.mbox/<20120924220607.344762388C72@eris.apache.org>,chenpei
Mon Sep 24 22:07:40 2012,http://mail-archives.apache.org/mod_mbox/ctakes-commits/201209.mbox/<20120924220607.344762388C72@eris.apache.org>,chenpei
Mon Sep 24 22:07:40 2012,http://mail-archives.apache.org/mod_mbox/ctakes-commits/201209.mbox/<20120924220607.344762388C72@eris.apache.org>,chenpei
Mon Sep 24 22:07:40 2012,http://mail-archives.apache.org/mod_mbox/ctakes-commits/201209.mbox/<20120924220607.344762388C72@eris.apache.org>,chenpei
Mon Sep 24 22:07:40 2012,http://mail-archives.apache.org/mod_mbox/ctakes-commits/201209.mbox/<20120924220607.344762388C72@eris.apache.org>,chenpei
Mon Sep 24 22:07:40 2012,http://mail-archives.apache.org/mod_mbox/ctakes-commits/201209.mbox/<20120924220607.344762388C72@eris.apache.org>,chenpei
Mon Sep 24 22:07:40 2012,http://mail-archives.apache.org/mod_mbox/ctakes-commits/201209.mbox/<20120924220607.344762388C72@eris.apache.org>,chenpei
Mon Sep 24 22:07:40 2012,http://mail-archives.apache.org/mod_mbox/ctakes-commits/201209.mbox/<20120924220607.344762388C72@eris.apache.org>,chenpei
Mon Sep 24 22:07:40 2012,http://mail-archives.apache.org/mod_mbox/ctakes-commits/201209.mbox/<20120924220607.344762388C72@eris.apache.org>,chenpei
Mon Sep 24 22:07:40 2012,http://mail-archives.apache.org/mod_mbox/ctakes-commits/201209.mbox/<20120924220607.344762388C72@eris.apache.org>,chenpei
Mon Sep 24 22:07:40 2012,http://mail-archives.apache.org/mod_mbox/ctakes-commits/201209.mbox/<20120924220607.344762388C72@eris.apache.org>,chenpei
Mon Sep 24 22:07:40 2012,http://mail-archives.apache.org/mod_mbox/ctakes-commits/201209.mbox/<20120924220607.344762388C72@eris.apache.org>,chenpei
Mon Sep 24 22:07:40 2012,http://mail-archives.apache.org/mod_mbox/ctakes-commits/201209.mbox/<20120924220607.344762388C72@eris.apache.org>,chenpei
Mon Sep 24 22:07:40 2012,http://mail-archives.apache.org/mod_mbox/ctakes-commits/201209.mbox/<20120924220607.344762388C72@eris.apache.org>,chenpei
Mon Sep 24 22:07:40 2012,http://mail-archives.apache.org/mod_mbox/ctakes-commits/201209.mbox/<20120924220607.344762388C72@eris.apache.org>,chenpei
Mon Sep 24 22:07:40 2012,http://mail-archives.apache.org/mod_mbox/ctakes-commits/201209.mbox/<20120924220607.344762388C72@eris.apache.org>,chenpei
Mon Sep 24 22:07:40 2012,http://mail-archives.apache.org/mod_mbox/ctakes-commits/201209.mbox/<20120924220607.344762388C72@eris.apache.org>,chenpei
Mon Sep 24 22:07:40 2012,http://mail-archives.apache.org/mod_mbox/ctakes-commits/201209.mbox/<20120924220607.344762388C72@eris.apache.org>,chenpei
Mon Sep 24 22:07:40 2012,http://mail-archives.apache.org/mod_mbox/ctakes-commits/201209.mbox/<20120924220607.344762388C72@eris.apache.org>,chenpei
Mon Sep 24 22:07:40 2012,http://mail-archives.apache.org/mod_mbox/ctakes-commits/201209.mbox/<20120924220607.344762388C72@eris.apache.org>,chenpei
Mon Sep 24 22:07:40 2012,http://mail-archives.apache.org/mod_mbox/ctakes-commits/201209.mbox/<20120924220607.344762388C72@eris.apache.org>,chenpei
Mon Sep 24 22:07:40 2012,http://mail-archives.apache.org/mod_mbox/ctakes-commits/201209.mbox/<20120924220607.344762388C72@eris.apache.org>,chenpei
Mon Sep 24 22:07:40 2012,http://mail-archives.apache.org/mod_mbox/ctakes-commits/201209.mbox/<20120924220607.344762388C72@eris.apache.org>,chenpei
Mon Sep 24 22:07:40 2012,http://mail-archives.apache.org/mod_mbox/ctakes-commits/201209.mbox/<20120924220607.344762388C72@eris.apache.org>,chenpei
Mon Sep 24 22:07:40 2012,http://mail-archives.apache.org/mod_mbox/ctakes-commits/201209.mbox/<20120924220607.344762388C72@eris.apache.org>,chenpei
Mon Sep 24 22:07:40 2012,http://mail-archives.apache.org/mod_mbox/ctakes-commits/201209.mbox/<20120924220607.344762388C72@eris.apache.org>,chenpei
Mon Sep 24 22:07:40 2012,http://mail-archives.apache.org/mod_mbox/ctakes-commits/201209.mbox/<20120924220607.344762388C72@eris.apache.org>,chenpei
Mon Sep 24 22:07:40 2012,http://mail-archives.apache.org/mod_mbox/ctakes-commits/201209.mbox/<20120924220607.344762388C72@eris.apache.org>,chenpei
Mon Sep 24 22:07:40 2012,http://mail-archives.apache.org/mod_mbox/ctakes-commits/201209.mbox/<20120924220607.344762388C72@eris.apache.org>,chenpei
Mon Sep 24 22:07:40 2012,http://mail-archives.apache.org/mod_mbox/ctakes-commits/201209.mbox/<20120924220607.344762388C72@eris.apache.org>,chenpei
Mon Sep 24 22:07:40 2012,http://mail-archives.apache.org/mod_mbox/ctakes-commits/201209.mbox/<20120924220607.344762388C72@eris.apache.org>,chenpei
Mon Sep 24 22:07:40 2012,http://mail-archives.apache.org/mod_mbox/ctakes-commits/201209.mbox/<20120924220607.344762388C72@eris.apache.org>,chenpei
Mon Sep 24 22:07:40 2012,http://mail-archives.apache.org/mod_mbox/ctakes-commits/201209.mbox/<20120924220607.344762388C72@eris.apache.org>,chenpei
Mon Sep 24 22:07:40 2012,http://mail-archives.apache.org/mod_mbox/ctakes-commits/201209.mbox/<20120924220607.344762388C72@eris.apache.org>,chenpei
Mon Sep 24 22:07:40 2012,http://mail-archives.apache.org/mod_mbox/ctakes-commits/201209.mbox/<20120924220607.344762388C72@eris.apache.org>,chenpei
Mon Sep 24 22:07:40 2012,http://mail-archives.apache.org/mod_mbox/ctakes-commits/201209.mbox/<20120924220607.344762388C72@eris.apache.org>,chenpei
Mon Sep 24 22:07:40 2012,http://mail-archives.apache.org/mod_mbox/ctakes-commits/201209.mbox/<20120924220607.344762388C72@eris.apache.org>,chenpei
Mon Sep 24 22:07:40 2012,http://mail-archives.apache.org/mod_mbox/ctakes-commits/201209.mbox/<20120924220607.344762388C72@eris.apache.org>,chenpei
Mon Sep 24 22:07:40 2012,http://mail-archives.apache.org/mod_mbox/ctakes-commits/201209.mbox/<20120924220607.344762388C72@eris.apache.org>,chenpei
Mon Sep 24 22:07:40 2012,http://mail-archives.apache.org/mod_mbox/ctakes-commits/201209.mbox/<20120924220607.344762388C72@eris.apache.org>,chenpei
Mon Sep 24 22:07:40 2012,http://mail-archives.apache.org/mod_mbox/ctakes-commits/201209.mbox/<20120924220607.344762388C72@eris.apache.org>,chenpei
Mon Sep 24 22:07:40 2012,http://mail-archives.apache.org/mod_mbox/ctakes-commits/201209.mbox/<20120924220607.344762388C72@eris.apache.org>,chenpei
Mon Sep 24 22:07:40 2012,http://mail-archives.apache.org/mod_mbox/ctakes-commits/201209.mbox/<20120924220607.344762388C72@eris.apache.org>,chenpei
Mon Sep 24 22:07:40 2012,http://mail-archives.apache.org/mod_mbox/ctakes-commits/201209.mbox/<20120924220607.344762388C72@eris.apache.org>,chenpei
Mon Sep 24 22:07:40 2012,http://mail-archives.apache.org/mod_mbox/ctakes-commits/201209.mbox/<20120924220607.344762388C72@eris.apache.org>,chenpei
Mon Sep 24 22:07:40 2012,http://mail-archives.apache.org/mod_mbox/ctakes-commits/201209.mbox/<20120924220607.344762388C72@eris.apache.org>,chenpei
Mon Sep 24 22:07:40 2012,http://mail-archives.apache.org/mod_mbox/ctakes-commits/201209.mbox/<20120924220607.344762388C72@eris.apache.org>,chenpei
Mon Sep 24 22:07:40 2012,http://mail-archives.apache.org/mod_mbox/ctakes-commits/201209.mbox/<20120924220607.344762388C72@eris.apache.org>,chenpei
Mon Sep 24 22:07:40 2012,http://mail-archives.apache.org/mod_mbox/ctakes-commits/201209.mbox/<20120924220607.344762388C72@eris.apache.org>,chenpei
Mon Sep 24 22:07:40 2012,http://mail-archives.apache.org/mod_mbox/ctakes-commits/201209.mbox/<20120924220607.344762388C72@eris.apache.org>,chenpei
Mon Sep 24 22:07:40 2012,http://mail-archives.apache.org/mod_mbox/ctakes-commits/201209.mbox/<20120924220607.344762388C72@eris.apache.org>,chenpei
Mon Sep 24 22:07:40 2012,http://mail-archives.apache.org/mod_mbox/ctakes-commits/201209.mbox/<20120924220607.344762388C72@eris.apache.org>,chenpei
Mon Sep 24 22:07:40 2012,http://mail-archives.apache.org/mod_mbox/ctakes-commits/201209.mbox/<20120924220607.344762388C72@eris.apache.org>,chenpei
Mon Sep 24 22:07:40 2012,http://mail-archives.apache.org/mod_mbox/ctakes-commits/201209.mbox/<20120924220607.344762388C72@eris.apache.org>,chenpei
Mon Sep 24 22:07:40 2012,http://mail-archives.apache.org/mod_mbox/ctakes-commits/201209.mbox/<20120924220607.344762388C72@eris.apache.org>,chenpei
Mon Sep 24 22:07:40 2012,http://mail-archives.apache.org/mod_mbox/ctakes-commits/201209.mbox/<20120924220607.344762388C72@eris.apache.org>,chenpei
Mon Sep 24 22:07:40 2012,http://mail-archives.apache.org/mod_mbox/ctakes-commits/201209.mbox/<20120924220607.344762388C72@eris.apache.org>,chenpei
Mon Sep 24 22:07:40 2012,http://mail-archives.apache.org/mod_mbox/ctakes-commits/201209.mbox/<20120924220607.344762388C72@eris.apache.org>,chenpei
Mon Sep 24 22:07:40 2012,http://mail-archives.apache.org/mod_mbox/ctakes-commits/201209.mbox/<20120924220607.344762388C72@eris.apache.org>,chenpei
Mon Sep 24 22:07:40 2012,http://mail-archives.apache.org/mod_mbox/ctakes-commits/201209.mbox/<20120924220607.344762388C72@eris.apache.org>,chenpei
Mon Sep 24 22:07:40 2012,http://mail-archives.apache.org/mod_mbox/ctakes-commits/201209.mbox/<20120924220607.344762388C72@eris.apache.org>,chenpei
Mon Sep 24 22:07:40 2012,http://mail-archives.apache.org/mod_mbox/ctakes-commits/201209.mbox/<20120924220607.344762388C72@eris.apache.org>,chenpei
Mon Sep 24 22:07:40 2012,http://mail-archives.apache.org/mod_mbox/ctakes-commits/201209.mbox/<20120924220607.344762388C72@eris.apache.org>,chenpei
Mon Sep 24 22:07:40 2012,http://mail-archives.apache.org/mod_mbox/ctakes-commits/201209.mbox/<20120924220607.344762388C72@eris.apache.org>,chenpei
Mon Sep 24 22:07:40 2012,http://mail-archives.apache.org/mod_mbox/ctakes-commits/201209.mbox/<20120924220607.344762388C72@eris.apache.org>,chenpei
Mon Sep 24 22:07:40 2012,http://mail-archives.apache.org/mod_mbox/ctakes-commits/201209.mbox/<20120924220607.344762388C72@eris.apache.org>,chenpei
Mon Sep 24 22:07:40 2012,http://mail-archives.apache.org/mod_mbox/ctakes-commits/201209.mbox/<20120924220607.344762388C72@eris.apache.org>,chenpei
Mon Sep 24 22:07:40 2012,http://mail-archives.apache.org/mod_mbox/ctakes-commits/201209.mbox/<20120924220607.344762388C72@eris.apache.org>,chenpei
Mon Sep 24 22:07:40 2012,http://mail-archives.apache.org/mod_mbox/ctakes-commits/201209.mbox/<20120924220607.344762388C72@eris.apache.org>,chenpei
Mon Sep 24 22:07:40 2012,http://mail-archives.apache.org/mod_mbox/ctakes-commits/201209.mbox/<20120924220607.344762388C72@eris.apache.org>,chenpei
Mon Sep 24 22:07:40 2012,http://mail-archives.apache.org/mod_mbox/ctakes-commits/201209.mbox/<20120924220607.344762388C72@eris.apache.org>,chenpei
Mon Sep 24 22:07:40 2012,http://mail-archives.apache.org/mod_mbox/ctakes-commits/201209.mbox/<20120924220607.344762388C72@eris.apache.org>,chenpei
Mon Sep 24 22:07:40 2012,http://mail-archives.apache.org/mod_mbox/ctakes-commits/201209.mbox/<20120924220607.344762388C72@eris.apache.org>,chenpei
Mon Sep 24 22:07:40 2012,http://mail-archives.apache.org/mod_mbox/ctakes-commits/201209.mbox/<20120924220607.344762388C72@eris.apache.org>,chenpei
Mon Sep 24 22:07:40 2012,http://mail-archives.apache.org/mod_mbox/ctakes-commits/201209.mbox/<20120924220607.344762388C72@eris.apache.org>,chenpei
Mon Sep 24 22:07:40 2012,http://mail-archives.apache.org/mod_mbox/ctakes-commits/201209.mbox/<20120924220607.344762388C72@eris.apache.org>,chenpei
Mon Sep 24 22:07:40 2012,http://mail-archives.apache.org/mod_mbox/ctakes-commits/201209.mbox/<20120924220607.344762388C72@eris.apache.org>,chenpei
Mon Sep 24 22:07:40 2012,http://mail-archives.apache.org/mod_mbox/ctakes-commits/201209.mbox/<20120924220607.344762388C72@eris.apache.org>,chenpei
Mon Sep 24 22:07:40 2012,http://mail-archives.apache.org/mod_mbox/ctakes-commits/201209.mbox/<20120924220607.344762388C72@eris.apache.org>,chenpei
Mon Sep 24 22:07:40 2012,http://mail-archives.apache.org/mod_mbox/ctakes-commits/201209.mbox/<20120924220607.344762388C72@eris.apache.org>,chenpei
Mon Sep 24 22:07:40 2012,http://mail-archives.apache.org/mod_mbox/ctakes-commits/201209.mbox/<20120924220607.344762388C72@eris.apache.org>,chenpei
Mon Sep 24 22:07:40 2012,http://mail-archives.apache.org/mod_mbox/ctakes-commits/201209.mbox/<20120924220607.344762388C72@eris.apache.org>,chenpei
Mon Sep 24 22:07:40 2012,http://mail-archives.apache.org/mod_mbox/ctakes-commits/201209.mbox/<20120924220607.344762388C72@eris.apache.org>,chenpei
Mon Sep 24 22:07:40 2012,http://mail-archives.apache.org/mod_mbox/ctakes-commits/201209.mbox/<20120924220607.344762388C72@eris.apache.org>,chenpei
Mon Sep 24 22:07:40 2012,http://mail-archives.apache.org/mod_mbox/ctakes-commits/201209.mbox/<20120924220607.344762388C72@eris.apache.org>,chenpei
Mon Sep 24 22:07:40 2012,http://mail-archives.apache.org/mod_mbox/ctakes-commits/201209.mbox/<20120924220607.344762388C72@eris.apache.org>,chenpei
Mon Sep 24 22:07:40 2012,http://mail-archives.apache.org/mod_mbox/ctakes-commits/201209.mbox/<20120924220607.344762388C72@eris.apache.org>,chenpei
Mon Sep 24 22:07:40 2012,http://mail-archives.apache.org/mod_mbox/ctakes-commits/201209.mbox/<20120924220607.344762388C72@eris.apache.org>,chenpei
Mon Sep 24 22:07:40 2012,http://mail-archives.apache.org/mod_mbox/ctakes-commits/201209.mbox/<20120924220607.344762388C72@eris.apache.org>,chenpei
Mon Sep 24 22:07:40 2012,http://mail-archives.apache.org/mod_mbox/ctakes-commits/201209.mbox/<20120924220607.344762388C72@eris.apache.org>,chenpei
Mon Sep 24 22:07:40 2012,http://mail-archives.apache.org/mod_mbox/ctakes-commits/201209.mbox/<20120924220607.344762388C72@eris.apache.org>,chenpei
Mon Sep 24 22:07:40 2012,http://mail-archives.apache.org/mod_mbox/ctakes-commits/201209.mbox/<20120924220607.344762388C72@eris.apache.org>,chenpei
Mon Sep 24 22:07:40 2012,http://mail-archives.apache.org/mod_mbox/ctakes-commits/201209.mbox/<20120924220607.344762388C72@eris.apache.org>,chenpei
Mon Sep 24 22:07:40 2012,http://mail-archives.apache.org/mod_mbox/ctakes-commits/201209.mbox/<20120924220607.344762388C72@eris.apache.org>,chenpei
Mon Sep 24 22:07:40 2012,http://mail-archives.apache.org/mod_mbox/ctakes-commits/201209.mbox/<20120924220607.344762388C72@eris.apache.org>,chenpei
Mon Sep 24 22:07:40 2012,http://mail-archives.apache.org/mod_mbox/ctakes-commits/201209.mbox/<20120924220607.344762388C72@eris.apache.org>,chenpei
Mon Sep 24 22:07:40 2012,http://mail-archives.apache.org/mod_mbox/ctakes-commits/201209.mbox/<20120924220607.344762388C72@eris.apache.org>,chenpei
Mon Sep 24 22:07:40 2012,http://mail-archives.apache.org/mod_mbox/ctakes-commits/201209.mbox/<20120924220607.344762388C72@eris.apache.org>,chenpei
Mon Sep 24 22:07:40 2012,http://mail-archives.apache.org/mod_mbox/ctakes-commits/201209.mbox/<20120924220607.344762388C72@eris.apache.org>,chenpei
Mon Sep 24 22:07:40 2012,http://mail-archives.apache.org/mod_mbox/ctakes-commits/201209.mbox/<20120924220607.344762388C72@eris.apache.org>,chenpei
Mon Sep 24 22:07:40 2012,http://mail-archives.apache.org/mod_mbox/ctakes-commits/201209.mbox/<20120924220607.344762388C72@eris.apache.org>,chenpei
Mon Sep 24 22:07:40 2012,http://mail-archives.apache.org/mod_mbox/ctakes-commits/201209.mbox/<20120924220607.344762388C72@eris.apache.org>,chenpei
Mon Sep 24 22:07:40 2012,http://mail-archives.apache.org/mod_mbox/ctakes-commits/201209.mbox/<20120924220607.344762388C72@eris.apache.org>,chenpei
Mon Sep 24 22:07:40 2012,http://mail-archives.apache.org/mod_mbox/ctakes-commits/201209.mbox/<20120924220607.344762388C72@eris.apache.org>,chenpei
Mon Sep 24 22:07:40 2012,http://mail-archives.apache.org/mod_mbox/ctakes-commits/201209.mbox/<20120924220607.344762388C72@eris.apache.org>,chenpei
Mon Sep 24 22:07:40 2012,http://mail-archives.apache.org/mod_mbox/ctakes-commits/201209.mbox/<20120924220607.344762388C72@eris.apache.org>,chenpei
Mon Sep 24 22:07:40 2012,http://mail-archives.apache.org/mod_mbox/ctakes-commits/201209.mbox/<20120924220607.344762388C72@eris.apache.org>,chenpei
Mon Sep 24 22:07:40 2012,http://mail-archives.apache.org/mod_mbox/ctakes-commits/201209.mbox/<20120924220607.344762388C72@eris.apache.org>,chenpei
Mon Sep 24 22:07:40 2012,http://mail-archives.apache.org/mod_mbox/ctakes-commits/201209.mbox/<20120924220607.344762388C72@eris.apache.org>,chenpei
Mon Sep 24 22:07:40 2012,http://mail-archives.apache.org/mod_mbox/ctakes-commits/201209.mbox/<20120924220607.344762388C72@eris.apache.org>,chenpei
Mon Sep 24 22:07:40 2012,http://mail-archives.apache.org/mod_mbox/ctakes-commits/201209.mbox/<20120924220607.344762388C72@eris.apache.org>,chenpei
Mon Sep 24 22:07:40 2012,http://mail-archives.apache.org/mod_mbox/ctakes-commits/201209.mbox/<20120924220607.344762388C72@eris.apache.org>,chenpei
Mon Sep 24 22:07:40 2012,http://mail-archives.apache.org/mod_mbox/ctakes-commits/201209.mbox/<20120924220607.344762388C72@eris.apache.org>,chenpei
Mon Sep 24 22:07:40 2012,http://mail-archives.apache.org/mod_mbox/ctakes-commits/201209.mbox/<20120924220607.344762388C72@eris.apache.org>,chenpei
Mon Sep 24 22:07:40 2012,http://mail-archives.apache.org/mod_mbox/ctakes-commits/201209.mbox/<20120924220607.344762388C72@eris.apache.org>,chenpei
Mon Sep 24 22:07:40 2012,http://mail-archives.apache.org/mod_mbox/ctakes-commits/201209.mbox/<20120924220607.344762388C72@eris.apache.org>,chenpei
Mon Sep 24 22:07:40 2012,http://mail-archives.apache.org/mod_mbox/ctakes-commits/201209.mbox/<20120924220607.344762388C72@eris.apache.org>,chenpei
Mon Sep 24 22:07:40 2012,http://mail-archives.apache.org/mod_mbox/ctakes-commits/201209.mbox/<20120924220607.344762388C72@eris.apache.org>,chenpei
Mon Sep 24 22:07:40 2012,http://mail-archives.apache.org/mod_mbox/ctakes-commits/201209.mbox/<20120924220607.344762388C72@eris.apache.org>,chenpei
Mon Sep 24 22:07:40 2012,http://mail-archives.apache.org/mod_mbox/ctakes-commits/201209.mbox/<20120924220607.344762388C72@eris.apache.org>,chenpei
Mon Sep 24 22:07:40 2012,http://mail-archives.apache.org/mod_mbox/ctakes-commits/201209.mbox/<20120924220607.1BFC72388C6A@eris.apache.org>,chenpei
Mon Sep 24 22:07:40 2012,http://mail-archives.apache.org/mod_mbox/ctakes-commits/201209.mbox/<20120924220607.344762388C72@eris.apache.org>,chenpei
Mon Sep 24 22:07:40 2012,http://mail-archives.apache.org/mod_mbox/ctakes-commits/201209.mbox/<20120924220607.344762388C72@eris.apache.org>,chenpei
Mon Sep 24 22:07:40 2012,http://mail-archives.apache.org/mod_mbox/ctakes-commits/201209.mbox/<20120924220607.344762388C72@eris.apache.org>,chenpei
Mon Sep 24 22:07:40 2012,http://mail-archives.apache.org/mod_mbox/ctakes-commits/201209.mbox/<20120924220607.344762388C72@eris.apache.org>,chenpei
Mon Sep 24 22:07:40 2012,http://mail-archives.apache.org/mod_mbox/ctakes-commits/201209.mbox/<20120924220607.344762388C72@eris.apache.org>,chenpei
Mon Sep 24 22:07:40 2012,http://mail-archives.apache.org/mod_mbox/ctakes-commits/201209.mbox/<20120924220607.344762388C72@eris.apache.org>,chenpei
Mon Sep 24 22:07:40 2012,http://mail-archives.apache.org/mod_mbox/ctakes-commits/201209.mbox/<20120924220607.344762388C72@eris.apache.org>,chenpei
Mon Sep 24 22:07:40 2012,http://mail-archives.apache.org/mod_mbox/ctakes-commits/201209.mbox/<20120924220607.344762388C72@eris.apache.org>,chenpei
Mon Sep 24 22:07:40 2012,http://mail-archives.apache.org/mod_mbox/ctakes-commits/201209.mbox/<20120924220607.344762388C72@eris.apache.org>,chenpei
Mon Sep 24 22:07:40 2012,http://mail-archives.apache.org/mod_mbox/ctakes-commits/201209.mbox/<20120924220607.344762388C72@eris.apache.org>,chenpei
Mon Sep 24 22:07:40 2012,http://mail-archives.apache.org/mod_mbox/ctakes-commits/201209.mbox/<20120924220607.344762388C72@eris.apache.org>,chenpei
Mon Sep 24 22:07:40 2012,http://mail-archives.apache.org/mod_mbox/ctakes-commits/201209.mbox/<20120924220607.344762388C72@eris.apache.org>,chenpei
Mon Sep 24 22:07:40 2012,http://mail-archives.apache.org/mod_mbox/ctakes-commits/201209.mbox/<20120924220607.344762388C72@eris.apache.org>,chenpei
Mon Sep 24 22:07:40 2012,http://mail-archives.apache.org/mod_mbox/ctakes-commits/201209.mbox/<20120924220607.344762388C72@eris.apache.org>,chenpei
Mon Sep 24 22:07:40 2012,http://mail-archives.apache.org/mod_mbox/ctakes-commits/201209.mbox/<20120924220607.344762388C72@eris.apache.org>,chenpei
Mon Sep 24 22:07:40 2012,http://mail-archives.apache.org/mod_mbox/ctakes-commits/201209.mbox/<20120924220607.344762388C72@eris.apache.org>,chenpei
Mon Sep 24 22:07:40 2012,http://mail-archives.apache.org/mod_mbox/ctakes-commits/201209.mbox/<20120924220607.344762388C72@eris.apache.org>,chenpei
Mon Sep 24 22:07:40 2012,http://mail-archives.apache.org/mod_mbox/ctakes-commits/201209.mbox/<20120924220607.344762388C72@eris.apache.org>,chenpei
Mon Sep 24 22:07:40 2012,http://mail-archives.apache.org/mod_mbox/ctakes-commits/201209.mbox/<20120924220607.344762388C72@eris.apache.org>,chenpei
Mon Sep 24 22:07:40 2012,http://mail-archives.apache.org/mod_mbox/ctakes-commits/201209.mbox/<20120924220607.344762388C72@eris.apache.org>,chenpei
Mon Sep 24 22:07:40 2012,http://mail-archives.apache.org/mod_mbox/ctakes-commits/201209.mbox/<20120924220607.344762388C72@eris.apache.org>,chenpei
Mon Sep 24 22:07:40 2012,http://mail-archives.apache.org/mod_mbox/ctakes-commits/201209.mbox/<20120924220607.344762388C72@eris.apache.org>,chenpei
Mon Sep 24 22:07:40 2012,http://mail-archives.apache.org/mod_mbox/ctakes-commits/201209.mbox/<20120924220607.344762388C72@eris.apache.org>,chenpei
Mon Sep 24 22:07:40 2012,http://mail-archives.apache.org/mod_mbox/ctakes-commits/201209.mbox/<20120924220607.344762388C72@eris.apache.org>,chenpei
Mon Sep 24 22:07:40 2012,http://mail-archives.apache.org/mod_mbox/ctakes-commits/201209.mbox/<20120924220607.344762388C72@eris.apache.org>,chenpei
Mon Sep 24 22:07:40 2012,http://mail-archives.apache.org/mod_mbox/ctakes-commits/201209.mbox/<20120924220607.344762388C72@eris.apache.org>,chenpei
Mon Sep 24 22:07:40 2012,http://mail-archives.apache.org/mod_mbox/ctakes-commits/201209.mbox/<20120924220607.344762388C72@eris.apache.org>,chenpei
Mon Sep 24 22:07:40 2012,http://mail-archives.apache.org/mod_mbox/ctakes-commits/201209.mbox/<20120924220607.344762388C72@eris.apache.org>,chenpei
Mon Sep 24 22:07:40 2012,http://mail-archives.apache.org/mod_mbox/ctakes-commits/201209.mbox/<20120924220607.344762388C72@eris.apache.org>,chenpei
Mon Sep 24 22:07:40 2012,http://mail-archives.apache.org/mod_mbox/ctakes-commits/201209.mbox/<20120924220607.344762388C72@eris.apache.org>,chenpei
Mon Sep 24 22:07:40 2012,http://mail-archives.apache.org/mod_mbox/ctakes-commits/201209.mbox/<20120924220607.344762388C72@eris.apache.org>,chenpei
Mon Sep 24 22:07:40 2012,http://mail-archives.apache.org/mod_mbox/ctakes-commits/201209.mbox/<20120924220607.344762388C72@eris.apache.org>,chenpei
Mon Sep 24 22:07:40 2012,http://mail-archives.apache.org/mod_mbox/ctakes-commits/201209.mbox/<20120924220607.344762388C72@eris.apache.org>,chenpei
Mon Sep 24 22:07:40 2012,http://mail-archives.apache.org/mod_mbox/ctakes-commits/201209.mbox/<20120924220607.344762388C72@eris.apache.org>,chenpei
Mon Sep 24 22:07:40 2012,http://mail-archives.apache.org/mod_mbox/ctakes-commits/201209.mbox/<20120924220607.344762388C72@eris.apache.org>,chenpei
Mon Sep 24 22:07:40 2012,http://mail-archives.apache.org/mod_mbox/ctakes-commits/201209.mbox/<20120924220607.344762388C72@eris.apache.org>,chenpei
Mon Sep 24 22:07:40 2012,http://mail-archives.apache.org/mod_mbox/ctakes-commits/201209.mbox/<20120924220607.344762388C72@eris.apache.org>,chenpei
Mon Sep 24 22:07:40 2012,http://mail-archives.apache.org/mod_mbox/ctakes-commits/201209.mbox/<20120924220607.344762388C72@eris.apache.org>,chenpei
Mon Sep 24 22:07:40 2012,http://mail-archives.apache.org/mod_mbox/ctakes-commits/201209.mbox/<20120924220607.344762388C72@eris.apache.org>,chenpei
Mon Sep 24 22:07:40 2012,http://mail-archives.apache.org/mod_mbox/ctakes-commits/201209.mbox/<20120924220607.344762388C72@eris.apache.org>,chenpei
Mon Sep 24 22:07:40 2012,http://mail-archives.apache.org/mod_mbox/ctakes-commits/201209.mbox/<20120924220607.344762388C72@eris.apache.org>,chenpei
Mon Sep 24 22:07:40 2012,http://mail-archives.apache.org/mod_mbox/ctakes-commits/201209.mbox/<20120924220607.344762388C72@eris.apache.org>,chenpei
Mon Sep 24 22:07:40 2012,http://mail-archives.apache.org/mod_mbox/ctakes-commits/201209.mbox/<20120924220607.344762388C72@eris.apache.org>,chenpei
Mon Sep 24 22:07:40 2012,http://mail-archives.apache.org/mod_mbox/ctakes-commits/201209.mbox/<20120924220607.344762388C72@eris.apache.org>,chenpei
Mon Sep 24 22:07:40 2012,http://mail-archives.apache.org/mod_mbox/ctakes-commits/201209.mbox/<20120924220607.344762388C72@eris.apache.org>,chenpei
Mon Sep 24 22:07:40 2012,http://mail-archives.apache.org/mod_mbox/ctakes-commits/201209.mbox/<20120924220607.344762388C72@eris.apache.org>,chenpei
Mon Sep 24 22:07:40 2012,http://mail-archives.apache.org/mod_mbox/ctakes-commits/201209.mbox/<20120924220607.344762388C72@eris.apache.org>,chenpei
Mon Sep 24 22:07:40 2012,http://mail-archives.apache.org/mod_mbox/ctakes-commits/201209.mbox/<20120924220607.344762388C72@eris.apache.org>,chenpei
Mon Sep 24 22:07:40 2012,http://mail-archives.apache.org/mod_mbox/ctakes-commits/201209.mbox/<20120924220607.344762388C72@eris.apache.org>,chenpei
Mon Sep 24 22:07:40 2012,http://mail-archives.apache.org/mod_mbox/ctakes-commits/201209.mbox/<20120924220607.344762388C72@eris.apache.org>,chenpei
Mon Sep 24 22:07:40 2012,http://mail-archives.apache.org/mod_mbox/ctakes-commits/201209.mbox/<20120924220607.344762388C72@eris.apache.org>,chenpei
Mon Sep 24 22:07:40 2012,http://mail-archives.apache.org/mod_mbox/ctakes-commits/201209.mbox/<20120924220607.344762388C72@eris.apache.org>,chenpei
Mon Sep 24 22:07:40 2012,http://mail-archives.apache.org/mod_mbox/ctakes-commits/201209.mbox/<20120924220607.344762388C72@eris.apache.org>,chenpei
Mon Sep 24 22:07:40 2012,http://mail-archives.apache.org/mod_mbox/ctakes-commits/201209.mbox/<20120924220607.344762388C72@eris.apache.org>,chenpei
Mon Sep 24 22:07:40 2012,http://mail-archives.apache.org/mod_mbox/ctakes-commits/201209.mbox/<20120924220607.344762388C72@eris.apache.org>,chenpei
Mon Sep 24 22:07:40 2012,http://mail-archives.apache.org/mod_mbox/ctakes-commits/201209.mbox/<20120924220607.344762388C72@eris.apache.org>,chenpei
Mon Sep 24 22:07:40 2012,http://mail-archives.apache.org/mod_mbox/ctakes-commits/201209.mbox/<20120924220607.344762388C72@eris.apache.org>,chenpei
Mon Sep 24 22:07:40 2012,http://mail-archives.apache.org/mod_mbox/ctakes-commits/201209.mbox/<20120924220607.344762388C72@eris.apache.org>,chenpei
Mon Sep 24 22:07:40 2012,http://mail-archives.apache.org/mod_mbox/ctakes-commits/201209.mbox/<20120924220607.344762388C72@eris.apache.org>,chenpei
Mon Sep 24 22:07:40 2012,http://mail-archives.apache.org/mod_mbox/ctakes-commits/201209.mbox/<20120924220607.344762388C72@eris.apache.org>,chenpei
Mon Sep 24 22:07:40 2012,http://mail-archives.apache.org/mod_mbox/ctakes-commits/201209.mbox/<20120924220607.344762388C72@eris.apache.org>,chenpei
Mon Sep 24 22:07:40 2012,http://mail-archives.apache.org/mod_mbox/ctakes-commits/201209.mbox/<20120924220607.344762388C72@eris.apache.org>,chenpei
Mon Sep 24 22:07:40 2012,http://mail-archives.apache.org/mod_mbox/ctakes-commits/201209.mbox/<20120924220607.344762388C72@eris.apache.org>,chenpei
Mon Sep 24 22:07:40 2012,http://mail-archives.apache.org/mod_mbox/ctakes-commits/201209.mbox/<20120924220607.344762388C72@eris.apache.org>,chenpei
Mon Sep 24 22:07:40 2012,http://mail-archives.apache.org/mod_mbox/ctakes-commits/201209.mbox/<20120924220607.344762388C72@eris.apache.org>,chenpei
Mon Sep 24 22:07:40 2012,http://mail-archives.apache.org/mod_mbox/ctakes-commits/201209.mbox/<20120924220607.344762388C72@eris.apache.org>,chenpei
Mon Sep 24 22:07:40 2012,http://mail-archives.apache.org/mod_mbox/ctakes-commits/201209.mbox/<20120924220607.344762388C72@eris.apache.org>,chenpei
Mon Sep 24 22:07:40 2012,http://mail-archives.apache.org/mod_mbox/ctakes-commits/201209.mbox/<20120924220607.344762388C72@eris.apache.org>,chenpei
Mon Sep 24 22:07:40 2012,http://mail-archives.apache.org/mod_mbox/ctakes-commits/201209.mbox/<20120924220607.344762388C72@eris.apache.org>,chenpei
Mon Sep 24 22:07:40 2012,http://mail-archives.apache.org/mod_mbox/ctakes-commits/201209.mbox/<20120924220607.344762388C72@eris.apache.org>,chenpei
Mon Sep 24 22:07:40 2012,http://mail-archives.apache.org/mod_mbox/ctakes-commits/201209.mbox/<20120924220607.344762388C72@eris.apache.org>,chenpei
Mon Sep 24 22:07:40 2012,http://mail-archives.apache.org/mod_mbox/ctakes-commits/201209.mbox/<20120924220607.344762388C72@eris.apache.org>,chenpei
Mon Sep 24 22:07:40 2012,http://mail-archives.apache.org/mod_mbox/ctakes-commits/201209.mbox/<20120924220607.344762388C72@eris.apache.org>,chenpei
Mon Sep 24 22:07:40 2012,http://mail-archives.apache.org/mod_mbox/ctakes-commits/201209.mbox/<20120924220607.344762388C72@eris.apache.org>,chenpei
Mon Sep 24 22:07:40 2012,http://mail-archives.apache.org/mod_mbox/ctakes-commits/201209.mbox/<20120924220607.344762388C72@eris.apache.org>,chenpei
Mon Sep 24 22:07:40 2012,http://mail-archives.apache.org/mod_mbox/ctakes-commits/201209.mbox/<20120924220607.344762388C72@eris.apache.org>,chenpei
Mon Sep 24 22:07:40 2012,http://mail-archives.apache.org/mod_mbox/ctakes-commits/201209.mbox/<20120924220607.344762388C72@eris.apache.org>,chenpei
Mon Sep 24 22:07:40 2012,http://mail-archives.apache.org/mod_mbox/ctakes-commits/201209.mbox/<20120924220607.344762388C72@eris.apache.org>,chenpei
Mon Sep 24 22:07:40 2012,http://mail-archives.apache.org/mod_mbox/ctakes-commits/201209.mbox/<20120924220607.344762388C72@eris.apache.org>,chenpei
Mon Sep 24 22:07:40 2012,http://mail-archives.apache.org/mod_mbox/ctakes-commits/201209.mbox/<20120924220607.344762388C72@eris.apache.org>,chenpei
Mon Sep 24 22:07:40 2012,http://mail-archives.apache.org/mod_mbox/ctakes-commits/201209.mbox/<20120924220607.344762388C72@eris.apache.org>,chenpei
Mon Sep 24 22:07:40 2012,http://mail-archives.apache.org/mod_mbox/ctakes-commits/201209.mbox/<20120924220607.344762388C72@eris.apache.org>,chenpei
Mon Sep 24 22:07:40 2012,http://mail-archives.apache.org/mod_mbox/ctakes-commits/201209.mbox/<20120924220607.344762388C72@eris.apache.org>,chenpei
Mon Sep 24 22:07:40 2012,http://mail-archives.apache.org/mod_mbox/ctakes-commits/201209.mbox/<20120924220607.344762388C72@eris.apache.org>,chenpei
Mon Sep 24 22:07:40 2012,http://mail-archives.apache.org/mod_mbox/ctakes-commits/201209.mbox/<20120924220607.344762388C72@eris.apache.org>,chenpei
Mon Sep 24 22:07:40 2012,http://mail-archives.apache.org/mod_mbox/ctakes-commits/201209.mbox/<20120924220607.344762388C72@eris.apache.org>,chenpei
Mon Sep 24 22:07:40 2012,http://mail-archives.apache.org/mod_mbox/ctakes-commits/201209.mbox/<20120924220607.344762388C72@eris.apache.org>,chenpei
Mon Sep 24 22:07:40 2012,http://mail-archives.apache.org/mod_mbox/ctakes-commits/201209.mbox/<20120924220607.344762388C72@eris.apache.org>,chenpei
Mon Sep 24 22:07:40 2012,http://mail-archives.apache.org/mod_mbox/ctakes-commits/201209.mbox/<20120924220607.344762388C72@eris.apache.org>,chenpei
Mon Sep 24 22:07:40 2012,http://mail-archives.apache.org/mod_mbox/ctakes-commits/201209.mbox/<20120924220607.344762388C72@eris.apache.org>,chenpei
Mon Sep 24 22:07:40 2012,http://mail-archives.apache.org/mod_mbox/ctakes-commits/201209.mbox/<20120924220607.344762388C72@eris.apache.org>,chenpei
Mon Sep 24 22:07:40 2012,http://mail-archives.apache.org/mod_mbox/ctakes-commits/201209.mbox/<20120924220607.344762388C72@eris.apache.org>,chenpei
Mon Sep 24 22:07:40 2012,http://mail-archives.apache.org/mod_mbox/ctakes-commits/201209.mbox/<20120924220607.344762388C72@eris.apache.org>,chenpei
Mon Sep 24 22:07:40 2012,http://mail-archives.apache.org/mod_mbox/ctakes-commits/201209.mbox/<20120924220607.344762388C72@eris.apache.org>,chenpei
Mon Sep 24 22:07:40 2012,http://mail-archives.apache.org/mod_mbox/ctakes-commits/201209.mbox/<20120924220607.344762388C72@eris.apache.org>,chenpei
Mon Sep 24 22:07:40 2012,http://mail-archives.apache.org/mod_mbox/ctakes-commits/201209.mbox/<20120924220607.344762388C72@eris.apache.org>,chenpei
Mon Sep 24 22:07:40 2012,http://mail-archives.apache.org/mod_mbox/ctakes-commits/201209.mbox/<20120924220607.344762388C72@eris.apache.org>,chenpei
Mon Sep 24 22:07:40 2012,http://mail-archives.apache.org/mod_mbox/ctakes-commits/201209.mbox/<20120924220607.344762388C72@eris.apache.org>,chenpei
Mon Sep 24 22:07:40 2012,http://mail-archives.apache.org/mod_mbox/ctakes-commits/201209.mbox/<20120924220607.344762388C72@eris.apache.org>,chenpei
Mon Sep 24 22:07:40 2012,http://mail-archives.apache.org/mod_mbox/ctakes-commits/201209.mbox/<20120924220607.344762388C72@eris.apache.org>,chenpei
Mon Sep 24 22:07:40 2012,http://mail-archives.apache.org/mod_mbox/ctakes-commits/201209.mbox/<20120924220607.344762388C72@eris.apache.org>,chenpei
Mon Sep 24 22:07:40 2012,http://mail-archives.apache.org/mod_mbox/ctakes-commits/201209.mbox/<20120924220607.344762388C72@eris.apache.org>,chenpei
Mon Sep 24 22:07:40 2012,http://mail-archives.apache.org/mod_mbox/ctakes-commits/201209.mbox/<20120924220607.344762388C72@eris.apache.org>,chenpei
Mon Sep 24 22:07:40 2012,http://mail-archives.apache.org/mod_mbox/ctakes-commits/201209.mbox/<20120924220607.344762388C72@eris.apache.org>,chenpei
Mon Sep 24 22:07:40 2012,http://mail-archives.apache.org/mod_mbox/ctakes-commits/201209.mbox/<20120924220607.344762388C72@eris.apache.org>,chenpei
Mon Sep 24 22:07:40 2012,http://mail-archives.apache.org/mod_mbox/ctakes-commits/201209.mbox/<20120924220607.344762388C72@eris.apache.org>,chenpei
Mon Sep 24 22:07:40 2012,http://mail-archives.apache.org/mod_mbox/ctakes-commits/201209.mbox/<20120924220607.344762388C72@eris.apache.org>,chenpei
Mon Sep 24 22:07:40 2012,http://mail-archives.apache.org/mod_mbox/ctakes-commits/201209.mbox/<20120924220607.344762388C72@eris.apache.org>,chenpei
Mon Sep 24 22:07:40 2012,http://mail-archives.apache.org/mod_mbox/ctakes-commits/201209.mbox/<20120924220607.344762388C72@eris.apache.org>,chenpei
Mon Sep 24 22:07:40 2012,http://mail-archives.apache.org/mod_mbox/ctakes-commits/201209.mbox/<20120924220607.344762388C72@eris.apache.org>,chenpei
Mon Sep 24 22:07:40 2012,http://mail-archives.apache.org/mod_mbox/ctakes-commits/201209.mbox/<20120924220607.344762388C72@eris.apache.org>,chenpei
Mon Sep 24 22:07:40 2012,http://mail-archives.apache.org/mod_mbox/ctakes-commits/201209.mbox/<20120924220607.344762388C72@eris.apache.org>,chenpei
Mon Sep 24 22:07:40 2012,http://mail-archives.apache.org/mod_mbox/ctakes-commits/201209.mbox/<20120924220607.344762388C72@eris.apache.org>,chenpei
Mon Sep 24 22:07:40 2012,http://mail-archives.apache.org/mod_mbox/ctakes-commits/201209.mbox/<20120924220607.344762388C72@eris.apache.org>,chenpei
Mon Sep 24 22:07:40 2012,http://mail-archives.apache.org/mod_mbox/ctakes-commits/201209.mbox/<20120924220607.344762388C72@eris.apache.org>,chenpei
Mon Sep 24 22:07:40 2012,http://mail-archives.apache.org/mod_mbox/ctakes-commits/201209.mbox/<20120924220607.344762388C72@eris.apache.org>,chenpei
Mon Sep 24 22:07:40 2012,http://mail-archives.apache.org/mod_mbox/ctakes-commits/201209.mbox/<20120924220607.344762388C72@eris.apache.org>,chenpei
Mon Sep 24 22:07:40 2012,http://mail-archives.apache.org/mod_mbox/ctakes-commits/201209.mbox/<20120924220607.344762388C72@eris.apache.org>,chenpei
Mon Sep 24 22:07:40 2012,http://mail-archives.apache.org/mod_mbox/ctakes-commits/201209.mbox/<20120924220607.344762388C72@eris.apache.org>,chenpei
Mon Sep 24 22:07:40 2012,http://mail-archives.apache.org/mod_mbox/ctakes-commits/201209.mbox/<20120924220607.344762388C72@eris.apache.org>,chenpei
Mon Sep 24 22:07:40 2012,http://mail-archives.apache.org/mod_mbox/ctakes-commits/201209.mbox/<20120924220607.344762388C72@eris.apache.org>,chenpei
Mon Sep 24 22:07:40 2012,http://mail-archives.apache.org/mod_mbox/ctakes-commits/201209.mbox/<20120924220607.344762388C72@eris.apache.org>,chenpei
Mon Sep 24 22:07:40 2012,http://mail-archives.apache.org/mod_mbox/ctakes-commits/201209.mbox/<20120924220607.344762388C72@eris.apache.org>,chenpei
Mon Sep 24 22:07:40 2012,http://mail-archives.apache.org/mod_mbox/ctakes-commits/201209.mbox/<20120924220607.344762388C72@eris.apache.org>,chenpei
Mon Sep 24 22:07:40 2012,http://mail-archives.apache.org/mod_mbox/ctakes-commits/201209.mbox/<20120924220607.344762388C72@eris.apache.org>,chenpei
Mon Sep 24 22:07:40 2012,http://mail-archives.apache.org/mod_mbox/ctakes-commits/201209.mbox/<20120924220607.344762388C72@eris.apache.org>,chenpei
Mon Sep 24 22:07:40 2012,http://mail-archives.apache.org/mod_mbox/ctakes-commits/201209.mbox/<20120924220607.344762388C72@eris.apache.org>,chenpei
Mon Sep 24 22:07:40 2012,http://mail-archives.apache.org/mod_mbox/ctakes-commits/201209.mbox/<20120924220607.344762388C72@eris.apache.org>,chenpei
Mon Sep 24 22:07:40 2012,http://mail-archives.apache.org/mod_mbox/ctakes-commits/201209.mbox/<20120924220607.344762388C72@eris.apache.org>,chenpei
Mon Sep 24 22:07:40 2012,http://mail-archives.apache.org/mod_mbox/ctakes-commits/201209.mbox/<20120924220607.344762388C72@eris.apache.org>,chenpei
Mon Sep 24 22:07:40 2012,http://mail-archives.apache.org/mod_mbox/ctakes-commits/201209.mbox/<20120924220607.344762388C72@eris.apache.org>,chenpei
Mon Sep 24 22:07:40 2012,http://mail-archives.apache.org/mod_mbox/ctakes-commits/201209.mbox/<20120924220607.344762388C72@eris.apache.org>,chenpei
Mon Sep 24 22:07:40 2012,http://mail-archives.apache.org/mod_mbox/ctakes-commits/201209.mbox/<20120924220607.344762388C72@eris.apache.org>,chenpei
Mon Sep 24 22:07:40 2012,http://mail-archives.apache.org/mod_mbox/ctakes-commits/201209.mbox/<20120924220607.344762388C72@eris.apache.org>,chenpei
Mon Sep 24 22:07:40 2012,http://mail-archives.apache.org/mod_mbox/ctakes-commits/201209.mbox/<20120924220607.344762388C72@eris.apache.org>,chenpei
Mon Sep 24 22:07:40 2012,http://mail-archives.apache.org/mod_mbox/ctakes-commits/201209.mbox/<20120924220607.344762388C72@eris.apache.org>,chenpei
Mon Sep 24 22:07:40 2012,http://mail-archives.apache.org/mod_mbox/ctakes-commits/201209.mbox/<20120924220607.344762388C72@eris.apache.org>,chenpei
Mon Sep 24 22:07:40 2012,http://mail-archives.apache.org/mod_mbox/ctakes-commits/201209.mbox/<20120924220607.1BFC72388C6A@eris.apache.org>,chenpei
Mon Sep 24 22:07:40 2012,http://mail-archives.apache.org/mod_mbox/ctakes-commits/201209.mbox/<20120924220607.1BFC72388C6A@eris.apache.org>,chenpei
Mon Sep 24 22:07:40 2012,http://mail-archives.apache.org/mod_mbox/ctakes-commits/201209.mbox/<20120924220607.1BFC72388C6A@eris.apache.org>,chenpei
Mon Sep 24 22:07:40 2012,http://mail-archives.apache.org/mod_mbox/ctakes-commits/201209.mbox/<20120924220607.1BFC72388C6A@eris.apache.org>,chenpei
Mon Sep 24 22:07:40 2012,http://mail-archives.apache.org/mod_mbox/ctakes-commits/201209.mbox/<20120924220607.1BFC72388C6A@eris.apache.org>,chenpei
Mon Sep 24 22:07:40 2012,http://mail-archives.apache.org/mod_mbox/ctakes-commits/201209.mbox/<20120924220607.1BFC72388C6A@eris.apache.org>,chenpei
Mon Sep 24 22:07:40 2012,http://mail-archives.apache.org/mod_mbox/ctakes-commits/201209.mbox/<20120924220607.1BFC72388C6A@eris.apache.org>,chenpei
Mon Sep 24 22:07:40 2012,http://mail-archives.apache.org/mod_mbox/ctakes-commits/201209.mbox/<20120924220607.1BFC72388C6A@eris.apache.org>,chenpei
Mon Sep 24 22:07:40 2012,http://mail-archives.apache.org/mod_mbox/ctakes-commits/201209.mbox/<20120924220607.1BFC72388C6A@eris.apache.org>,chenpei
Mon Sep 24 22:07:40 2012,http://mail-archives.apache.org/mod_mbox/ctakes-commits/201209.mbox/<20120924220607.1BFC72388C6A@eris.apache.org>,chenpei
Mon Sep 24 22:07:40 2012,http://mail-archives.apache.org/mod_mbox/ctakes-commits/201209.mbox/<20120924220607.1BFC72388C6A@eris.apache.org>,chenpei
Mon Sep 24 22:07:40 2012,http://mail-archives.apache.org/mod_mbox/ctakes-commits/201209.mbox/<20120924220607.1BFC72388C6A@eris.apache.org>,chenpei
Mon Sep 24 22:07:40 2012,http://mail-archives.apache.org/mod_mbox/ctakes-commits/201209.mbox/<20120924220607.1BFC72388C6A@eris.apache.org>,chenpei
Mon Sep 24 22:07:40 2012,http://mail-archives.apache.org/mod_mbox/ctakes-commits/201209.mbox/<20120924220607.1BFC72388C6A@eris.apache.org>,chenpei
Mon Sep 24 22:07:40 2012,http://mail-archives.apache.org/mod_mbox/ctakes-commits/201209.mbox/<20120924220607.1BFC72388C6A@eris.apache.org>,chenpei
Mon Sep 24 22:07:40 2012,http://mail-archives.apache.org/mod_mbox/ctakes-commits/201209.mbox/<20120924220607.1BFC72388C6A@eris.apache.org>,chenpei
Mon Sep 24 22:07:40 2012,http://mail-archives.apache.org/mod_mbox/ctakes-commits/201209.mbox/<20120924220607.1BFC72388C6A@eris.apache.org>,chenpei
Mon Sep 24 22:07:40 2012,http://mail-archives.apache.org/mod_mbox/ctakes-commits/201209.mbox/<20120924220607.1BFC72388C6A@eris.apache.org>,chenpei
Mon Sep 24 22:07:40 2012,http://mail-archives.apache.org/mod_mbox/ctakes-commits/201209.mbox/<20120924220607.1BFC72388C6A@eris.apache.org>,chenpei
Mon Sep 24 22:07:40 2012,http://mail-archives.apache.org/mod_mbox/ctakes-commits/201209.mbox/<20120924220607.1BFC72388C6A@eris.apache.org>,chenpei
Mon Sep 24 22:07:40 2012,http://mail-archives.apache.org/mod_mbox/ctakes-commits/201209.mbox/<20120924220607.1BFC72388C6A@eris.apache.org>,chenpei
Mon Sep 24 22:07:40 2012,http://mail-archives.apache.org/mod_mbox/ctakes-commits/201209.mbox/<20120924220607.1BFC72388C6A@eris.apache.org>,chenpei
Mon Sep 24 22:07:40 2012,http://mail-archives.apache.org/mod_mbox/ctakes-commits/201209.mbox/<20120924220607.1BFC72388C6A@eris.apache.org>,chenpei
Mon Sep 24 22:07:40 2012,http://mail-archives.apache.org/mod_mbox/ctakes-commits/201209.mbox/<20120924220607.1BFC72388C6A@eris.apache.org>,chenpei
Mon Sep 24 22:07:40 2012,http://mail-archives.apache.org/mod_mbox/ctakes-commits/201209.mbox/<20120924220607.1BFC72388C6A@eris.apache.org>,chenpei
Mon Sep 24 22:07:40 2012,http://mail-archives.apache.org/mod_mbox/ctakes-commits/201209.mbox/<20120924220607.1BFC72388C6A@eris.apache.org>,chenpei
Mon Sep 24 22:07:40 2012,http://mail-archives.apache.org/mod_mbox/ctakes-commits/201209.mbox/<20120924220607.1BFC72388C6A@eris.apache.org>,chenpei
Mon Sep 24 22:07:40 2012,http://mail-archives.apache.org/mod_mbox/ctakes-commits/201209.mbox/<20120924220607.1BFC72388C6A@eris.apache.org>,chenpei
Mon Sep 24 22:07:40 2012,http://mail-archives.apache.org/mod_mbox/ctakes-commits/201209.mbox/<20120924220607.1BFC72388C6A@eris.apache.org>,chenpei
Mon Sep 24 22:07:40 2012,http://mail-archives.apache.org/mod_mbox/ctakes-commits/201209.mbox/<20120924220607.1BFC72388C6A@eris.apache.org>,chenpei
Mon Sep 24 22:07:40 2012,http://mail-archives.apache.org/mod_mbox/ctakes-commits/201209.mbox/<20120924220607.1BFC72388C6A@eris.apache.org>,chenpei
Mon Sep 24 22:07:40 2012,http://mail-archives.apache.org/mod_mbox/ctakes-commits/201209.mbox/<20120924220607.1BFC72388C6A@eris.apache.org>,chenpei
Mon Sep 24 22:07:40 2012,http://mail-archives.apache.org/mod_mbox/ctakes-commits/201209.mbox/<20120924220607.1BFC72388C6A@eris.apache.org>,chenpei
Mon Sep 24 22:07:40 2012,http://mail-archives.apache.org/mod_mbox/ctakes-commits/201209.mbox/<20120924220607.1BFC72388C6A@eris.apache.org>,chenpei
Mon Sep 24 22:07:40 2012,http://mail-archives.apache.org/mod_mbox/ctakes-commits/201209.mbox/<20120924220607.1BFC72388C6A@eris.apache.org>,chenpei
Mon Sep 24 22:07:40 2012,http://mail-archives.apache.org/mod_mbox/ctakes-commits/201209.mbox/<20120924220607.1BFC72388C6A@eris.apache.org>,chenpei
Mon Sep 24 22:07:40 2012,http://mail-archives.apache.org/mod_mbox/ctakes-commits/201209.mbox/<20120924220607.1BFC72388C6A@eris.apache.org>,chenpei
Mon Sep 24 22:07:40 2012,http://mail-archives.apache.org/mod_mbox/ctakes-commits/201209.mbox/<20120924220607.1BFC72388C6A@eris.apache.org>,chenpei
Mon Sep 24 22:07:40 2012,http://mail-archives.apache.org/mod_mbox/ctakes-commits/201209.mbox/<20120924220607.1BFC72388C6A@eris.apache.org>,chenpei
Mon Sep 24 22:07:40 2012,http://mail-archives.apache.org/mod_mbox/ctakes-commits/201209.mbox/<20120924220607.1BFC72388C6A@eris.apache.org>,chenpei
Mon Sep 24 22:07:40 2012,http://mail-archives.apache.org/mod_mbox/ctakes-commits/201209.mbox/<20120924220607.1BFC72388C6A@eris.apache.org>,chenpei
Mon Sep 24 22:07:40 2012,http://mail-archives.apache.org/mod_mbox/ctakes-commits/201209.mbox/<20120924220607.1BFC72388C6A@eris.apache.org>,chenpei
Mon Sep 24 22:07:40 2012,http://mail-archives.apache.org/mod_mbox/ctakes-commits/201209.mbox/<20120924220607.1BFC72388C6A@eris.apache.org>,chenpei
Mon Sep 24 22:07:40 2012,http://mail-archives.apache.org/mod_mbox/ctakes-commits/201209.mbox/<20120924220607.1BFC72388C6A@eris.apache.org>,chenpei
Mon Sep 24 22:07:40 2012,http://mail-archives.apache.org/mod_mbox/ctakes-commits/201209.mbox/<20120924220607.1BFC72388C6A@eris.apache.org>,chenpei
Mon Sep 24 22:07:40 2012,http://mail-archives.apache.org/mod_mbox/ctakes-commits/201209.mbox/<20120924220607.1BFC72388C6A@eris.apache.org>,chenpei
Mon Sep 24 22:07:40 2012,http://mail-archives.apache.org/mod_mbox/ctakes-commits/201209.mbox/<20120924220607.1BFC72388C6A@eris.apache.org>,chenpei
Mon Sep 24 22:07:40 2012,http://mail-archives.apache.org/mod_mbox/ctakes-commits/201209.mbox/<20120924220607.1BFC72388C6A@eris.apache.org>,chenpei
Mon Sep 24 22:07:40 2012,http://mail-archives.apache.org/mod_mbox/ctakes-commits/201209.mbox/<20120924220607.1BFC72388C6A@eris.apache.org>,chenpei
Mon Sep 24 22:07:40 2012,http://mail-archives.apache.org/mod_mbox/ctakes-commits/201209.mbox/<20120924220607.1BFC72388C6A@eris.apache.org>,chenpei
Mon Sep 24 22:07:40 2012,http://mail-archives.apache.org/mod_mbox/ctakes-commits/201209.mbox/<20120924220607.1BFC72388C6A@eris.apache.org>,chenpei
Mon Sep 24 22:07:40 2012,http://mail-archives.apache.org/mod_mbox/ctakes-commits/201209.mbox/<20120924220607.1BFC72388C6A@eris.apache.org>,chenpei
Mon Sep 24 22:07:40 2012,http://mail-archives.apache.org/mod_mbox/ctakes-commits/201209.mbox/<20120924220607.1BFC72388C6A@eris.apache.org>,chenpei
Mon Sep 24 22:07:40 2012,http://mail-archives.apache.org/mod_mbox/ctakes-commits/201209.mbox/<20120924220607.1BFC72388C6A@eris.apache.org>,chenpei
Mon Sep 24 22:07:40 2012,http://mail-archives.apache.org/mod_mbox/ctakes-commits/201209.mbox/<20120924220607.1BFC72388C6A@eris.apache.org>,chenpei
Mon Sep 24 22:07:40 2012,http://mail-archives.apache.org/mod_mbox/ctakes-commits/201209.mbox/<20120924220607.1BFC72388C6A@eris.apache.org>,chenpei
Mon Sep 24 22:07:40 2012,http://mail-archives.apache.org/mod_mbox/ctakes-commits/201209.mbox/<20120924220607.1BFC72388C6A@eris.apache.org>,chenpei
Mon Sep 24 22:07:40 2012,http://mail-archives.apache.org/mod_mbox/ctakes-commits/201209.mbox/<20120924220607.1BFC72388C6A@eris.apache.org>,chenpei
Mon Sep 24 22:07:40 2012,http://mail-archives.apache.org/mod_mbox/ctakes-commits/201209.mbox/<20120924220607.1BFC72388C6A@eris.apache.org>,chenpei
Mon Sep 24 22:07:40 2012,http://mail-archives.apache.org/mod_mbox/ctakes-commits/201209.mbox/<20120924220607.1BFC72388C6A@eris.apache.org>,chenpei
Mon Sep 24 22:07:40 2012,http://mail-archives.apache.org/mod_mbox/ctakes-commits/201209.mbox/<20120924220607.1BFC72388C6A@eris.apache.org>,chenpei
Mon Sep 24 22:07:40 2012,http://mail-archives.apache.org/mod_mbox/ctakes-commits/201209.mbox/<20120924220607.1BFC72388C6A@eris.apache.org>,chenpei
Mon Sep 24 22:07:40 2012,http://mail-archives.apache.org/mod_mbox/ctakes-commits/201209.mbox/<20120924220607.1BFC72388C6A@eris.apache.org>,chenpei
Mon Sep 24 22:07:40 2012,http://mail-archives.apache.org/mod_mbox/ctakes-commits/201209.mbox/<20120924220607.1BFC72388C6A@eris.apache.org>,chenpei
Mon Sep 24 22:07:40 2012,http://mail-archives.apache.org/mod_mbox/ctakes-commits/201209.mbox/<20120924220607.1BFC72388C6A@eris.apache.org>,chenpei
Mon Sep 24 22:07:40 2012,http://mail-archives.apache.org/mod_mbox/ctakes-commits/201209.mbox/<20120924220607.1BFC72388C6A@eris.apache.org>,chenpei
Mon Sep 24 22:07:40 2012,http://mail-archives.apache.org/mod_mbox/ctakes-commits/201209.mbox/<20120924220607.1BFC72388C6A@eris.apache.org>,chenpei
Mon Sep 24 22:07:40 2012,http://mail-archives.apache.org/mod_mbox/ctakes-commits/201209.mbox/<20120924220607.1BFC72388C6A@eris.apache.org>,chenpei
Mon Sep 24 22:07:40 2012,http://mail-archives.apache.org/mod_mbox/ctakes-commits/201209.mbox/<20120924220607.1BFC72388C6A@eris.apache.org>,chenpei
Mon Sep 24 22:07:40 2012,http://mail-archives.apache.org/mod_mbox/ctakes-commits/201209.mbox/<20120924220607.1BFC72388C6A@eris.apache.org>,chenpei
Mon Sep 24 22:07:40 2012,http://mail-archives.apache.org/mod_mbox/ctakes-commits/201209.mbox/<20120924220607.1BFC72388C6A@eris.apache.org>,chenpei
Mon Sep 24 22:07:40 2012,http://mail-archives.apache.org/mod_mbox/ctakes-commits/201209.mbox/<20120924220607.1BFC72388C6A@eris.apache.org>,chenpei
Mon Sep 24 22:07:40 2012,http://mail-archives.apache.org/mod_mbox/ctakes-commits/201209.mbox/<20120924220607.1BFC72388C6A@eris.apache.org>,chenpei
Mon Sep 24 22:07:40 2012,http://mail-archives.apache.org/mod_mbox/ctakes-commits/201209.mbox/<20120924220607.1BFC72388C6A@eris.apache.org>,chenpei
Mon Sep 24 22:07:40 2012,http://mail-archives.apache.org/mod_mbox/ctakes-commits/201209.mbox/<20120924220607.1BFC72388C6A@eris.apache.org>,chenpei
Mon Sep 24 22:07:40 2012,http://mail-archives.apache.org/mod_mbox/ctakes-commits/201209.mbox/<20120924220607.1BFC72388C6A@eris.apache.org>,chenpei
Mon Sep 24 22:07:40 2012,http://mail-archives.apache.org/mod_mbox/ctakes-commits/201209.mbox/<20120924220607.1BFC72388C6A@eris.apache.org>,chenpei
Mon Sep 24 22:07:40 2012,http://mail-archives.apache.org/mod_mbox/ctakes-commits/201209.mbox/<20120924220607.1BFC72388C6A@eris.apache.org>,chenpei
Mon Sep 24 22:07:40 2012,http://mail-archives.apache.org/mod_mbox/ctakes-commits/201209.mbox/<20120924220607.1BFC72388C6A@eris.apache.org>,chenpei
Mon Sep 24 22:07:40 2012,http://mail-archives.apache.org/mod_mbox/ctakes-commits/201209.mbox/<20120924220607.1BFC72388C6A@eris.apache.org>,chenpei
Mon Sep 24 22:07:40 2012,http://mail-archives.apache.org/mod_mbox/ctakes-commits/201209.mbox/<20120924220607.1BFC72388C6A@eris.apache.org>,chenpei
Mon Sep 24 22:07:40 2012,http://mail-archives.apache.org/mod_mbox/ctakes-commits/201209.mbox/<20120924220607.1BFC72388C6A@eris.apache.org>,chenpei
Mon Sep 24 22:07:40 2012,http://mail-archives.apache.org/mod_mbox/ctakes-commits/201209.mbox/<20120924220607.1BFC72388C6A@eris.apache.org>,chenpei
Mon Sep 24 22:07:40 2012,http://mail-archives.apache.org/mod_mbox/ctakes-commits/201209.mbox/<20120924220607.1BFC72388C6A@eris.apache.org>,chenpei
Mon Sep 24 22:07:40 2012,http://mail-archives.apache.org/mod_mbox/ctakes-commits/201209.mbox/<20120924220607.1BFC72388C6A@eris.apache.org>,chenpei
Mon Sep 24 22:07:40 2012,http://mail-archives.apache.org/mod_mbox/ctakes-commits/201209.mbox/<20120924220607.1BFC72388C6A@eris.apache.org>,chenpei
Mon Sep 24 22:07:40 2012,http://mail-archives.apache.org/mod_mbox/ctakes-commits/201209.mbox/<20120924220607.1BFC72388C6A@eris.apache.org>,chenpei
Mon Sep 24 22:07:40 2012,http://mail-archives.apache.org/mod_mbox/ctakes-commits/201209.mbox/<20120924220607.1BFC72388C6A@eris.apache.org>,chenpei
Mon Sep 24 22:07:40 2012,http://mail-archives.apache.org/mod_mbox/ctakes-commits/201209.mbox/<20120924220607.1BFC72388C6A@eris.apache.org>,chenpei
Mon Sep 24 22:07:40 2012,http://mail-archives.apache.org/mod_mbox/ctakes-commits/201209.mbox/<20120924220607.1BFC72388C6A@eris.apache.org>,chenpei
Mon Sep 24 22:07:40 2012,http://mail-archives.apache.org/mod_mbox/ctakes-commits/201209.mbox/<20120924220607.1BFC72388C6A@eris.apache.org>,chenpei
Mon Sep 24 22:07:40 2012,http://mail-archives.apache.org/mod_mbox/ctakes-commits/201209.mbox/<20120924220607.1BFC72388C6A@eris.apache.org>,chenpei
Mon Sep 24 22:07:40 2012,http://mail-archives.apache.org/mod_mbox/ctakes-commits/201209.mbox/<20120924220607.1BFC72388C6A@eris.apache.org>,chenpei
Mon Sep 24 22:07:40 2012,http://mail-archives.apache.org/mod_mbox/ctakes-commits/201209.mbox/<20120924220607.1BFC72388C6A@eris.apache.org>,chenpei
Mon Sep 24 22:07:40 2012,http://mail-archives.apache.org/mod_mbox/ctakes-commits/201209.mbox/<20120924220607.1BFC72388C6A@eris.apache.org>,chenpei
Mon Sep 24 22:07:40 2012,http://mail-archives.apache.org/mod_mbox/ctakes-commits/201209.mbox/<20120924220607.1BFC72388C6A@eris.apache.org>,chenpei
Mon Sep 24 22:07:40 2012,http://mail-archives.apache.org/mod_mbox/ctakes-commits/201209.mbox/<20120924220607.1BFC72388C6A@eris.apache.org>,chenpei
Mon Sep 24 22:07:40 2012,http://mail-archives.apache.org/mod_mbox/ctakes-commits/201209.mbox/<20120924220607.1BFC72388C6A@eris.apache.org>,chenpei
Mon Sep 24 22:07:40 2012,http://mail-archives.apache.org/mod_mbox/ctakes-commits/201209.mbox/<20120924220607.1BFC72388C6A@eris.apache.org>,chenpei
Mon Sep 24 22:07:40 2012,http://mail-archives.apache.org/mod_mbox/ctakes-commits/201209.mbox/<20120924220607.1BFC72388C6A@eris.apache.org>,chenpei
Mon Sep 24 22:07:40 2012,http://mail-archives.apache.org/mod_mbox/ctakes-commits/201209.mbox/<20120924220607.1BFC72388C6A@eris.apache.org>,chenpei
Mon Sep 24 22:07:40 2012,http://mail-archives.apache.org/mod_mbox/ctakes-commits/201209.mbox/<20120924220607.1BFC72388C6A@eris.apache.org>,chenpei
Mon Sep 24 22:07:40 2012,http://mail-archives.apache.org/mod_mbox/ctakes-commits/201209.mbox/<20120924220607.1BFC72388C6A@eris.apache.org>,chenpei
Mon Sep 24 22:07:40 2012,http://mail-archives.apache.org/mod_mbox/ctakes-commits/201209.mbox/<20120924220607.1BFC72388C6A@eris.apache.org>,chenpei
Mon Sep 24 22:07:40 2012,http://mail-archives.apache.org/mod_mbox/ctakes-commits/201209.mbox/<20120924220607.1BFC72388C6A@eris.apache.org>,chenpei
Mon Sep 24 22:07:40 2012,http://mail-archives.apache.org/mod_mbox/ctakes-commits/201209.mbox/<20120924220607.1BFC72388C6A@eris.apache.org>,chenpei
Mon Sep 24 22:07:40 2012,http://mail-archives.apache.org/mod_mbox/ctakes-commits/201209.mbox/<20120924220607.1BFC72388C6A@eris.apache.org>,chenpei
Mon Sep 24 22:07:40 2012,http://mail-archives.apache.org/mod_mbox/ctakes-commits/201209.mbox/<20120924220607.1BFC72388C6A@eris.apache.org>,chenpei
Mon Sep 24 22:07:40 2012,http://mail-archives.apache.org/mod_mbox/ctakes-commits/201209.mbox/<20120924220607.1BFC72388C6A@eris.apache.org>,chenpei
Mon Sep 24 22:07:40 2012,http://mail-archives.apache.org/mod_mbox/ctakes-commits/201209.mbox/<20120924220607.1BFC72388C6A@eris.apache.org>,chenpei
Mon Sep 24 22:07:40 2012,http://mail-archives.apache.org/mod_mbox/ctakes-commits/201209.mbox/<20120924220607.1BFC72388C6A@eris.apache.org>,chenpei
Mon Sep 24 22:07:40 2012,http://mail-archives.apache.org/mod_mbox/ctakes-commits/201209.mbox/<20120924220607.1BFC72388C6A@eris.apache.org>,chenpei
Mon Sep 24 22:07:40 2012,http://mail-archives.apache.org/mod_mbox/ctakes-commits/201209.mbox/<20120924220607.1BFC72388C6A@eris.apache.org>,chenpei
Mon Sep 24 22:07:40 2012,http://mail-archives.apache.org/mod_mbox/ctakes-commits/201209.mbox/<20120924220607.1BFC72388C6A@eris.apache.org>,chenpei
Mon Sep 24 22:07:40 2012,http://mail-archives.apache.org/mod_mbox/ctakes-commits/201209.mbox/<20120924220607.1BFC72388C6A@eris.apache.org>,chenpei
Mon Sep 24 22:07:40 2012,http://mail-archives.apache.org/mod_mbox/ctakes-commits/201209.mbox/<20120924220607.1BFC72388C6A@eris.apache.org>,chenpei
Mon Sep 24 22:07:40 2012,http://mail-archives.apache.org/mod_mbox/ctakes-commits/201209.mbox/<20120924220607.1BFC72388C6A@eris.apache.org>,chenpei
Mon Sep 24 22:07:40 2012,http://mail-archives.apache.org/mod_mbox/ctakes-commits/201209.mbox/<20120924220607.1BFC72388C6A@eris.apache.org>,chenpei
Mon Sep 24 22:07:40 2012,http://mail-archives.apache.org/mod_mbox/ctakes-commits/201209.mbox/<20120924220607.1BFC72388C6A@eris.apache.org>,chenpei
Mon Sep 24 22:07:40 2012,http://mail-archives.apache.org/mod_mbox/ctakes-commits/201209.mbox/<20120924220607.1BFC72388C6A@eris.apache.org>,chenpei
Mon Sep 24 22:07:40 2012,http://mail-archives.apache.org/mod_mbox/ctakes-commits/201209.mbox/<20120924220607.1BFC72388C6A@eris.apache.org>,chenpei
Mon Sep 24 22:07:40 2012,http://mail-archives.apache.org/mod_mbox/ctakes-commits/201209.mbox/<20120924220607.1BFC72388C6A@eris.apache.org>,chenpei
Mon Sep 24 22:07:40 2012,http://mail-archives.apache.org/mod_mbox/ctakes-commits/201209.mbox/<20120924220607.1BFC72388C6A@eris.apache.org>,chenpei
Mon Sep 24 22:07:40 2012,http://mail-archives.apache.org/mod_mbox/ctakes-commits/201209.mbox/<20120924220607.1BFC72388C6A@eris.apache.org>,chenpei
Mon Sep 24 22:07:40 2012,http://mail-archives.apache.org/mod_mbox/ctakes-commits/201209.mbox/<20120924220607.1BFC72388C6A@eris.apache.org>,chenpei
Mon Sep 24 22:07:40 2012,http://mail-archives.apache.org/mod_mbox/ctakes-commits/201209.mbox/<20120924220607.1BFC72388C6A@eris.apache.org>,chenpei
Mon Sep 24 22:07:40 2012,http://mail-archives.apache.org/mod_mbox/ctakes-commits/201209.mbox/<20120924220607.1BFC72388C6A@eris.apache.org>,chenpei
Mon Sep 24 22:07:40 2012,http://mail-archives.apache.org/mod_mbox/ctakes-commits/201209.mbox/<20120924220607.1BFC72388C6A@eris.apache.org>,chenpei
Mon Sep 24 22:07:40 2012,http://mail-archives.apache.org/mod_mbox/ctakes-commits/201209.mbox/<20120924220607.1BFC72388C6A@eris.apache.org>,chenpei
Mon Sep 24 22:07:40 2012,http://mail-archives.apache.org/mod_mbox/ctakes-commits/201209.mbox/<20120924220607.1BFC72388C6A@eris.apache.org>,chenpei
Mon Sep 24 22:07:40 2012,http://mail-archives.apache.org/mod_mbox/ctakes-commits/201209.mbox/<20120924220607.1BFC72388C6A@eris.apache.org>,chenpei
Mon Sep 24 22:07:40 2012,http://mail-archives.apache.org/mod_mbox/ctakes-commits/201209.mbox/<20120924220607.1BFC72388C6A@eris.apache.org>,chenpei
Mon Sep 24 22:07:40 2012,http://mail-archives.apache.org/mod_mbox/ctakes-commits/201209.mbox/<20120924220607.1BFC72388C6A@eris.apache.org>,chenpei
Mon Sep 24 22:07:40 2012,http://mail-archives.apache.org/mod_mbox/ctakes-commits/201209.mbox/<20120924220607.1BFC72388C6A@eris.apache.org>,chenpei
Mon Sep 24 22:07:40 2012,http://mail-archives.apache.org/mod_mbox/ctakes-commits/201209.mbox/<20120924220607.1BFC72388C6A@eris.apache.org>,chenpei
Mon Sep 24 22:07:40 2012,http://mail-archives.apache.org/mod_mbox/ctakes-commits/201209.mbox/<20120924220607.1BFC72388C6A@eris.apache.org>,chenpei
Mon Sep 24 22:07:40 2012,http://mail-archives.apache.org/mod_mbox/ctakes-commits/201209.mbox/<20120924220607.1BFC72388C6A@eris.apache.org>,chenpei
Mon Sep 24 22:07:40 2012,http://mail-archives.apache.org/mod_mbox/ctakes-commits/201209.mbox/<20120924220607.1BFC72388C6A@eris.apache.org>,chenpei
Mon Sep 24 22:07:40 2012,http://mail-archives.apache.org/mod_mbox/ctakes-commits/201209.mbox/<20120924220607.1BFC72388C6A@eris.apache.org>,chenpei
Mon Sep 24 22:07:40 2012,http://mail-archives.apache.org/mod_mbox/ctakes-commits/201209.mbox/<20120924220607.1BFC72388C6A@eris.apache.org>,chenpei
Mon Sep 24 22:07:40 2012,http://mail-archives.apache.org/mod_mbox/ctakes-commits/201209.mbox/<20120924220607.1BFC72388C6A@eris.apache.org>,chenpei
Mon Sep 24 22:07:40 2012,http://mail-archives.apache.org/mod_mbox/ctakes-commits/201209.mbox/<20120924220607.1BFC72388C6A@eris.apache.org>,chenpei
Mon Sep 24 22:07:40 2012,http://mail-archives.apache.org/mod_mbox/ctakes-commits/201209.mbox/<20120924220607.1BFC72388C6A@eris.apache.org>,chenpei
Mon Sep 24 22:07:40 2012,http://mail-archives.apache.org/mod_mbox/ctakes-commits/201209.mbox/<20120924220607.1BFC72388C6A@eris.apache.org>,chenpei
Mon Sep 24 22:07:40 2012,http://mail-archives.apache.org/mod_mbox/ctakes-commits/201209.mbox/<20120924220607.1BFC72388C6A@eris.apache.org>,chenpei
Mon Sep 24 22:07:40 2012,http://mail-archives.apache.org/mod_mbox/ctakes-commits/201209.mbox/<20120924220607.1BFC72388C6A@eris.apache.org>,chenpei
Mon Sep 24 22:07:40 2012,http://mail-archives.apache.org/mod_mbox/ctakes-commits/201209.mbox/<20120924220607.1BFC72388C6A@eris.apache.org>,chenpei
Mon Sep 24 22:07:40 2012,http://mail-archives.apache.org/mod_mbox/ctakes-commits/201209.mbox/<20120924220607.1BFC72388C6A@eris.apache.org>,chenpei
Mon Sep 24 22:07:40 2012,http://mail-archives.apache.org/mod_mbox/ctakes-commits/201209.mbox/<20120924220607.1BFC72388C6A@eris.apache.org>,chenpei
Mon Sep 24 22:07:40 2012,http://mail-archives.apache.org/mod_mbox/ctakes-commits/201209.mbox/<20120924220607.1BFC72388C6A@eris.apache.org>,chenpei
Mon Sep 24 22:07:40 2012,http://mail-archives.apache.org/mod_mbox/ctakes-commits/201209.mbox/<20120924220607.1BFC72388C6A@eris.apache.org>,chenpei
Mon Sep 24 22:07:40 2012,http://mail-archives.apache.org/mod_mbox/ctakes-commits/201209.mbox/<20120924220607.1BFC72388C6A@eris.apache.org>,chenpei
Mon Sep 24 22:07:40 2012,http://mail-archives.apache.org/mod_mbox/ctakes-commits/201209.mbox/<20120924220607.1BFC72388C6A@eris.apache.org>,chenpei
Mon Sep 24 22:07:40 2012,http://mail-archives.apache.org/mod_mbox/ctakes-commits/201209.mbox/<20120924220607.1BFC72388C6A@eris.apache.org>,chenpei
Mon Sep 24 22:07:40 2012,http://mail-archives.apache.org/mod_mbox/ctakes-commits/201209.mbox/<20120924220607.1BFC72388C6A@eris.apache.org>,chenpei
Mon Sep 24 22:07:40 2012,http://mail-archives.apache.org/mod_mbox/ctakes-commits/201209.mbox/<20120924220607.1BFC72388C6A@eris.apache.org>,chenpei
Mon Sep 24 22:07:40 2012,http://mail-archives.apache.org/mod_mbox/ctakes-commits/201209.mbox/<20120924220607.1BFC72388C6A@eris.apache.org>,chenpei
Mon Sep 24 22:07:40 2012,http://mail-archives.apache.org/mod_mbox/ctakes-commits/201209.mbox/<20120924220607.1BFC72388C6A@eris.apache.org>,chenpei
Mon Sep 24 22:07:40 2012,http://mail-archives.apache.org/mod_mbox/ctakes-commits/201209.mbox/<20120924220607.1BFC72388C6A@eris.apache.org>,chenpei
Mon Sep 24 22:07:40 2012,http://mail-archives.apache.org/mod_mbox/ctakes-commits/201209.mbox/<20120924220607.1BFC72388C6A@eris.apache.org>,chenpei
Mon Sep 24 22:07:40 2012,http://mail-archives.apache.org/mod_mbox/ctakes-commits/201209.mbox/<20120924220607.1BFC72388C6A@eris.apache.org>,chenpei
Mon Sep 24 22:07:40 2012,http://mail-archives.apache.org/mod_mbox/ctakes-commits/201209.mbox/<20120924220607.1BFC72388C6A@eris.apache.org>,chenpei
Mon Sep 24 22:07:40 2012,http://mail-archives.apache.org/mod_mbox/ctakes-commits/201209.mbox/<20120924220607.1BFC72388C6A@eris.apache.org>,chenpei
Mon Sep 24 22:07:40 2012,http://mail-archives.apache.org/mod_mbox/ctakes-commits/201209.mbox/<20120924220607.1BFC72388C6A@eris.apache.org>,chenpei
Mon Sep 24 22:07:40 2012,http://mail-archives.apache.org/mod_mbox/ctakes-commits/201209.mbox/<20120924220607.1BFC72388C6A@eris.apache.org>,chenpei
Mon Sep 24 22:07:40 2012,http://mail-archives.apache.org/mod_mbox/ctakes-commits/201209.mbox/<20120924220607.1BFC72388C6A@eris.apache.org>,chenpei
Mon Sep 24 22:07:40 2012,http://mail-archives.apache.org/mod_mbox/ctakes-commits/201209.mbox/<20120924220607.1BFC72388C6A@eris.apache.org>,chenpei
Mon Sep 24 22:07:40 2012,http://mail-archives.apache.org/mod_mbox/ctakes-commits/201209.mbox/<20120924220607.1BFC72388C6A@eris.apache.org>,chenpei
Mon Sep 24 22:07:40 2012,http://mail-archives.apache.org/mod_mbox/ctakes-commits/201209.mbox/<20120924220607.1BFC72388C6A@eris.apache.org>,chenpei
Mon Sep 24 22:07:40 2012,http://mail-archives.apache.org/mod_mbox/ctakes-commits/201209.mbox/<20120924220607.1BFC72388C6A@eris.apache.org>,chenpei
Mon Sep 24 22:07:40 2012,http://mail-archives.apache.org/mod_mbox/ctakes-commits/201209.mbox/<20120924220607.1BFC72388C6A@eris.apache.org>,chenpei
Mon Sep 24 22:07:40 2012,http://mail-archives.apache.org/mod_mbox/ctakes-commits/201209.mbox/<20120924220607.1BFC72388C6A@eris.apache.org>,chenpei
Mon Sep 24 22:07:40 2012,http://mail-archives.apache.org/mod_mbox/ctakes-commits/201209.mbox/<20120924220607.1BFC72388C6A@eris.apache.org>,chenpei
Mon Sep 24 22:07:40 2012,http://mail-archives.apache.org/mod_mbox/ctakes-commits/201209.mbox/<20120924220607.1BFC72388C6A@eris.apache.org>,chenpei
Mon Sep 24 22:07:40 2012,http://mail-archives.apache.org/mod_mbox/ctakes-commits/201209.mbox/<20120924220607.1BFC72388C6A@eris.apache.org>,chenpei
Mon Sep 24 22:07:40 2012,http://mail-archives.apache.org/mod_mbox/ctakes-commits/201209.mbox/<20120924220607.1BFC72388C6A@eris.apache.org>,chenpei
Mon Sep 24 22:07:40 2012,http://mail-archives.apache.org/mod_mbox/ctakes-commits/201209.mbox/<20120924220607.1BFC72388C6A@eris.apache.org>,chenpei
Mon Sep 24 22:07:40 2012,http://mail-archives.apache.org/mod_mbox/ctakes-commits/201209.mbox/<20120924220607.1BFC72388C6A@eris.apache.org>,chenpei
Mon Sep 24 22:07:40 2012,http://mail-archives.apache.org/mod_mbox/ctakes-commits/201209.mbox/<20120924220607.1BFC72388C6A@eris.apache.org>,chenpei
Mon Sep 24 22:07:40 2012,http://mail-archives.apache.org/mod_mbox/ctakes-commits/201209.mbox/<20120924220607.1BFC72388C6A@eris.apache.org>,chenpei
Mon Sep 24 22:07:40 2012,http://mail-archives.apache.org/mod_mbox/ctakes-commits/201209.mbox/<20120924220607.1BFC72388C6A@eris.apache.org>,chenpei
Mon Sep 24 22:07:40 2012,http://mail-archives.apache.org/mod_mbox/ctakes-commits/201209.mbox/<20120924220607.1BFC72388C6A@eris.apache.org>,chenpei
Mon Sep 24 22:07:40 2012,http://mail-archives.apache.org/mod_mbox/ctakes-commits/201209.mbox/<20120924220607.1BFC72388C6A@eris.apache.org>,chenpei
Mon Sep 24 22:07:40 2012,http://mail-archives.apache.org/mod_mbox/ctakes-commits/201209.mbox/<20120924220607.1BFC72388C6A@eris.apache.org>,chenpei
Mon Sep 24 22:07:40 2012,http://mail-archives.apache.org/mod_mbox/ctakes-commits/201209.mbox/<20120924220607.1BFC72388C6A@eris.apache.org>,chenpei
Mon Sep 24 22:07:40 2012,http://mail-archives.apache.org/mod_mbox/ctakes-commits/201209.mbox/<20120924220607.1BFC72388C6A@eris.apache.org>,chenpei
Mon Sep 24 22:07:40 2012,http://mail-archives.apache.org/mod_mbox/ctakes-commits/201209.mbox/<20120924220607.1BFC72388C6A@eris.apache.org>,chenpei
Mon Sep 24 22:07:40 2012,http://mail-archives.apache.org/mod_mbox/ctakes-commits/201209.mbox/<20120924220607.1BFC72388C6A@eris.apache.org>,chenpei
Mon Sep 24 22:07:40 2012,http://mail-archives.apache.org/mod_mbox/ctakes-commits/201209.mbox/<20120924220607.1BFC72388C6A@eris.apache.org>,chenpei
Mon Sep 24 22:07:40 2012,http://mail-archives.apache.org/mod_mbox/ctakes-commits/201209.mbox/<20120924220607.1BFC72388C6A@eris.apache.org>,chenpei
Mon Sep 24 22:07:40 2012,http://mail-archives.apache.org/mod_mbox/ctakes-commits/201209.mbox/<20120924220607.1BFC72388C6A@eris.apache.org>,chenpei
Mon Sep 24 22:07:40 2012,http://mail-archives.apache.org/mod_mbox/ctakes-commits/201209.mbox/<20120924220607.1BFC72388C6A@eris.apache.org>,chenpei
Mon Sep 24 22:07:40 2012,http://mail-archives.apache.org/mod_mbox/ctakes-commits/201209.mbox/<20120924220607.1BFC72388C6A@eris.apache.org>,chenpei
Mon Sep 24 22:07:40 2012,http://mail-archives.apache.org/mod_mbox/ctakes-commits/201209.mbox/<20120924220607.1BFC72388C6A@eris.apache.org>,chenpei
Mon Sep 24 22:07:40 2012,http://mail-archives.apache.org/mod_mbox/ctakes-commits/201209.mbox/<20120924220607.1BFC72388C6A@eris.apache.org>,chenpei
Mon Sep 24 22:07:40 2012,http://mail-archives.apache.org/mod_mbox/ctakes-commits/201209.mbox/<20120924220607.1BFC72388C6A@eris.apache.org>,chenpei
Mon Sep 24 22:07:40 2012,http://mail-archives.apache.org/mod_mbox/ctakes-commits/201209.mbox/<20120924220607.1BFC72388C6A@eris.apache.org>,chenpei
Mon Sep 24 22:07:40 2012,http://mail-archives.apache.org/mod_mbox/ctakes-commits/201209.mbox/<20120924220607.1BFC72388C6A@eris.apache.org>,chenpei
Mon Sep 24 22:07:40 2012,http://mail-archives.apache.org/mod_mbox/ctakes-commits/201209.mbox/<20120924220607.1BFC72388C6A@eris.apache.org>,chenpei
Mon Sep 24 22:07:40 2012,http://mail-archives.apache.org/mod_mbox/ctakes-commits/201209.mbox/<20120924220607.1BFC72388C6A@eris.apache.org>,chenpei
Mon Sep 24 22:07:40 2012,http://mail-archives.apache.org/mod_mbox/ctakes-commits/201209.mbox/<20120924220607.1BFC72388C6A@eris.apache.org>,chenpei
Mon Sep 24 22:07:40 2012,http://mail-archives.apache.org/mod_mbox/ctakes-commits/201209.mbox/<20120924220607.1BFC72388C6A@eris.apache.org>,chenpei
Mon Sep 24 22:07:40 2012,http://mail-archives.apache.org/mod_mbox/ctakes-commits/201209.mbox/<20120924220607.1BFC72388C6A@eris.apache.org>,chenpei
Mon Sep 24 22:07:40 2012,http://mail-archives.apache.org/mod_mbox/ctakes-commits/201209.mbox/<20120924220607.1BFC72388C6A@eris.apache.org>,chenpei
Mon Sep 24 22:07:40 2012,http://mail-archives.apache.org/mod_mbox/ctakes-commits/201209.mbox/<20120924220607.1BFC72388C6A@eris.apache.org>,chenpei
Mon Sep 24 22:07:40 2012,http://mail-archives.apache.org/mod_mbox/ctakes-commits/201209.mbox/<20120924220607.1BFC72388C6A@eris.apache.org>,chenpei
Mon Sep 24 22:07:40 2012,http://mail-archives.apache.org/mod_mbox/ctakes-commits/201209.mbox/<20120924220607.1BFC72388C6A@eris.apache.org>,chenpei
Mon Sep 24 22:07:40 2012,http://mail-archives.apache.org/mod_mbox/ctakes-commits/201209.mbox/<20120924220607.1BFC72388C6A@eris.apache.org>,chenpei
Mon Sep 24 22:07:40 2012,http://mail-archives.apache.org/mod_mbox/ctakes-commits/201209.mbox/<20120924220607.1BFC72388C6A@eris.apache.org>,chenpei
Mon Sep 24 22:07:40 2012,http://mail-archives.apache.org/mod_mbox/ctakes-commits/201209.mbox/<20120924220607.1BFC72388C6A@eris.apache.org>,chenpei
Mon Sep 24 22:07:40 2012,http://mail-archives.apache.org/mod_mbox/ctakes-commits/201209.mbox/<20120924220607.1BFC72388C6A@eris.apache.org>,chenpei
Mon Sep 24 22:07:40 2012,http://mail-archives.apache.org/mod_mbox/ctakes-commits/201209.mbox/<20120924220607.1BFC72388C6A@eris.apache.org>,chenpei
Mon Sep 24 22:07:40 2012,http://mail-archives.apache.org/mod_mbox/ctakes-commits/201209.mbox/<20120924220607.1BFC72388C6A@eris.apache.org>,chenpei
Mon Sep 24 22:07:40 2012,http://mail-archives.apache.org/mod_mbox/ctakes-commits/201209.mbox/<20120924220607.1BFC72388C6A@eris.apache.org>,chenpei
Mon Sep 24 22:07:40 2012,http://mail-archives.apache.org/mod_mbox/ctakes-commits/201209.mbox/<20120924220607.1BFC72388C6A@eris.apache.org>,chenpei
Mon Sep 24 22:07:40 2012,http://mail-archives.apache.org/mod_mbox/ctakes-commits/201209.mbox/<20120924220607.1BFC72388C6A@eris.apache.org>,chenpei
Mon Sep 24 22:07:40 2012,http://mail-archives.apache.org/mod_mbox/ctakes-commits/201209.mbox/<20120924220607.1BFC72388C6A@eris.apache.org>,chenpei
Mon Sep 24 22:07:40 2012,http://mail-archives.apache.org/mod_mbox/ctakes-commits/201209.mbox/<20120924220607.1BFC72388C6A@eris.apache.org>,chenpei
Mon Sep 24 22:07:40 2012,http://mail-archives.apache.org/mod_mbox/ctakes-commits/201209.mbox/<20120924220607.1BFC72388C6A@eris.apache.org>,chenpei
Mon Sep 24 22:07:40 2012,http://mail-archives.apache.org/mod_mbox/ctakes-commits/201209.mbox/<20120924220607.1BFC72388C6A@eris.apache.org>,chenpei
Mon Sep 24 22:07:40 2012,http://mail-archives.apache.org/mod_mbox/ctakes-commits/201209.mbox/<20120924220607.1BFC72388C6A@eris.apache.org>,chenpei
Mon Sep 24 22:07:40 2012,http://mail-archives.apache.org/mod_mbox/ctakes-commits/201209.mbox/<20120924220607.1BFC72388C6A@eris.apache.org>,chenpei
Mon Sep 24 22:07:40 2012,http://mail-archives.apache.org/mod_mbox/ctakes-commits/201209.mbox/<20120924220607.1BFC72388C6A@eris.apache.org>,chenpei
Mon Sep 24 22:07:40 2012,http://mail-archives.apache.org/mod_mbox/ctakes-commits/201209.mbox/<20120924220607.1BFC72388C6A@eris.apache.org>,chenpei
Mon Sep 24 22:07:40 2012,http://mail-archives.apache.org/mod_mbox/ctakes-commits/201209.mbox/<20120924220607.1BFC72388C6A@eris.apache.org>,chenpei
Mon Sep 24 22:07:40 2012,http://mail-archives.apache.org/mod_mbox/ctakes-commits/201209.mbox/<20120924220607.1BFC72388C6A@eris.apache.org>,chenpei
Mon Sep 24 22:07:40 2012,http://mail-archives.apache.org/mod_mbox/ctakes-commits/201209.mbox/<20120924220607.1BFC72388C6A@eris.apache.org>,chenpei
Mon Sep 24 22:07:40 2012,http://mail-archives.apache.org/mod_mbox/ctakes-commits/201209.mbox/<20120924220607.1BFC72388C6A@eris.apache.org>,chenpei
Mon Sep 24 22:07:40 2012,http://mail-archives.apache.org/mod_mbox/ctakes-commits/201209.mbox/<20120924220607.1BFC72388C6A@eris.apache.org>,chenpei
Mon Sep 24 22:07:40 2012,http://mail-archives.apache.org/mod_mbox/ctakes-commits/201209.mbox/<20120924220607.1BFC72388C6A@eris.apache.org>,chenpei
Mon Sep 24 22:07:40 2012,http://mail-archives.apache.org/mod_mbox/ctakes-commits/201209.mbox/<20120924220607.1BFC72388C6A@eris.apache.org>,chenpei
Mon Sep 24 22:07:40 2012,http://mail-archives.apache.org/mod_mbox/ctakes-commits/201209.mbox/<20120924220607.1BFC72388C6A@eris.apache.org>,chenpei
Mon Sep 24 22:07:40 2012,http://mail-archives.apache.org/mod_mbox/ctakes-commits/201209.mbox/<20120924220607.1BFC72388C6A@eris.apache.org>,chenpei
Mon Sep 24 22:07:40 2012,http://mail-archives.apache.org/mod_mbox/ctakes-commits/201209.mbox/<20120924220607.1BFC72388C6A@eris.apache.org>,chenpei
Mon Sep 24 22:07:40 2012,http://mail-archives.apache.org/mod_mbox/ctakes-commits/201209.mbox/<20120924220607.1BFC72388C6A@eris.apache.org>,chenpei
Mon Sep 24 22:07:40 2012,http://mail-archives.apache.org/mod_mbox/ctakes-commits/201209.mbox/<20120924220607.1BFC72388C6A@eris.apache.org>,chenpei
Mon Sep 24 22:07:40 2012,http://mail-archives.apache.org/mod_mbox/ctakes-commits/201209.mbox/<20120924220607.1BFC72388C6A@eris.apache.org>,chenpei
Mon Sep 24 22:07:40 2012,http://mail-archives.apache.org/mod_mbox/ctakes-commits/201209.mbox/<20120924220607.1BFC72388C6A@eris.apache.org>,chenpei
Mon Sep 24 22:07:40 2012,http://mail-archives.apache.org/mod_mbox/ctakes-commits/201209.mbox/<20120924220607.1BFC72388C6A@eris.apache.org>,chenpei
Mon Sep 24 22:07:40 2012,http://mail-archives.apache.org/mod_mbox/ctakes-commits/201209.mbox/<20120924220607.1BFC72388C6A@eris.apache.org>,chenpei
Mon Sep 24 22:07:40 2012,http://mail-archives.apache.org/mod_mbox/ctakes-commits/201209.mbox/<20120924220607.1BFC72388C6A@eris.apache.org>,chenpei
Mon Sep 24 22:07:40 2012,http://mail-archives.apache.org/mod_mbox/ctakes-commits/201209.mbox/<20120924220607.1BFC72388C6A@eris.apache.org>,chenpei
Mon Sep 24 22:07:40 2012,http://mail-archives.apache.org/mod_mbox/ctakes-commits/201209.mbox/<20120924220607.1BFC72388C6A@eris.apache.org>,chenpei
Mon Sep 24 22:07:40 2012,http://mail-archives.apache.org/mod_mbox/ctakes-commits/201209.mbox/<20120924220607.1BFC72388C6A@eris.apache.org>,chenpei
Mon Sep 24 22:07:40 2012,http://mail-archives.apache.org/mod_mbox/ctakes-commits/201209.mbox/<20120924220607.1BFC72388C6A@eris.apache.org>,chenpei
Mon Sep 24 22:07:40 2012,http://mail-archives.apache.org/mod_mbox/ctakes-commits/201209.mbox/<20120924220607.1BFC72388C6A@eris.apache.org>,chenpei
Mon Sep 24 22:07:40 2012,http://mail-archives.apache.org/mod_mbox/ctakes-commits/201209.mbox/<20120924220607.1BFC72388C6A@eris.apache.org>,chenpei
Mon Sep 24 22:07:40 2012,http://mail-archives.apache.org/mod_mbox/ctakes-commits/201209.mbox/<20120924220607.1BFC72388C6A@eris.apache.org>,chenpei
Mon Sep 24 22:07:40 2012,http://mail-archives.apache.org/mod_mbox/ctakes-commits/201209.mbox/<20120924220607.1BFC72388C6A@eris.apache.org>,chenpei
Mon Sep 24 22:07:40 2012,http://mail-archives.apache.org/mod_mbox/ctakes-commits/201209.mbox/<20120924220607.1BFC72388C6A@eris.apache.org>,chenpei
Mon Sep 24 22:07:40 2012,http://mail-archives.apache.org/mod_mbox/ctakes-commits/201209.mbox/<20120924220607.1BFC72388C6A@eris.apache.org>,chenpei
Mon Sep 24 22:07:40 2012,http://mail-archives.apache.org/mod_mbox/ctakes-commits/201209.mbox/<20120924220607.1BFC72388C6A@eris.apache.org>,chenpei
Mon Sep 24 22:07:40 2012,http://mail-archives.apache.org/mod_mbox/ctakes-commits/201209.mbox/<20120924220607.1BFC72388C6A@eris.apache.org>,chenpei
Mon Sep 24 22:07:40 2012,http://mail-archives.apache.org/mod_mbox/ctakes-commits/201209.mbox/<20120924220607.1BFC72388C6A@eris.apache.org>,chenpei
Mon Sep 24 22:07:40 2012,http://mail-archives.apache.org/mod_mbox/ctakes-commits/201209.mbox/<20120924220607.1BFC72388C6A@eris.apache.org>,chenpei
Mon Sep 24 22:07:40 2012,http://mail-archives.apache.org/mod_mbox/ctakes-commits/201209.mbox/<20120924220607.1BFC72388C6A@eris.apache.org>,chenpei
Mon Sep 24 22:07:40 2012,http://mail-archives.apache.org/mod_mbox/ctakes-commits/201209.mbox/<20120924220607.1BFC72388C6A@eris.apache.org>,chenpei
Mon Sep 24 22:07:40 2012,http://mail-archives.apache.org/mod_mbox/ctakes-commits/201209.mbox/<20120924220607.1BFC72388C6A@eris.apache.org>,chenpei
Mon Sep 24 22:07:40 2012,http://mail-archives.apache.org/mod_mbox/ctakes-commits/201209.mbox/<20120924220607.1BFC72388C6A@eris.apache.org>,chenpei
Mon Sep 24 22:07:40 2012,http://mail-archives.apache.org/mod_mbox/ctakes-commits/201209.mbox/<20120924220607.1BFC72388C6A@eris.apache.org>,chenpei
Mon Sep 24 22:07:40 2012,http://mail-archives.apache.org/mod_mbox/ctakes-commits/201209.mbox/<20120924220607.1BFC72388C6A@eris.apache.org>,chenpei
Mon Sep 24 22:07:40 2012,http://mail-archives.apache.org/mod_mbox/ctakes-commits/201209.mbox/<20120924220607.1BFC72388C6A@eris.apache.org>,chenpei
Mon Sep 24 22:07:40 2012,http://mail-archives.apache.org/mod_mbox/ctakes-commits/201209.mbox/<20120924220607.1BFC72388C6A@eris.apache.org>,chenpei
Mon Sep 24 22:07:40 2012,http://mail-archives.apache.org/mod_mbox/ctakes-commits/201209.mbox/<20120924220607.1BFC72388C6A@eris.apache.org>,chenpei
Mon Sep 24 22:07:40 2012,http://mail-archives.apache.org/mod_mbox/ctakes-commits/201209.mbox/<20120924220607.1BFC72388C6A@eris.apache.org>,chenpei
Mon Sep 24 22:07:40 2012,http://mail-archives.apache.org/mod_mbox/ctakes-commits/201209.mbox/<20120924220607.1BFC72388C6A@eris.apache.org>,chenpei
Mon Sep 24 22:07:40 2012,http://mail-archives.apache.org/mod_mbox/ctakes-commits/201209.mbox/<20120924220607.1BFC72388C6A@eris.apache.org>,chenpei
Mon Sep 24 22:07:40 2012,http://mail-archives.apache.org/mod_mbox/ctakes-commits/201209.mbox/<20120924220607.1BFC72388C6A@eris.apache.org>,chenpei
Mon Sep 24 22:07:40 2012,http://mail-archives.apache.org/mod_mbox/ctakes-commits/201209.mbox/<20120924220607.1BFC72388C6A@eris.apache.org>,chenpei
Mon Sep 24 22:07:40 2012,http://mail-archives.apache.org/mod_mbox/ctakes-commits/201209.mbox/<20120924220607.1BFC72388C6A@eris.apache.org>,chenpei
Mon Sep 24 22:07:40 2012,http://mail-archives.apache.org/mod_mbox/ctakes-commits/201209.mbox/<20120924220607.1BFC72388C6A@eris.apache.org>,chenpei
Mon Sep 24 22:07:40 2012,http://mail-archives.apache.org/mod_mbox/ctakes-commits/201209.mbox/<20120924220607.1BFC72388C6A@eris.apache.org>,chenpei
Mon Sep 24 22:07:40 2012,http://mail-archives.apache.org/mod_mbox/ctakes-commits/201209.mbox/<20120924220607.1BFC72388C6A@eris.apache.org>,chenpei
Mon Sep 24 22:07:40 2012,http://mail-archives.apache.org/mod_mbox/ctakes-commits/201209.mbox/<20120924220607.1BFC72388C6A@eris.apache.org>,chenpei
Mon Sep 24 22:07:40 2012,http://mail-archives.apache.org/mod_mbox/ctakes-commits/201209.mbox/<20120924220607.1BFC72388C6A@eris.apache.org>,chenpei
Mon Sep 24 22:07:40 2012,http://mail-archives.apache.org/mod_mbox/ctakes-commits/201209.mbox/<20120924220607.1BFC72388C6A@eris.apache.org>,chenpei
Mon Sep 24 22:07:40 2012,http://mail-archives.apache.org/mod_mbox/ctakes-commits/201209.mbox/<20120924220607.1BFC72388C6A@eris.apache.org>,chenpei
Mon Sep 24 22:07:40 2012,http://mail-archives.apache.org/mod_mbox/ctakes-commits/201209.mbox/<20120924220607.1BFC72388C6A@eris.apache.org>,chenpei
Mon Sep 24 22:07:40 2012,http://mail-archives.apache.org/mod_mbox/ctakes-commits/201209.mbox/<20120924220607.1BFC72388C6A@eris.apache.org>,chenpei
Mon Sep 24 22:07:40 2012,http://mail-archives.apache.org/mod_mbox/ctakes-commits/201209.mbox/<20120924220607.1BFC72388C6A@eris.apache.org>,chenpei
Mon Sep 24 22:07:40 2012,http://mail-archives.apache.org/mod_mbox/ctakes-commits/201209.mbox/<20120924220607.1BFC72388C6A@eris.apache.org>,chenpei
Mon Sep 24 22:07:40 2012,http://mail-archives.apache.org/mod_mbox/ctakes-commits/201209.mbox/<20120924220607.1BFC72388C6A@eris.apache.org>,chenpei
Mon Sep 24 22:07:40 2012,http://mail-archives.apache.org/mod_mbox/ctakes-commits/201209.mbox/<20120924220607.1BFC72388C6A@eris.apache.org>,chenpei
Mon Sep 24 22:07:40 2012,http://mail-archives.apache.org/mod_mbox/ctakes-commits/201209.mbox/<20120924220607.1BFC72388C6A@eris.apache.org>,chenpei
Mon Sep 24 22:07:40 2012,http://mail-archives.apache.org/mod_mbox/ctakes-commits/201209.mbox/<20120924220607.1BFC72388C6A@eris.apache.org>,chenpei
Mon Sep 24 22:07:40 2012,http://mail-archives.apache.org/mod_mbox/ctakes-commits/201209.mbox/<20120924220607.1BFC72388C6A@eris.apache.org>,chenpei
Mon Sep 24 22:07:40 2012,http://mail-archives.apache.org/mod_mbox/ctakes-commits/201209.mbox/<20120924220607.1BFC72388C6A@eris.apache.org>,chenpei
Mon Sep 24 22:07:40 2012,http://mail-archives.apache.org/mod_mbox/ctakes-commits/201209.mbox/<20120924220607.1BFC72388C6A@eris.apache.org>,chenpei
Mon Sep 24 22:07:40 2012,http://mail-archives.apache.org/mod_mbox/ctakes-commits/201209.mbox/<20120924220607.1BFC72388C6A@eris.apache.org>,chenpei
Mon Sep 24 22:07:40 2012,http://mail-archives.apache.org/mod_mbox/ctakes-commits/201209.mbox/<20120924220607.1BFC72388C6A@eris.apache.org>,chenpei
Mon Sep 24 22:07:40 2012,http://mail-archives.apache.org/mod_mbox/ctakes-commits/201209.mbox/<20120924220607.1BFC72388C6A@eris.apache.org>,chenpei
Mon Sep 24 22:07:40 2012,http://mail-archives.apache.org/mod_mbox/ctakes-commits/201209.mbox/<20120924220607.1BFC72388C6A@eris.apache.org>,chenpei
Mon Sep 24 22:07:40 2012,http://mail-archives.apache.org/mod_mbox/ctakes-commits/201209.mbox/<20120924220607.1BFC72388C6A@eris.apache.org>,chenpei
Mon Sep 24 22:07:40 2012,http://mail-archives.apache.org/mod_mbox/ctakes-commits/201209.mbox/<20120924220607.1BFC72388C6A@eris.apache.org>,chenpei
Mon Sep 24 22:07:40 2012,http://mail-archives.apache.org/mod_mbox/ctakes-commits/201209.mbox/<20120924220607.1BFC72388C6A@eris.apache.org>,chenpei
Mon Sep 24 22:07:40 2012,http://mail-archives.apache.org/mod_mbox/ctakes-commits/201209.mbox/<20120924220607.1BFC72388C6A@eris.apache.org>,chenpei
Mon Sep 24 22:07:40 2012,http://mail-archives.apache.org/mod_mbox/ctakes-commits/201209.mbox/<20120924220607.1BFC72388C6A@eris.apache.org>,chenpei
Mon Sep 24 22:07:40 2012,http://mail-archives.apache.org/mod_mbox/ctakes-commits/201209.mbox/<20120924220607.1BFC72388C6A@eris.apache.org>,chenpei
Mon Sep 24 22:07:40 2012,http://mail-archives.apache.org/mod_mbox/ctakes-commits/201209.mbox/<20120924220607.1BFC72388C6A@eris.apache.org>,chenpei
Mon Sep 24 22:07:40 2012,http://mail-archives.apache.org/mod_mbox/ctakes-commits/201209.mbox/<20120924220607.1BFC72388C6A@eris.apache.org>,chenpei
Mon Sep 24 22:07:40 2012,http://mail-archives.apache.org/mod_mbox/ctakes-commits/201209.mbox/<20120924220607.1BFC72388C6A@eris.apache.org>,chenpei
Mon Sep 24 22:07:40 2012,http://mail-archives.apache.org/mod_mbox/ctakes-commits/201209.mbox/<20120924220607.1BFC72388C6A@eris.apache.org>,chenpei
Mon Sep 24 22:07:40 2012,http://mail-archives.apache.org/mod_mbox/ctakes-commits/201209.mbox/<20120924220607.1BFC72388C6A@eris.apache.org>,chenpei
Mon Sep 24 22:07:40 2012,http://mail-archives.apache.org/mod_mbox/ctakes-commits/201209.mbox/<20120924220607.1BFC72388C6A@eris.apache.org>,chenpei
Mon Sep 24 22:07:40 2012,http://mail-archives.apache.org/mod_mbox/ctakes-commits/201209.mbox/<20120924220607.1BFC72388C6A@eris.apache.org>,chenpei
Mon Sep 24 22:07:40 2012,http://mail-archives.apache.org/mod_mbox/ctakes-commits/201209.mbox/<20120924220607.1BFC72388C6A@eris.apache.org>,chenpei
Mon Sep 24 22:07:40 2012,http://mail-archives.apache.org/mod_mbox/ctakes-commits/201209.mbox/<20120924220607.1BFC72388C6A@eris.apache.org>,chenpei
Mon Sep 24 22:07:40 2012,http://mail-archives.apache.org/mod_mbox/ctakes-commits/201209.mbox/<20120924220607.1BFC72388C6A@eris.apache.org>,chenpei
Mon Sep 24 22:07:40 2012,http://mail-archives.apache.org/mod_mbox/ctakes-commits/201209.mbox/<20120924220607.1BFC72388C6A@eris.apache.org>,chenpei
Mon Sep 24 22:07:40 2012,http://mail-archives.apache.org/mod_mbox/ctakes-commits/201209.mbox/<20120924220607.1BFC72388C6A@eris.apache.org>,chenpei
Mon Sep 24 22:07:40 2012,http://mail-archives.apache.org/mod_mbox/ctakes-commits/201209.mbox/<20120924220607.1BFC72388C6A@eris.apache.org>,chenpei
Mon Sep 24 22:07:40 2012,http://mail-archives.apache.org/mod_mbox/ctakes-commits/201209.mbox/<20120924220607.1BFC72388C6A@eris.apache.org>,chenpei
Mon Sep 24 22:07:40 2012,http://mail-archives.apache.org/mod_mbox/ctakes-commits/201209.mbox/<20120924220607.1BFC72388C6A@eris.apache.org>,chenpei
Mon Sep 24 22:07:40 2012,http://mail-archives.apache.org/mod_mbox/ctakes-commits/201209.mbox/<20120924220607.1BFC72388C6A@eris.apache.org>,chenpei
Mon Sep 24 22:07:40 2012,http://mail-archives.apache.org/mod_mbox/ctakes-commits/201209.mbox/<20120924220607.1BFC72388C6A@eris.apache.org>,chenpei
Mon Sep 24 22:07:40 2012,http://mail-archives.apache.org/mod_mbox/ctakes-commits/201209.mbox/<20120924220607.1BFC72388C6A@eris.apache.org>,chenpei
Mon Sep 24 22:07:40 2012,http://mail-archives.apache.org/mod_mbox/ctakes-commits/201209.mbox/<20120924220607.1BFC72388C6A@eris.apache.org>,chenpei
Mon Sep 24 22:07:40 2012,http://mail-archives.apache.org/mod_mbox/ctakes-commits/201209.mbox/<20120924220607.1BFC72388C6A@eris.apache.org>,chenpei
Mon Sep 24 22:07:40 2012,http://mail-archives.apache.org/mod_mbox/ctakes-commits/201209.mbox/<20120924220607.1BFC72388C6A@eris.apache.org>,chenpei
Mon Sep 24 22:07:40 2012,http://mail-archives.apache.org/mod_mbox/ctakes-commits/201209.mbox/<20120924220607.1BFC72388C6A@eris.apache.org>,chenpei
Mon Sep 24 22:07:40 2012,http://mail-archives.apache.org/mod_mbox/ctakes-commits/201209.mbox/<20120924220607.1BFC72388C6A@eris.apache.org>,chenpei
Mon Sep 24 22:07:40 2012,http://mail-archives.apache.org/mod_mbox/ctakes-commits/201209.mbox/<20120924220607.1BFC72388C6A@eris.apache.org>,chenpei
Mon Sep 24 22:07:40 2012,http://mail-archives.apache.org/mod_mbox/ctakes-commits/201209.mbox/<20120924220607.1BFC72388C6A@eris.apache.org>,chenpei
Mon Sep 24 22:07:40 2012,http://mail-archives.apache.org/mod_mbox/ctakes-commits/201209.mbox/<20120924220607.1BFC72388C6A@eris.apache.org>,chenpei
Mon Sep 24 22:07:40 2012,http://mail-archives.apache.org/mod_mbox/ctakes-commits/201209.mbox/<20120924220607.1BFC72388C6A@eris.apache.org>,chenpei
Mon Sep 24 22:07:40 2012,http://mail-archives.apache.org/mod_mbox/ctakes-commits/201209.mbox/<20120924220607.1BFC72388C6A@eris.apache.org>,chenpei
Mon Sep 24 22:07:40 2012,http://mail-archives.apache.org/mod_mbox/ctakes-commits/201209.mbox/<20120924220607.1BFC72388C6A@eris.apache.org>,chenpei
Mon Sep 24 22:07:40 2012,http://mail-archives.apache.org/mod_mbox/ctakes-commits/201209.mbox/<20120924220607.1BFC72388C6A@eris.apache.org>,chenpei
Mon Sep 24 22:07:40 2012,http://mail-archives.apache.org/mod_mbox/ctakes-commits/201209.mbox/<20120924220607.1BFC72388C6A@eris.apache.org>,chenpei
Mon Sep 24 22:07:40 2012,http://mail-archives.apache.org/mod_mbox/ctakes-commits/201209.mbox/<20120924220607.1BFC72388C6A@eris.apache.org>,chenpei
Mon Sep 24 22:07:40 2012,http://mail-archives.apache.org/mod_mbox/ctakes-commits/201209.mbox/<20120924220607.1BFC72388C6A@eris.apache.org>,chenpei
Mon Sep 24 22:07:40 2012,http://mail-archives.apache.org/mod_mbox/ctakes-commits/201209.mbox/<20120924220607.1BFC72388C6A@eris.apache.org>,chenpei
Mon Sep 24 22:07:40 2012,http://mail-archives.apache.org/mod_mbox/ctakes-commits/201209.mbox/<20120924220607.1BFC72388C6A@eris.apache.org>,chenpei
Mon Sep 24 22:07:40 2012,http://mail-archives.apache.org/mod_mbox/ctakes-commits/201209.mbox/<20120924220607.1BFC72388C6A@eris.apache.org>,chenpei
Mon Sep 24 22:07:40 2012,http://mail-archives.apache.org/mod_mbox/ctakes-commits/201209.mbox/<20120924220607.1BFC72388C6A@eris.apache.org>,chenpei
Mon Sep 24 22:07:40 2012,http://mail-archives.apache.org/mod_mbox/ctakes-commits/201209.mbox/<20120924220607.1BFC72388C6A@eris.apache.org>,chenpei
Mon Sep 24 22:07:40 2012,http://mail-archives.apache.org/mod_mbox/ctakes-commits/201209.mbox/<20120924220607.1BFC72388C6A@eris.apache.org>,chenpei
Mon Sep 24 22:07:40 2012,http://mail-archives.apache.org/mod_mbox/ctakes-commits/201209.mbox/<20120924220607.1BFC72388C6A@eris.apache.org>,chenpei
Mon Sep 24 22:07:40 2012,http://mail-archives.apache.org/mod_mbox/ctakes-commits/201209.mbox/<20120924220607.1BFC72388C6A@eris.apache.org>,chenpei
Mon Sep 24 22:07:40 2012,http://mail-archives.apache.org/mod_mbox/ctakes-commits/201209.mbox/<20120924220607.1BFC72388C6A@eris.apache.org>,chenpei
Mon Sep 24 22:07:40 2012,http://mail-archives.apache.org/mod_mbox/ctakes-commits/201209.mbox/<20120924220607.1BFC72388C6A@eris.apache.org>,chenpei
Mon Sep 24 22:07:40 2012,http://mail-archives.apache.org/mod_mbox/ctakes-commits/201209.mbox/<20120924220607.1BFC72388C6A@eris.apache.org>,chenpei
Mon Sep 24 22:07:40 2012,http://mail-archives.apache.org/mod_mbox/ctakes-commits/201209.mbox/<20120924220607.1BFC72388C6A@eris.apache.org>,chenpei
Mon Sep 24 22:07:40 2012,http://mail-archives.apache.org/mod_mbox/ctakes-commits/201209.mbox/<20120924220607.1BFC72388C6A@eris.apache.org>,chenpei
Mon Sep 24 22:07:40 2012,http://mail-archives.apache.org/mod_mbox/ctakes-commits/201209.mbox/<20120924220607.1BFC72388C6A@eris.apache.org>,chenpei
Mon Sep 24 22:07:40 2012,http://mail-archives.apache.org/mod_mbox/ctakes-commits/201209.mbox/<20120924220607.1BFC72388C6A@eris.apache.org>,chenpei
Mon Sep 24 22:07:40 2012,http://mail-archives.apache.org/mod_mbox/ctakes-commits/201209.mbox/<20120924220607.1BFC72388C6A@eris.apache.org>,chenpei
Mon Sep 24 22:07:40 2012,http://mail-archives.apache.org/mod_mbox/ctakes-commits/201209.mbox/<20120924220607.1BFC72388C6A@eris.apache.org>,chenpei
Mon Sep 24 22:07:40 2012,http://mail-archives.apache.org/mod_mbox/ctakes-commits/201209.mbox/<20120924220607.1BFC72388C6A@eris.apache.org>,chenpei
Mon Sep 24 22:07:40 2012,http://mail-archives.apache.org/mod_mbox/ctakes-commits/201209.mbox/<20120924220607.1BFC72388C6A@eris.apache.org>,chenpei
Mon Sep 24 22:07:40 2012,http://mail-archives.apache.org/mod_mbox/ctakes-commits/201209.mbox/<20120924220607.1BFC72388C6A@eris.apache.org>,chenpei
Mon Sep 24 22:07:40 2012,http://mail-archives.apache.org/mod_mbox/ctakes-commits/201209.mbox/<20120924220607.1BFC72388C6A@eris.apache.org>,chenpei
Mon Sep 24 22:07:40 2012,http://mail-archives.apache.org/mod_mbox/ctakes-commits/201209.mbox/<20120924220607.1BFC72388C6A@eris.apache.org>,chenpei
Mon Sep 24 22:07:40 2012,http://mail-archives.apache.org/mod_mbox/ctakes-commits/201209.mbox/<20120924220607.1BFC72388C6A@eris.apache.org>,chenpei
Mon Sep 24 22:07:40 2012,http://mail-archives.apache.org/mod_mbox/ctakes-commits/201209.mbox/<20120924220607.1BFC72388C6A@eris.apache.org>,chenpei
Mon Sep 24 22:07:40 2012,http://mail-archives.apache.org/mod_mbox/ctakes-commits/201209.mbox/<20120924220607.1BFC72388C6A@eris.apache.org>,chenpei
Mon Sep 24 22:07:40 2012,http://mail-archives.apache.org/mod_mbox/ctakes-commits/201209.mbox/<20120924220607.1BFC72388C6A@eris.apache.org>,chenpei
Mon Sep 24 22:07:40 2012,http://mail-archives.apache.org/mod_mbox/ctakes-commits/201209.mbox/<20120924220607.1BFC72388C6A@eris.apache.org>,chenpei
Mon Sep 24 22:07:40 2012,http://mail-archives.apache.org/mod_mbox/ctakes-commits/201209.mbox/<20120924220607.1BFC72388C6A@eris.apache.org>,chenpei
Mon Sep 24 22:07:40 2012,http://mail-archives.apache.org/mod_mbox/ctakes-commits/201209.mbox/<20120924220607.1BFC72388C6A@eris.apache.org>,chenpei
Mon Sep 24 22:07:40 2012,http://mail-archives.apache.org/mod_mbox/ctakes-commits/201209.mbox/<20120924220607.1BFC72388C6A@eris.apache.org>,chenpei
Mon Sep 24 22:07:40 2012,http://mail-archives.apache.org/mod_mbox/ctakes-commits/201209.mbox/<20120924220607.1BFC72388C6A@eris.apache.org>,chenpei
Mon Sep 24 22:07:40 2012,http://mail-archives.apache.org/mod_mbox/ctakes-commits/201209.mbox/<20120924220607.1BFC72388C6A@eris.apache.org>,chenpei
Mon Sep 24 22:07:40 2012,http://mail-archives.apache.org/mod_mbox/ctakes-commits/201209.mbox/<20120924220607.1BFC72388C6A@eris.apache.org>,chenpei
Mon Sep 24 22:07:40 2012,http://mail-archives.apache.org/mod_mbox/ctakes-commits/201209.mbox/<20120924220607.1BFC72388C6A@eris.apache.org>,chenpei
Mon Sep 24 22:07:40 2012,http://mail-archives.apache.org/mod_mbox/ctakes-commits/201209.mbox/<20120924220607.1BFC72388C6A@eris.apache.org>,chenpei
Mon Sep 24 22:07:40 2012,http://mail-archives.apache.org/mod_mbox/ctakes-commits/201209.mbox/<20120924220607.1BFC72388C6A@eris.apache.org>,chenpei
Mon Sep 24 22:07:40 2012,http://mail-archives.apache.org/mod_mbox/ctakes-commits/201209.mbox/<20120924220607.1BFC72388C6A@eris.apache.org>,chenpei
Mon Sep 24 22:07:40 2012,http://mail-archives.apache.org/mod_mbox/ctakes-commits/201209.mbox/<20120924220607.1BFC72388C6A@eris.apache.org>,chenpei
Mon Sep 24 22:07:40 2012,http://mail-archives.apache.org/mod_mbox/ctakes-commits/201209.mbox/<20120924220607.1BFC72388C6A@eris.apache.org>,chenpei
Mon Sep 24 22:07:40 2012,http://mail-archives.apache.org/mod_mbox/ctakes-commits/201209.mbox/<20120924220607.1BFC72388C6A@eris.apache.org>,chenpei
Mon Sep 24 22:07:40 2012,http://mail-archives.apache.org/mod_mbox/ctakes-commits/201209.mbox/<20120924220607.1BFC72388C6A@eris.apache.org>,chenpei
Mon Sep 24 22:07:40 2012,http://mail-archives.apache.org/mod_mbox/ctakes-commits/201209.mbox/<20120924220607.1BFC72388C6A@eris.apache.org>,chenpei
Mon Sep 24 22:07:40 2012,http://mail-archives.apache.org/mod_mbox/ctakes-commits/201209.mbox/<20120924220607.1BFC72388C6A@eris.apache.org>,chenpei
Mon Sep 24 22:07:40 2012,http://mail-archives.apache.org/mod_mbox/ctakes-commits/201209.mbox/<20120924220607.1BFC72388C6A@eris.apache.org>,chenpei
Mon Sep 24 22:07:40 2012,http://mail-archives.apache.org/mod_mbox/ctakes-commits/201209.mbox/<20120924220607.1BFC72388C6A@eris.apache.org>,chenpei
Mon Sep 24 22:07:40 2012,http://mail-archives.apache.org/mod_mbox/ctakes-commits/201209.mbox/<20120924220607.1BFC72388C6A@eris.apache.org>,chenpei
Mon Sep 24 22:07:40 2012,http://mail-archives.apache.org/mod_mbox/ctakes-commits/201209.mbox/<20120924220607.1BFC72388C6A@eris.apache.org>,chenpei
Mon Sep 24 22:07:40 2012,http://mail-archives.apache.org/mod_mbox/ctakes-commits/201209.mbox/<20120924220607.1BFC72388C6A@eris.apache.org>,chenpei
Mon Sep 24 22:07:40 2012,http://mail-archives.apache.org/mod_mbox/ctakes-commits/201209.mbox/<20120924220607.1BFC72388C6A@eris.apache.org>,chenpei
Mon Sep 24 22:07:40 2012,http://mail-archives.apache.org/mod_mbox/ctakes-commits/201209.mbox/<20120924220607.1BFC72388C6A@eris.apache.org>,chenpei
Mon Sep 24 22:07:40 2012,http://mail-archives.apache.org/mod_mbox/ctakes-commits/201209.mbox/<20120924220607.1BFC72388C6A@eris.apache.org>,chenpei
Mon Sep 24 22:07:40 2012,http://mail-archives.apache.org/mod_mbox/ctakes-commits/201209.mbox/<20120924220607.1BFC72388C6A@eris.apache.org>,chenpei
Mon Sep 24 22:07:40 2012,http://mail-archives.apache.org/mod_mbox/ctakes-commits/201209.mbox/<20120924220607.1BFC72388C6A@eris.apache.org>,chenpei
Mon Sep 24 22:07:40 2012,http://mail-archives.apache.org/mod_mbox/ctakes-commits/201209.mbox/<20120924220607.1BFC72388C6A@eris.apache.org>,chenpei
Mon Sep 24 22:07:40 2012,http://mail-archives.apache.org/mod_mbox/ctakes-commits/201209.mbox/<20120924220607.1BFC72388C6A@eris.apache.org>,chenpei
Mon Sep 24 22:07:40 2012,http://mail-archives.apache.org/mod_mbox/ctakes-commits/201209.mbox/<20120924220607.1BFC72388C6A@eris.apache.org>,chenpei
Mon Sep 24 22:07:40 2012,http://mail-archives.apache.org/mod_mbox/ctakes-commits/201209.mbox/<20120924220607.1BFC72388C6A@eris.apache.org>,chenpei
Mon Sep 24 22:07:40 2012,http://mail-archives.apache.org/mod_mbox/ctakes-commits/201209.mbox/<20120924220607.1BFC72388C6A@eris.apache.org>,chenpei
Mon Sep 24 22:07:40 2012,http://mail-archives.apache.org/mod_mbox/ctakes-commits/201209.mbox/<20120924220607.1BFC72388C6A@eris.apache.org>,chenpei
Mon Sep 24 22:07:40 2012,http://mail-archives.apache.org/mod_mbox/ctakes-commits/201209.mbox/<20120924220607.1BFC72388C6A@eris.apache.org>,chenpei
Mon Sep 24 22:07:40 2012,http://mail-archives.apache.org/mod_mbox/ctakes-commits/201209.mbox/<20120924220607.1BFC72388C6A@eris.apache.org>,chenpei
Mon Sep 24 22:07:40 2012,http://mail-archives.apache.org/mod_mbox/ctakes-commits/201209.mbox/<20120924220607.1BFC72388C6A@eris.apache.org>,chenpei
Mon Sep 24 22:07:40 2012,http://mail-archives.apache.org/mod_mbox/ctakes-commits/201209.mbox/<20120924220607.1BFC72388C6A@eris.apache.org>,chenpei
Mon Sep 24 22:07:40 2012,http://mail-archives.apache.org/mod_mbox/ctakes-commits/201209.mbox/<20120924220607.1BFC72388C6A@eris.apache.org>,chenpei
Mon Sep 24 22:07:40 2012,http://mail-archives.apache.org/mod_mbox/ctakes-commits/201209.mbox/<20120924220607.1BFC72388C6A@eris.apache.org>,chenpei
Mon Sep 24 22:07:40 2012,http://mail-archives.apache.org/mod_mbox/ctakes-commits/201209.mbox/<20120924220607.1BFC72388C6A@eris.apache.org>,chenpei
Mon Sep 24 22:07:40 2012,http://mail-archives.apache.org/mod_mbox/ctakes-commits/201209.mbox/<20120924220607.1BFC72388C6A@eris.apache.org>,chenpei
Mon Sep 24 22:07:40 2012,http://mail-archives.apache.org/mod_mbox/ctakes-commits/201209.mbox/<20120924220607.1BFC72388C6A@eris.apache.org>,chenpei
Mon Sep 24 22:07:40 2012,http://mail-archives.apache.org/mod_mbox/ctakes-commits/201209.mbox/<20120924220607.1BFC72388C6A@eris.apache.org>,chenpei
Mon Sep 24 22:07:40 2012,http://mail-archives.apache.org/mod_mbox/ctakes-commits/201209.mbox/<20120924220607.1BFC72388C6A@eris.apache.org>,chenpei
Mon Sep 24 22:07:40 2012,http://mail-archives.apache.org/mod_mbox/ctakes-commits/201209.mbox/<20120924220607.1BFC72388C6A@eris.apache.org>,chenpei
Mon Sep 24 22:07:40 2012,http://mail-archives.apache.org/mod_mbox/ctakes-commits/201209.mbox/<20120924220607.1BFC72388C6A@eris.apache.org>,chenpei
Mon Sep 24 22:07:40 2012,http://mail-archives.apache.org/mod_mbox/ctakes-commits/201209.mbox/<20120924220607.1BFC72388C6A@eris.apache.org>,chenpei
Mon Sep 24 22:07:40 2012,http://mail-archives.apache.org/mod_mbox/ctakes-commits/201209.mbox/<20120924220607.1BFC72388C6A@eris.apache.org>,chenpei
Mon Sep 24 22:07:40 2012,http://mail-archives.apache.org/mod_mbox/ctakes-commits/201209.mbox/<20120924220607.1BFC72388C6A@eris.apache.org>,chenpei
Mon Sep 24 22:07:40 2012,http://mail-archives.apache.org/mod_mbox/ctakes-commits/201209.mbox/<20120924220607.1BFC72388C6A@eris.apache.org>,chenpei
Mon Sep 24 22:07:40 2012,http://mail-archives.apache.org/mod_mbox/ctakes-commits/201209.mbox/<20120924220607.1BFC72388C6A@eris.apache.org>,chenpei
Mon Sep 24 22:07:40 2012,http://mail-archives.apache.org/mod_mbox/ctakes-commits/201209.mbox/<20120924220607.1BFC72388C6A@eris.apache.org>,chenpei
Mon Sep 24 22:07:40 2012,http://mail-archives.apache.org/mod_mbox/ctakes-commits/201209.mbox/<20120924220607.1BFC72388C6A@eris.apache.org>,chenpei
Mon Sep 24 22:07:40 2012,http://mail-archives.apache.org/mod_mbox/ctakes-commits/201209.mbox/<20120924220607.1BFC72388C6A@eris.apache.org>,chenpei
Mon Sep 24 22:07:40 2012,http://mail-archives.apache.org/mod_mbox/ctakes-commits/201209.mbox/<20120924220607.1BFC72388C6A@eris.apache.org>,chenpei
Mon Sep 24 22:07:40 2012,http://mail-archives.apache.org/mod_mbox/ctakes-commits/201209.mbox/<20120924220607.1BFC72388C6A@eris.apache.org>,chenpei
Mon Sep 24 22:07:40 2012,http://mail-archives.apache.org/mod_mbox/ctakes-commits/201209.mbox/<20120924220607.1BFC72388C6A@eris.apache.org>,chenpei
Mon Sep 24 22:07:40 2012,http://mail-archives.apache.org/mod_mbox/ctakes-commits/201209.mbox/<20120924220607.1BFC72388C6A@eris.apache.org>,chenpei
Mon Sep 24 22:07:40 2012,http://mail-archives.apache.org/mod_mbox/ctakes-commits/201209.mbox/<20120924220607.1BFC72388C6A@eris.apache.org>,chenpei
Mon Sep 24 22:07:40 2012,http://mail-archives.apache.org/mod_mbox/ctakes-commits/201209.mbox/<20120924220607.1BFC72388C6A@eris.apache.org>,chenpei
Mon Sep 24 22:07:40 2012,http://mail-archives.apache.org/mod_mbox/ctakes-commits/201209.mbox/<20120924220607.1BFC72388C6A@eris.apache.org>,chenpei
Mon Sep 24 22:07:40 2012,http://mail-archives.apache.org/mod_mbox/ctakes-commits/201209.mbox/<20120924220607.1BFC72388C6A@eris.apache.org>,chenpei
Mon Sep 24 22:07:40 2012,http://mail-archives.apache.org/mod_mbox/ctakes-commits/201209.mbox/<20120924220607.1BFC72388C6A@eris.apache.org>,chenpei
Mon Sep 24 22:07:40 2012,http://mail-archives.apache.org/mod_mbox/ctakes-commits/201209.mbox/<20120924220607.1BFC72388C6A@eris.apache.org>,chenpei
Mon Sep 24 22:07:40 2012,http://mail-archives.apache.org/mod_mbox/ctakes-commits/201209.mbox/<20120924220607.1BFC72388C6A@eris.apache.org>,chenpei
Mon Sep 24 22:07:40 2012,http://mail-archives.apache.org/mod_mbox/ctakes-commits/201209.mbox/<20120924220607.1BFC72388C6A@eris.apache.org>,chenpei
Mon Sep 24 22:07:40 2012,http://mail-archives.apache.org/mod_mbox/ctakes-commits/201209.mbox/<20120924220607.1BFC72388C6A@eris.apache.org>,chenpei
Mon Sep 24 22:07:40 2012,http://mail-archives.apache.org/mod_mbox/ctakes-commits/201209.mbox/<20120924220607.1BFC72388C6A@eris.apache.org>,chenpei
Mon Sep 24 22:07:40 2012,http://mail-archives.apache.org/mod_mbox/ctakes-commits/201209.mbox/<20120924220607.1BFC72388C6A@eris.apache.org>,chenpei
Mon Sep 24 22:07:40 2012,http://mail-archives.apache.org/mod_mbox/ctakes-commits/201209.mbox/<20120924220607.1BFC72388C6A@eris.apache.org>,chenpei
Mon Sep 24 22:07:40 2012,http://mail-archives.apache.org/mod_mbox/ctakes-commits/201209.mbox/<20120924220607.1BFC72388C6A@eris.apache.org>,chenpei
Mon Sep 24 22:07:40 2012,http://mail-archives.apache.org/mod_mbox/ctakes-commits/201209.mbox/<20120924220607.1BFC72388C6A@eris.apache.org>,chenpei
Mon Sep 24 22:07:40 2012,http://mail-archives.apache.org/mod_mbox/ctakes-commits/201209.mbox/<20120924220607.1BFC72388C6A@eris.apache.org>,chenpei
Mon Sep 24 22:07:40 2012,http://mail-archives.apache.org/mod_mbox/ctakes-commits/201209.mbox/<20120924220607.1BFC72388C6A@eris.apache.org>,chenpei
Mon Sep 24 22:07:40 2012,http://mail-archives.apache.org/mod_mbox/ctakes-commits/201209.mbox/<20120924220607.1BFC72388C6A@eris.apache.org>,chenpei
Mon Sep 24 22:07:40 2012,http://mail-archives.apache.org/mod_mbox/ctakes-commits/201209.mbox/<20120924220607.1BFC72388C6A@eris.apache.org>,chenpei
Mon Sep 24 22:07:40 2012,http://mail-archives.apache.org/mod_mbox/ctakes-commits/201209.mbox/<20120924220607.1BFC72388C6A@eris.apache.org>,chenpei
Mon Sep 24 22:07:40 2012,http://mail-archives.apache.org/mod_mbox/ctakes-commits/201209.mbox/<20120924220607.1BFC72388C6A@eris.apache.org>,chenpei
Mon Sep 24 22:07:40 2012,http://mail-archives.apache.org/mod_mbox/ctakes-commits/201209.mbox/<20120924220607.1BFC72388C6A@eris.apache.org>,chenpei
Mon Sep 24 22:07:40 2012,http://mail-archives.apache.org/mod_mbox/ctakes-commits/201209.mbox/<20120924220607.1BFC72388C6A@eris.apache.org>,chenpei
Mon Sep 24 22:07:40 2012,http://mail-archives.apache.org/mod_mbox/ctakes-commits/201209.mbox/<20120924220607.1BFC72388C6A@eris.apache.org>,chenpei
Mon Sep 24 22:07:40 2012,http://mail-archives.apache.org/mod_mbox/ctakes-commits/201209.mbox/<20120924220607.1BFC72388C6A@eris.apache.org>,chenpei
Mon Sep 24 22:07:40 2012,http://mail-archives.apache.org/mod_mbox/ctakes-commits/201209.mbox/<20120924220607.1BFC72388C6A@eris.apache.org>,chenpei
Mon Sep 24 22:07:40 2012,http://mail-archives.apache.org/mod_mbox/ctakes-commits/201209.mbox/<20120924220607.1BFC72388C6A@eris.apache.org>,chenpei
Mon Sep 24 22:07:40 2012,http://mail-archives.apache.org/mod_mbox/ctakes-commits/201209.mbox/<20120924220607.1BFC72388C6A@eris.apache.org>,chenpei
Mon Sep 24 22:07:40 2012,http://mail-archives.apache.org/mod_mbox/ctakes-commits/201209.mbox/<20120924220607.1BFC72388C6A@eris.apache.org>,chenpei
Mon Sep 24 22:07:40 2012,http://mail-archives.apache.org/mod_mbox/ctakes-commits/201209.mbox/<20120924220607.1BFC72388C6A@eris.apache.org>,chenpei
Mon Sep 24 22:07:40 2012,http://mail-archives.apache.org/mod_mbox/ctakes-commits/201209.mbox/<20120924220607.1BFC72388C6A@eris.apache.org>,chenpei
Mon Sep 24 22:07:40 2012,http://mail-archives.apache.org/mod_mbox/ctakes-commits/201209.mbox/<20120924220607.1BFC72388C6A@eris.apache.org>,chenpei
Mon Sep 24 22:07:40 2012,http://mail-archives.apache.org/mod_mbox/ctakes-commits/201209.mbox/<20120924220607.1BFC72388C6A@eris.apache.org>,chenpei
Mon Sep 24 22:07:40 2012,http://mail-archives.apache.org/mod_mbox/ctakes-commits/201209.mbox/<20120924220607.1BFC72388C6A@eris.apache.org>,chenpei
Mon Sep 24 22:07:40 2012,http://mail-archives.apache.org/mod_mbox/ctakes-commits/201209.mbox/<20120924220607.1BFC72388C6A@eris.apache.org>,chenpei
Mon Sep 24 22:07:40 2012,http://mail-archives.apache.org/mod_mbox/ctakes-commits/201209.mbox/<20120924220607.1BFC72388C6A@eris.apache.org>,chenpei
Mon Sep 24 22:07:40 2012,http://mail-archives.apache.org/mod_mbox/ctakes-commits/201209.mbox/<20120924220607.1BFC72388C6A@eris.apache.org>,chenpei
Mon Sep 24 22:07:40 2012,http://mail-archives.apache.org/mod_mbox/ctakes-commits/201209.mbox/<20120924220607.1BFC72388C6A@eris.apache.org>,chenpei
Mon Sep 24 22:07:40 2012,http://mail-archives.apache.org/mod_mbox/ctakes-commits/201209.mbox/<20120924220607.1BFC72388C6A@eris.apache.org>,chenpei
Mon Sep 24 22:07:40 2012,http://mail-archives.apache.org/mod_mbox/ctakes-commits/201209.mbox/<20120924220607.1BFC72388C6A@eris.apache.org>,chenpei
Mon Sep 24 22:07:40 2012,http://mail-archives.apache.org/mod_mbox/ctakes-commits/201209.mbox/<20120924220607.1BFC72388C6A@eris.apache.org>,chenpei
Mon Sep 24 22:07:40 2012,http://mail-archives.apache.org/mod_mbox/ctakes-commits/201209.mbox/<20120924220607.1BFC72388C6A@eris.apache.org>,chenpei
Mon Sep 24 22:07:40 2012,http://mail-archives.apache.org/mod_mbox/ctakes-commits/201209.mbox/<20120924220607.1BFC72388C6A@eris.apache.org>,chenpei
Mon Sep 24 22:07:40 2012,http://mail-archives.apache.org/mod_mbox/ctakes-commits/201209.mbox/<20120924220607.1BFC72388C6A@eris.apache.org>,chenpei
Mon Sep 24 22:07:40 2012,http://mail-archives.apache.org/mod_mbox/ctakes-commits/201209.mbox/<20120924220607.1BFC72388C6A@eris.apache.org>,chenpei
Mon Sep 24 22:07:40 2012,http://mail-archives.apache.org/mod_mbox/ctakes-commits/201209.mbox/<20120924220607.1BFC72388C6A@eris.apache.org>,chenpei
Mon Sep 24 22:07:40 2012,http://mail-archives.apache.org/mod_mbox/ctakes-commits/201209.mbox/<20120924220607.1BFC72388C6A@eris.apache.org>,chenpei
Mon Sep 24 22:07:40 2012,http://mail-archives.apache.org/mod_mbox/ctakes-commits/201209.mbox/<20120924220607.1BFC72388C6A@eris.apache.org>,chenpei
Mon Sep 24 22:07:40 2012,http://mail-archives.apache.org/mod_mbox/ctakes-commits/201209.mbox/<20120924220607.1BFC72388C6A@eris.apache.org>,chenpei
Mon Sep 24 22:07:40 2012,http://mail-archives.apache.org/mod_mbox/ctakes-commits/201209.mbox/<20120924220607.1BFC72388C6A@eris.apache.org>,chenpei
Mon Sep 24 22:07:40 2012,http://mail-archives.apache.org/mod_mbox/ctakes-commits/201209.mbox/<20120924220607.1BFC72388C6A@eris.apache.org>,chenpei
Mon Sep 24 22:07:40 2012,http://mail-archives.apache.org/mod_mbox/ctakes-commits/201209.mbox/<20120924220607.1BFC72388C6A@eris.apache.org>,chenpei
Mon Sep 24 22:07:40 2012,http://mail-archives.apache.org/mod_mbox/ctakes-commits/201209.mbox/<20120924220607.1BFC72388C6A@eris.apache.org>,chenpei
Mon Sep 24 22:07:40 2012,http://mail-archives.apache.org/mod_mbox/ctakes-commits/201209.mbox/<20120924220607.1BFC72388C6A@eris.apache.org>,chenpei
Mon Sep 24 22:07:40 2012,http://mail-archives.apache.org/mod_mbox/ctakes-commits/201209.mbox/<20120924220607.1BFC72388C6A@eris.apache.org>,chenpei
Mon Sep 24 22:07:40 2012,http://mail-archives.apache.org/mod_mbox/ctakes-commits/201209.mbox/<20120924220607.1BFC72388C6A@eris.apache.org>,chenpei
Mon Sep 24 22:07:40 2012,http://mail-archives.apache.org/mod_mbox/ctakes-commits/201209.mbox/<20120924220607.1BFC72388C6A@eris.apache.org>,chenpei
Mon Sep 24 22:07:40 2012,http://mail-archives.apache.org/mod_mbox/ctakes-commits/201209.mbox/<20120924220607.1BFC72388C6A@eris.apache.org>,chenpei
Mon Sep 24 22:07:40 2012,http://mail-archives.apache.org/mod_mbox/ctakes-commits/201209.mbox/<20120924220607.1BFC72388C6A@eris.apache.org>,chenpei
Mon Sep 24 22:07:40 2012,http://mail-archives.apache.org/mod_mbox/ctakes-commits/201209.mbox/<20120924220607.1BFC72388C6A@eris.apache.org>,chenpei
Mon Sep 24 22:07:40 2012,http://mail-archives.apache.org/mod_mbox/ctakes-commits/201209.mbox/<20120924220607.1BFC72388C6A@eris.apache.org>,chenpei
Mon Sep 24 22:07:40 2012,http://mail-archives.apache.org/mod_mbox/ctakes-commits/201209.mbox/<20120924220607.1BFC72388C6A@eris.apache.org>,chenpei
Mon Sep 24 22:07:40 2012,http://mail-archives.apache.org/mod_mbox/ctakes-commits/201209.mbox/<20120924220607.1BFC72388C6A@eris.apache.org>,chenpei
Mon Sep 24 22:07:40 2012,http://mail-archives.apache.org/mod_mbox/ctakes-commits/201209.mbox/<20120924220607.1BFC72388C6A@eris.apache.org>,chenpei
Mon Sep 24 22:07:40 2012,http://mail-archives.apache.org/mod_mbox/ctakes-commits/201209.mbox/<20120924220607.1BFC72388C6A@eris.apache.org>,chenpei
Mon Sep 24 22:07:40 2012,http://mail-archives.apache.org/mod_mbox/ctakes-commits/201209.mbox/<20120924220607.1BFC72388C6A@eris.apache.org>,chenpei
Mon Sep 24 22:07:40 2012,http://mail-archives.apache.org/mod_mbox/ctakes-commits/201209.mbox/<20120924220607.1BFC72388C6A@eris.apache.org>,chenpei
Mon Sep 24 22:07:40 2012,http://mail-archives.apache.org/mod_mbox/ctakes-commits/201209.mbox/<20120924220607.1BFC72388C6A@eris.apache.org>,chenpei
Mon Sep 24 22:07:40 2012,http://mail-archives.apache.org/mod_mbox/ctakes-commits/201209.mbox/<20120924220607.1BFC72388C6A@eris.apache.org>,chenpei
Mon Sep 24 22:07:40 2012,http://mail-archives.apache.org/mod_mbox/ctakes-commits/201209.mbox/<20120924220607.1BFC72388C6A@eris.apache.org>,chenpei
Mon Sep 24 22:07:40 2012,http://mail-archives.apache.org/mod_mbox/ctakes-commits/201209.mbox/<20120924220607.1BFC72388C6A@eris.apache.org>,chenpei
Mon Sep 24 22:07:40 2012,http://mail-archives.apache.org/mod_mbox/ctakes-commits/201209.mbox/<20120924220607.1BFC72388C6A@eris.apache.org>,chenpei
Mon Sep 24 22:07:40 2012,http://mail-archives.apache.org/mod_mbox/ctakes-commits/201209.mbox/<20120924220607.1BFC72388C6A@eris.apache.org>,chenpei
Mon Sep 24 22:07:40 2012,http://mail-archives.apache.org/mod_mbox/ctakes-commits/201209.mbox/<20120924220607.1BFC72388C6A@eris.apache.org>,chenpei
Mon Sep 24 22:07:40 2012,http://mail-archives.apache.org/mod_mbox/ctakes-commits/201209.mbox/<20120924220607.1BFC72388C6A@eris.apache.org>,chenpei
Mon Sep 24 22:07:40 2012,http://mail-archives.apache.org/mod_mbox/ctakes-commits/201209.mbox/<20120924220607.1BFC72388C6A@eris.apache.org>,chenpei
Mon Sep 24 22:07:40 2012,http://mail-archives.apache.org/mod_mbox/ctakes-commits/201209.mbox/<20120924220607.1BFC72388C6A@eris.apache.org>,chenpei
Mon Sep 24 22:07:40 2012,http://mail-archives.apache.org/mod_mbox/ctakes-commits/201209.mbox/<20120924220607.1BFC72388C6A@eris.apache.org>,chenpei
Mon Sep 24 22:07:40 2012,http://mail-archives.apache.org/mod_mbox/ctakes-commits/201209.mbox/<20120924220607.1BFC72388C6A@eris.apache.org>,chenpei
Mon Sep 24 22:07:40 2012,http://mail-archives.apache.org/mod_mbox/ctakes-commits/201209.mbox/<20120924220607.1BFC72388C6A@eris.apache.org>,chenpei
Mon Sep 24 22:07:40 2012,http://mail-archives.apache.org/mod_mbox/ctakes-commits/201209.mbox/<20120924220607.1BFC72388C6A@eris.apache.org>,chenpei
Mon Sep 24 22:07:40 2012,http://mail-archives.apache.org/mod_mbox/ctakes-commits/201209.mbox/<20120924220607.1BFC72388C6A@eris.apache.org>,chenpei
Mon Sep 24 22:07:40 2012,http://mail-archives.apache.org/mod_mbox/ctakes-commits/201209.mbox/<20120924220607.1BFC72388C6A@eris.apache.org>,chenpei
Mon Sep 24 22:07:40 2012,http://mail-archives.apache.org/mod_mbox/ctakes-commits/201209.mbox/<20120924220607.1BFC72388C6A@eris.apache.org>,chenpei
Mon Sep 24 22:07:40 2012,http://mail-archives.apache.org/mod_mbox/ctakes-commits/201209.mbox/<20120924220607.1BFC72388C6A@eris.apache.org>,chenpei
Mon Sep 24 22:07:40 2012,http://mail-archives.apache.org/mod_mbox/ctakes-commits/201209.mbox/<20120924220607.1BFC72388C6A@eris.apache.org>,chenpei
Mon Sep 24 22:07:40 2012,http://mail-archives.apache.org/mod_mbox/ctakes-commits/201209.mbox/<20120924220607.1BFC72388C6A@eris.apache.org>,chenpei
Mon Sep 24 22:07:40 2012,http://mail-archives.apache.org/mod_mbox/ctakes-commits/201209.mbox/<20120924220607.1BFC72388C6A@eris.apache.org>,chenpei
Mon Sep 24 22:07:40 2012,http://mail-archives.apache.org/mod_mbox/ctakes-commits/201209.mbox/<20120924220607.1BFC72388C6A@eris.apache.org>,chenpei
Mon Sep 24 22:07:40 2012,http://mail-archives.apache.org/mod_mbox/ctakes-commits/201209.mbox/<20120924220607.1BFC72388C6A@eris.apache.org>,chenpei
Mon Sep 24 22:07:40 2012,http://mail-archives.apache.org/mod_mbox/ctakes-commits/201209.mbox/<20120924220607.1BFC72388C6A@eris.apache.org>,chenpei
Mon Sep 24 22:07:40 2012,http://mail-archives.apache.org/mod_mbox/ctakes-commits/201209.mbox/<20120924220607.1BFC72388C6A@eris.apache.org>,chenpei
Mon Sep 24 22:07:40 2012,http://mail-archives.apache.org/mod_mbox/ctakes-commits/201209.mbox/<20120924220607.1BFC72388C6A@eris.apache.org>,chenpei
Mon Sep 24 22:07:40 2012,http://mail-archives.apache.org/mod_mbox/ctakes-commits/201209.mbox/<20120924220607.1BFC72388C6A@eris.apache.org>,chenpei
Mon Sep 24 22:07:40 2012,http://mail-archives.apache.org/mod_mbox/ctakes-commits/201209.mbox/<20120924220607.1BFC72388C6A@eris.apache.org>,chenpei
Mon Sep 24 22:07:40 2012,http://mail-archives.apache.org/mod_mbox/ctakes-commits/201209.mbox/<20120924220607.1BFC72388C6A@eris.apache.org>,chenpei
Mon Sep 24 22:07:40 2012,http://mail-archives.apache.org/mod_mbox/ctakes-commits/201209.mbox/<20120924220607.1BFC72388C6A@eris.apache.org>,chenpei
Mon Sep 24 22:07:40 2012,http://mail-archives.apache.org/mod_mbox/ctakes-commits/201209.mbox/<20120924220607.1BFC72388C6A@eris.apache.org>,chenpei
Mon Sep 24 22:07:40 2012,http://mail-archives.apache.org/mod_mbox/ctakes-commits/201209.mbox/<20120924220607.1BFC72388C6A@eris.apache.org>,chenpei
Mon Sep 24 22:07:40 2012,http://mail-archives.apache.org/mod_mbox/ctakes-commits/201209.mbox/<20120924220607.1BFC72388C6A@eris.apache.org>,chenpei
Mon Sep 24 22:07:40 2012,http://mail-archives.apache.org/mod_mbox/ctakes-commits/201209.mbox/<20120924220607.1BFC72388C6A@eris.apache.org>,chenpei
Mon Sep 24 22:07:40 2012,http://mail-archives.apache.org/mod_mbox/ctakes-commits/201209.mbox/<20120924220607.1BFC72388C6A@eris.apache.org>,chenpei
Mon Sep 24 22:07:40 2012,http://mail-archives.apache.org/mod_mbox/ctakes-commits/201209.mbox/<20120924220607.1BFC72388C6A@eris.apache.org>,chenpei
Mon Sep 24 22:07:40 2012,http://mail-archives.apache.org/mod_mbox/ctakes-commits/201209.mbox/<20120924220607.1BFC72388C6A@eris.apache.org>,chenpei
Mon Sep 24 22:07:40 2012,http://mail-archives.apache.org/mod_mbox/ctakes-commits/201209.mbox/<20120924220607.1BFC72388C6A@eris.apache.org>,chenpei
Mon Sep 24 22:07:40 2012,http://mail-archives.apache.org/mod_mbox/ctakes-commits/201209.mbox/<20120924220607.1BFC72388C6A@eris.apache.org>,chenpei
Mon Sep 24 22:07:40 2012,http://mail-archives.apache.org/mod_mbox/ctakes-commits/201209.mbox/<20120924220607.1BFC72388C6A@eris.apache.org>,chenpei
Mon Sep 24 22:07:40 2012,http://mail-archives.apache.org/mod_mbox/ctakes-commits/201209.mbox/<20120924220607.1BFC72388C6A@eris.apache.org>,chenpei
Mon Sep 24 22:07:40 2012,http://mail-archives.apache.org/mod_mbox/ctakes-commits/201209.mbox/<20120924220607.1BFC72388C6A@eris.apache.org>,chenpei
Mon Sep 24 22:07:40 2012,http://mail-archives.apache.org/mod_mbox/ctakes-commits/201209.mbox/<20120924220607.1BFC72388C6A@eris.apache.org>,chenpei
Mon Sep 24 22:07:40 2012,http://mail-archives.apache.org/mod_mbox/ctakes-commits/201209.mbox/<20120924220607.1BFC72388C6A@eris.apache.org>,chenpei
Mon Sep 24 22:07:40 2012,http://mail-archives.apache.org/mod_mbox/ctakes-commits/201209.mbox/<20120924220607.1BFC72388C6A@eris.apache.org>,chenpei
Mon Sep 24 22:07:40 2012,http://mail-archives.apache.org/mod_mbox/ctakes-commits/201209.mbox/<20120924220607.1BFC72388C6A@eris.apache.org>,chenpei
Mon Sep 24 22:07:40 2012,http://mail-archives.apache.org/mod_mbox/ctakes-commits/201209.mbox/<20120924220607.1BFC72388C6A@eris.apache.org>,chenpei
Mon Sep 24 22:07:40 2012,http://mail-archives.apache.org/mod_mbox/ctakes-commits/201209.mbox/<20120924220607.1BFC72388C6A@eris.apache.org>,chenpei
Mon Sep 24 22:07:40 2012,http://mail-archives.apache.org/mod_mbox/ctakes-commits/201209.mbox/<20120924220607.1BFC72388C6A@eris.apache.org>,chenpei
Mon Sep 24 22:07:40 2012,http://mail-archives.apache.org/mod_mbox/ctakes-commits/201209.mbox/<20120924220607.1BFC72388C6A@eris.apache.org>,chenpei
Mon Sep 24 22:07:40 2012,http://mail-archives.apache.org/mod_mbox/ctakes-commits/201209.mbox/<20120924220607.1BFC72388C6A@eris.apache.org>,chenpei
Mon Sep 24 22:07:40 2012,http://mail-archives.apache.org/mod_mbox/ctakes-commits/201209.mbox/<20120924220607.1BFC72388C6A@eris.apache.org>,chenpei
Mon Sep 24 22:07:40 2012,http://mail-archives.apache.org/mod_mbox/ctakes-commits/201209.mbox/<20120924220607.1BFC72388C6A@eris.apache.org>,chenpei
Mon Sep 24 22:07:40 2012,http://mail-archives.apache.org/mod_mbox/ctakes-commits/201209.mbox/<20120924220607.1BFC72388C6A@eris.apache.org>,chenpei
Mon Sep 24 22:07:40 2012,http://mail-archives.apache.org/mod_mbox/ctakes-commits/201209.mbox/<20120924220607.1BFC72388C6A@eris.apache.org>,chenpei
Mon Sep 24 22:07:40 2012,http://mail-archives.apache.org/mod_mbox/ctakes-commits/201209.mbox/<20120924220607.1BFC72388C6A@eris.apache.org>,chenpei
Mon Sep 24 22:07:40 2012,http://mail-archives.apache.org/mod_mbox/ctakes-commits/201209.mbox/<20120924220607.1BFC72388C6A@eris.apache.org>,chenpei
Mon Sep 24 22:07:40 2012,http://mail-archives.apache.org/mod_mbox/ctakes-commits/201209.mbox/<20120924220607.1BFC72388C6A@eris.apache.org>,chenpei
Mon Sep 24 22:07:40 2012,http://mail-archives.apache.org/mod_mbox/ctakes-commits/201209.mbox/<20120924220607.1BFC72388C6A@eris.apache.org>,chenpei
Mon Sep 24 22:07:40 2012,http://mail-archives.apache.org/mod_mbox/ctakes-commits/201209.mbox/<20120924220607.1BFC72388C6A@eris.apache.org>,chenpei
Mon Sep 24 22:07:40 2012,http://mail-archives.apache.org/mod_mbox/ctakes-commits/201209.mbox/<20120924220607.1BFC72388C6A@eris.apache.org>,chenpei
Mon Sep 24 22:07:40 2012,http://mail-archives.apache.org/mod_mbox/ctakes-commits/201209.mbox/<20120924220607.1BFC72388C6A@eris.apache.org>,chenpei
Mon Sep 24 22:07:40 2012,http://mail-archives.apache.org/mod_mbox/ctakes-commits/201209.mbox/<20120924220607.1BFC72388C6A@eris.apache.org>,chenpei
Mon Sep 24 22:07:40 2012,http://mail-archives.apache.org/mod_mbox/ctakes-commits/201209.mbox/<20120924220607.1BFC72388C6A@eris.apache.org>,chenpei
Mon Sep 24 22:07:40 2012,http://mail-archives.apache.org/mod_mbox/ctakes-commits/201209.mbox/<20120924220607.1BFC72388C6A@eris.apache.org>,chenpei
Mon Sep 24 22:07:40 2012,http://mail-archives.apache.org/mod_mbox/ctakes-commits/201209.mbox/<20120924220607.1BFC72388C6A@eris.apache.org>,chenpei
Mon Sep 24 22:07:40 2012,http://mail-archives.apache.org/mod_mbox/ctakes-commits/201209.mbox/<20120924220607.1BFC72388C6A@eris.apache.org>,chenpei
Mon Sep 24 22:07:40 2012,http://mail-archives.apache.org/mod_mbox/ctakes-commits/201209.mbox/<20120924220607.1BFC72388C6A@eris.apache.org>,chenpei
Mon Sep 24 22:07:40 2012,http://mail-archives.apache.org/mod_mbox/ctakes-commits/201209.mbox/<20120924220607.1BFC72388C6A@eris.apache.org>,chenpei
Mon Sep 24 22:07:40 2012,http://mail-archives.apache.org/mod_mbox/ctakes-commits/201209.mbox/<20120924220607.1BFC72388C6A@eris.apache.org>,chenpei
Mon Sep 24 22:07:40 2012,http://mail-archives.apache.org/mod_mbox/ctakes-commits/201209.mbox/<20120924220607.1BFC72388C6A@eris.apache.org>,chenpei
Mon Sep 24 22:07:40 2012,http://mail-archives.apache.org/mod_mbox/ctakes-commits/201209.mbox/<20120924220607.344762388C72@eris.apache.org>,chenpei
Mon Sep 24 22:07:40 2012,http://mail-archives.apache.org/mod_mbox/ctakes-commits/201209.mbox/<20120924220607.1BFC72388C6A@eris.apache.org>,chenpei
Mon Sep 24 22:07:40 2012,http://mail-archives.apache.org/mod_mbox/ctakes-commits/201209.mbox/<20120924220607.1BFC72388C6A@eris.apache.org>,chenpei
Mon Sep 24 22:07:40 2012,http://mail-archives.apache.org/mod_mbox/ctakes-commits/201209.mbox/<20120924220607.1BFC72388C6A@eris.apache.org>,chenpei
Mon Sep 24 22:07:40 2012,http://mail-archives.apache.org/mod_mbox/ctakes-commits/201209.mbox/<20120924220607.1BFC72388C6A@eris.apache.org>,chenpei
Mon Sep 24 22:07:40 2012,http://mail-archives.apache.org/mod_mbox/ctakes-commits/201209.mbox/<20120924220607.1BFC72388C6A@eris.apache.org>,chenpei
Mon Sep 24 22:07:40 2012,http://mail-archives.apache.org/mod_mbox/ctakes-commits/201209.mbox/<20120924220607.1BFC72388C6A@eris.apache.org>,chenpei
Mon Sep 24 22:07:40 2012,http://mail-archives.apache.org/mod_mbox/ctakes-commits/201209.mbox/<20120924220607.1BFC72388C6A@eris.apache.org>,chenpei
Mon Sep 24 22:07:40 2012,http://mail-archives.apache.org/mod_mbox/ctakes-commits/201209.mbox/<20120924220607.1BFC72388C6A@eris.apache.org>,chenpei
Mon Sep 24 22:07:40 2012,http://mail-archives.apache.org/mod_mbox/ctakes-commits/201209.mbox/<20120924220607.1BFC72388C6A@eris.apache.org>,chenpei
Mon Sep 24 22:07:40 2012,http://mail-archives.apache.org/mod_mbox/ctakes-commits/201209.mbox/<20120924220607.1BFC72388C6A@eris.apache.org>,chenpei
Mon Sep 24 22:07:40 2012,http://mail-archives.apache.org/mod_mbox/ctakes-commits/201209.mbox/<20120924220607.1BFC72388C6A@eris.apache.org>,chenpei
Mon Sep 24 22:07:40 2012,http://mail-archives.apache.org/mod_mbox/ctakes-commits/201209.mbox/<20120924220607.1BFC72388C6A@eris.apache.org>,chenpei
Mon Sep 24 22:07:40 2012,http://mail-archives.apache.org/mod_mbox/ctakes-commits/201209.mbox/<20120924220607.1BFC72388C6A@eris.apache.org>,chenpei
Mon Sep 24 22:07:40 2012,http://mail-archives.apache.org/mod_mbox/ctakes-commits/201209.mbox/<20120924220607.1BFC72388C6A@eris.apache.org>,chenpei
Mon Sep 24 22:07:40 2012,http://mail-archives.apache.org/mod_mbox/ctakes-commits/201209.mbox/<20120924220607.1BFC72388C6A@eris.apache.org>,chenpei
Mon Sep 24 22:07:40 2012,http://mail-archives.apache.org/mod_mbox/ctakes-commits/201209.mbox/<20120924220607.1BFC72388C6A@eris.apache.org>,chenpei
Mon Sep 24 22:07:40 2012,http://mail-archives.apache.org/mod_mbox/ctakes-commits/201209.mbox/<20120924220607.1BFC72388C6A@eris.apache.org>,chenpei
Mon Sep 24 22:07:40 2012,http://mail-archives.apache.org/mod_mbox/ctakes-commits/201209.mbox/<20120924220607.1BFC72388C6A@eris.apache.org>,chenpei
Mon Sep 24 22:07:40 2012,http://mail-archives.apache.org/mod_mbox/ctakes-commits/201209.mbox/<20120924220607.1BFC72388C6A@eris.apache.org>,chenpei
Mon Sep 24 22:07:40 2012,http://mail-archives.apache.org/mod_mbox/ctakes-commits/201209.mbox/<20120924220607.1BFC72388C6A@eris.apache.org>,chenpei
Mon Sep 24 22:07:40 2012,http://mail-archives.apache.org/mod_mbox/ctakes-commits/201209.mbox/<20120924220607.1BFC72388C6A@eris.apache.org>,chenpei
Mon Sep 24 22:07:40 2012,http://mail-archives.apache.org/mod_mbox/ctakes-commits/201209.mbox/<20120924220607.1BFC72388C6A@eris.apache.org>,chenpei
Mon Sep 24 22:07:40 2012,http://mail-archives.apache.org/mod_mbox/ctakes-commits/201209.mbox/<20120924220607.1BFC72388C6A@eris.apache.org>,chenpei
Mon Sep 24 22:07:40 2012,http://mail-archives.apache.org/mod_mbox/ctakes-commits/201209.mbox/<20120924220607.1BFC72388C6A@eris.apache.org>,chenpei
Mon Sep 24 22:07:40 2012,http://mail-archives.apache.org/mod_mbox/ctakes-commits/201209.mbox/<20120924220607.1BFC72388C6A@eris.apache.org>,chenpei
Mon Sep 24 22:07:40 2012,http://mail-archives.apache.org/mod_mbox/ctakes-commits/201209.mbox/<20120924220607.1BFC72388C6A@eris.apache.org>,chenpei
Mon Sep 24 22:07:40 2012,http://mail-archives.apache.org/mod_mbox/ctakes-commits/201209.mbox/<20120924220607.1BFC72388C6A@eris.apache.org>,chenpei
Mon Sep 24 22:07:40 2012,http://mail-archives.apache.org/mod_mbox/ctakes-commits/201209.mbox/<20120924220607.1BFC72388C6A@eris.apache.org>,chenpei
Mon Sep 24 22:07:40 2012,http://mail-archives.apache.org/mod_mbox/ctakes-commits/201209.mbox/<20120924220607.1BFC72388C6A@eris.apache.org>,chenpei
Mon Sep 24 22:07:40 2012,http://mail-archives.apache.org/mod_mbox/ctakes-commits/201209.mbox/<20120924220607.1BFC72388C6A@eris.apache.org>,chenpei
Mon Sep 24 22:07:40 2012,http://mail-archives.apache.org/mod_mbox/ctakes-commits/201209.mbox/<20120924220607.1BFC72388C6A@eris.apache.org>,chenpei
Mon Sep 24 22:07:40 2012,http://mail-archives.apache.org/mod_mbox/ctakes-commits/201209.mbox/<20120924220607.1BFC72388C6A@eris.apache.org>,chenpei
Mon Sep 24 22:07:40 2012,http://mail-archives.apache.org/mod_mbox/ctakes-commits/201209.mbox/<20120924220607.1BFC72388C6A@eris.apache.org>,chenpei
Mon Sep 24 22:07:40 2012,http://mail-archives.apache.org/mod_mbox/ctakes-commits/201209.mbox/<20120924220607.1BFC72388C6A@eris.apache.org>,chenpei
Mon Sep 24 22:07:40 2012,http://mail-archives.apache.org/mod_mbox/ctakes-commits/201209.mbox/<20120924220607.1BFC72388C6A@eris.apache.org>,chenpei
Mon Sep 24 22:07:40 2012,http://mail-archives.apache.org/mod_mbox/ctakes-commits/201209.mbox/<20120924220607.1BFC72388C6A@eris.apache.org>,chenpei
Mon Sep 24 22:07:40 2012,http://mail-archives.apache.org/mod_mbox/ctakes-commits/201209.mbox/<20120924220607.1BFC72388C6A@eris.apache.org>,chenpei
Mon Sep 24 22:07:40 2012,http://mail-archives.apache.org/mod_mbox/ctakes-commits/201209.mbox/<20120924220607.1BFC72388C6A@eris.apache.org>,chenpei
Mon Sep 24 22:07:40 2012,http://mail-archives.apache.org/mod_mbox/ctakes-commits/201209.mbox/<20120924220607.1BFC72388C6A@eris.apache.org>,chenpei
Mon Sep 24 22:07:40 2012,http://mail-archives.apache.org/mod_mbox/ctakes-commits/201209.mbox/<20120924220607.1BFC72388C6A@eris.apache.org>,chenpei
Mon Sep 24 22:07:40 2012,http://mail-archives.apache.org/mod_mbox/ctakes-commits/201209.mbox/<20120924220607.1BFC72388C6A@eris.apache.org>,chenpei
Mon Sep 24 22:07:40 2012,http://mail-archives.apache.org/mod_mbox/ctakes-commits/201209.mbox/<20120924220607.1BFC72388C6A@eris.apache.org>,chenpei
Mon Sep 24 22:07:40 2012,http://mail-archives.apache.org/mod_mbox/ctakes-commits/201209.mbox/<20120924220607.1BFC72388C6A@eris.apache.org>,chenpei
Mon Sep 24 22:07:40 2012,http://mail-archives.apache.org/mod_mbox/ctakes-commits/201209.mbox/<20120924220607.1BFC72388C6A@eris.apache.org>,chenpei
Mon Sep 24 22:07:40 2012,http://mail-archives.apache.org/mod_mbox/ctakes-commits/201209.mbox/<20120924220607.1BFC72388C6A@eris.apache.org>,chenpei
Mon Sep 24 22:07:40 2012,http://mail-archives.apache.org/mod_mbox/ctakes-commits/201209.mbox/<20120924220607.1BFC72388C6A@eris.apache.org>,chenpei
Mon Sep 24 22:07:40 2012,http://mail-archives.apache.org/mod_mbox/ctakes-commits/201209.mbox/<20120924220607.1BFC72388C6A@eris.apache.org>,chenpei
Mon Sep 24 22:07:40 2012,http://mail-archives.apache.org/mod_mbox/ctakes-commits/201209.mbox/<20120924220607.1BFC72388C6A@eris.apache.org>,chenpei
Mon Sep 24 22:07:40 2012,http://mail-archives.apache.org/mod_mbox/ctakes-commits/201209.mbox/<20120924220607.1BFC72388C6A@eris.apache.org>,chenpei
Mon Sep 24 22:07:40 2012,http://mail-archives.apache.org/mod_mbox/ctakes-commits/201209.mbox/<20120924220607.1BFC72388C6A@eris.apache.org>,chenpei
Mon Sep 24 22:07:40 2012,http://mail-archives.apache.org/mod_mbox/ctakes-commits/201209.mbox/<20120924220607.1BFC72388C6A@eris.apache.org>,chenpei
Mon Sep 24 22:07:40 2012,http://mail-archives.apache.org/mod_mbox/ctakes-commits/201209.mbox/<20120924220607.1BFC72388C6A@eris.apache.org>,chenpei
Mon Sep 24 22:07:41 2012,http://mail-archives.apache.org/mod_mbox/ctakes-commits/201209.mbox/<20120924220607.27C382388C6D@eris.apache.org>,chenpei
Mon Sep 24 22:07:41 2012,http://mail-archives.apache.org/mod_mbox/ctakes-commits/201209.mbox/<20120924220607.27C382388C6D@eris.apache.org>,chenpei
Mon Sep 24 22:07:41 2012,http://mail-archives.apache.org/mod_mbox/ctakes-commits/201209.mbox/<20120924220607.27C382388C6D@eris.apache.org>,chenpei
Mon Sep 24 22:07:41 2012,http://mail-archives.apache.org/mod_mbox/ctakes-commits/201209.mbox/<20120924220607.27C382388C6D@eris.apache.org>,chenpei
Mon Sep 24 22:07:41 2012,http://mail-archives.apache.org/mod_mbox/ctakes-commits/201209.mbox/<20120924220607.27C382388C6D@eris.apache.org>,chenpei
Mon Sep 24 22:07:41 2012,http://mail-archives.apache.org/mod_mbox/ctakes-commits/201209.mbox/<20120924220607.27C382388C6D@eris.apache.org>,chenpei
Mon Sep 24 22:07:41 2012,http://mail-archives.apache.org/mod_mbox/ctakes-commits/201209.mbox/<20120924220607.27C382388C6D@eris.apache.org>,chenpei
Mon Sep 24 22:07:41 2012,http://mail-archives.apache.org/mod_mbox/ctakes-commits/201209.mbox/<20120924220607.27C382388C6D@eris.apache.org>,chenpei
Mon Sep 24 22:07:41 2012,http://mail-archives.apache.org/mod_mbox/ctakes-commits/201209.mbox/<20120924220607.27C382388C6D@eris.apache.org>,chenpei
Mon Sep 24 22:07:41 2012,http://mail-archives.apache.org/mod_mbox/ctakes-commits/201209.mbox/<20120924220607.27C382388C6D@eris.apache.org>,chenpei
Mon Sep 24 22:07:41 2012,http://mail-archives.apache.org/mod_mbox/ctakes-commits/201209.mbox/<20120924220607.27C382388C6D@eris.apache.org>,chenpei
Mon Sep 24 22:07:41 2012,http://mail-archives.apache.org/mod_mbox/ctakes-commits/201209.mbox/<20120924220607.27C382388C6D@eris.apache.org>,chenpei
Mon Sep 24 22:07:41 2012,http://mail-archives.apache.org/mod_mbox/ctakes-commits/201209.mbox/<20120924220607.27C382388C6D@eris.apache.org>,chenpei
Mon Sep 24 22:07:41 2012,http://mail-archives.apache.org/mod_mbox/ctakes-commits/201209.mbox/<20120924220607.27C382388C6D@eris.apache.org>,chenpei
Mon Sep 24 22:07:41 2012,http://mail-archives.apache.org/mod_mbox/ctakes-commits/201209.mbox/<20120924220607.27C382388C6D@eris.apache.org>,chenpei
Mon Sep 24 22:07:41 2012,http://mail-archives.apache.org/mod_mbox/ctakes-commits/201209.mbox/<20120924220607.27C382388C6D@eris.apache.org>,chenpei
Mon Sep 24 22:07:41 2012,http://mail-archives.apache.org/mod_mbox/ctakes-commits/201209.mbox/<20120924220607.27C382388C6D@eris.apache.org>,chenpei
Mon Sep 24 22:07:41 2012,http://mail-archives.apache.org/mod_mbox/ctakes-commits/201209.mbox/<20120924220607.27C382388C6D@eris.apache.org>,chenpei
Mon Sep 24 22:07:41 2012,http://mail-archives.apache.org/mod_mbox/ctakes-commits/201209.mbox/<20120924220607.27C382388C6D@eris.apache.org>,chenpei
Mon Sep 24 22:07:41 2012,http://mail-archives.apache.org/mod_mbox/ctakes-commits/201209.mbox/<20120924220607.27C382388C6D@eris.apache.org>,chenpei
Mon Sep 24 22:07:41 2012,http://mail-archives.apache.org/mod_mbox/ctakes-commits/201209.mbox/<20120924220607.27C382388C6D@eris.apache.org>,chenpei
Mon Sep 24 22:07:41 2012,http://mail-archives.apache.org/mod_mbox/ctakes-commits/201209.mbox/<20120924220607.27C382388C6D@eris.apache.org>,chenpei
Mon Sep 24 22:07:41 2012,http://mail-archives.apache.org/mod_mbox/ctakes-commits/201209.mbox/<20120924220607.27C382388C6D@eris.apache.org>,chenpei
Mon Sep 24 22:07:41 2012,http://mail-archives.apache.org/mod_mbox/ctakes-commits/201209.mbox/<20120924220607.27C382388C6D@eris.apache.org>,chenpei
Mon Sep 24 22:07:41 2012,http://mail-archives.apache.org/mod_mbox/ctakes-commits/201209.mbox/<20120924220607.27C382388C6D@eris.apache.org>,chenpei
Mon Sep 24 22:07:41 2012,http://mail-archives.apache.org/mod_mbox/ctakes-commits/201209.mbox/<20120924220607.27C382388C6D@eris.apache.org>,chenpei
Mon Sep 24 22:07:41 2012,http://mail-archives.apache.org/mod_mbox/ctakes-commits/201209.mbox/<20120924220607.27C382388C6D@eris.apache.org>,chenpei
Mon Sep 24 22:07:41 2012,http://mail-archives.apache.org/mod_mbox/ctakes-commits/201209.mbox/<20120924220607.27C382388C6D@eris.apache.org>,chenpei
Mon Sep 24 22:07:41 2012,http://mail-archives.apache.org/mod_mbox/ctakes-commits/201209.mbox/<20120924220607.27C382388C6D@eris.apache.org>,chenpei
Mon Sep 24 22:07:41 2012,http://mail-archives.apache.org/mod_mbox/ctakes-commits/201209.mbox/<20120924220607.27C382388C6D@eris.apache.org>,chenpei
Mon Sep 24 22:07:41 2012,http://mail-archives.apache.org/mod_mbox/ctakes-commits/201209.mbox/<20120924220607.27C382388C6D@eris.apache.org>,chenpei
Mon Sep 24 22:07:41 2012,http://mail-archives.apache.org/mod_mbox/ctakes-commits/201209.mbox/<20120924220607.27C382388C6D@eris.apache.org>,chenpei
Mon Sep 24 22:07:41 2012,http://mail-archives.apache.org/mod_mbox/ctakes-commits/201209.mbox/<20120924220607.27C382388C6D@eris.apache.org>,chenpei
Mon Sep 24 22:07:41 2012,http://mail-archives.apache.org/mod_mbox/ctakes-commits/201209.mbox/<20120924220607.27C382388C6D@eris.apache.org>,chenpei
Mon Sep 24 22:07:41 2012,http://mail-archives.apache.org/mod_mbox/ctakes-commits/201209.mbox/<20120924220607.27C382388C6D@eris.apache.org>,chenpei
Mon Sep 24 22:07:41 2012,http://mail-archives.apache.org/mod_mbox/ctakes-commits/201209.mbox/<20120924220607.27C382388C6D@eris.apache.org>,chenpei
Mon Sep 24 22:07:41 2012,http://mail-archives.apache.org/mod_mbox/ctakes-commits/201209.mbox/<20120924220607.27C382388C6D@eris.apache.org>,chenpei
Mon Sep 24 22:07:41 2012,http://mail-archives.apache.org/mod_mbox/ctakes-commits/201209.mbox/<20120924220607.27C382388C6D@eris.apache.org>,chenpei
Mon Sep 24 22:07:41 2012,http://mail-archives.apache.org/mod_mbox/ctakes-commits/201209.mbox/<20120924220607.27C382388C6D@eris.apache.org>,chenpei
Mon Sep 24 22:07:41 2012,http://mail-archives.apache.org/mod_mbox/ctakes-commits/201209.mbox/<20120924220607.27C382388C6D@eris.apache.org>,chenpei
Mon Sep 24 22:07:41 2012,http://mail-archives.apache.org/mod_mbox/ctakes-commits/201209.mbox/<20120924220607.27C382388C6D@eris.apache.org>,chenpei
Mon Sep 24 22:07:41 2012,http://mail-archives.apache.org/mod_mbox/ctakes-commits/201209.mbox/<20120924220607.27C382388C6D@eris.apache.org>,chenpei
Mon Sep 24 22:07:41 2012,http://mail-archives.apache.org/mod_mbox/ctakes-commits/201209.mbox/<20120924220607.27C382388C6D@eris.apache.org>,chenpei
Mon Sep 24 22:07:41 2012,http://mail-archives.apache.org/mod_mbox/ctakes-commits/201209.mbox/<20120924220607.27C382388C6D@eris.apache.org>,chenpei
Mon Sep 24 22:07:41 2012,http://mail-archives.apache.org/mod_mbox/ctakes-commits/201209.mbox/<20120924220607.27C382388C6D@eris.apache.org>,chenpei
Mon Sep 24 22:07:41 2012,http://mail-archives.apache.org/mod_mbox/ctakes-commits/201209.mbox/<20120924220607.27C382388C6D@eris.apache.org>,chenpei
Mon Sep 24 22:07:41 2012,http://mail-archives.apache.org/mod_mbox/ctakes-commits/201209.mbox/<20120924220607.27C382388C6D@eris.apache.org>,chenpei
Mon Sep 24 22:07:41 2012,http://mail-archives.apache.org/mod_mbox/ctakes-commits/201209.mbox/<20120924220607.27C382388C6D@eris.apache.org>,chenpei
Mon Sep 24 22:07:41 2012,http://mail-archives.apache.org/mod_mbox/ctakes-commits/201209.mbox/<20120924220607.27C382388C6D@eris.apache.org>,chenpei
Mon Sep 24 22:07:41 2012,http://mail-archives.apache.org/mod_mbox/ctakes-commits/201209.mbox/<20120924220607.27C382388C6D@eris.apache.org>,chenpei
Mon Sep 24 22:07:41 2012,http://mail-archives.apache.org/mod_mbox/ctakes-commits/201209.mbox/<20120924220607.27C382388C6D@eris.apache.org>,chenpei
Mon Sep 24 22:07:41 2012,http://mail-archives.apache.org/mod_mbox/ctakes-commits/201209.mbox/<20120924220607.27C382388C6D@eris.apache.org>,chenpei
Mon Sep 24 22:07:41 2012,http://mail-archives.apache.org/mod_mbox/ctakes-commits/201209.mbox/<20120924220607.27C382388C6D@eris.apache.org>,chenpei
Mon Sep 24 22:07:41 2012,http://mail-archives.apache.org/mod_mbox/ctakes-commits/201209.mbox/<20120924220607.27C382388C6D@eris.apache.org>,chenpei
Mon Sep 24 22:07:41 2012,http://mail-archives.apache.org/mod_mbox/ctakes-commits/201209.mbox/<20120924220607.27C382388C6D@eris.apache.org>,chenpei
Mon Sep 24 22:07:41 2012,http://mail-archives.apache.org/mod_mbox/ctakes-commits/201209.mbox/<20120924220607.27C382388C6D@eris.apache.org>,chenpei
Mon Sep 24 22:07:41 2012,http://mail-archives.apache.org/mod_mbox/ctakes-commits/201209.mbox/<20120924220607.27C382388C6D@eris.apache.org>,chenpei
Mon Sep 24 22:07:41 2012,http://mail-archives.apache.org/mod_mbox/ctakes-commits/201209.mbox/<20120924220607.27C382388C6D@eris.apache.org>,chenpei
Mon Sep 24 22:07:41 2012,http://mail-archives.apache.org/mod_mbox/ctakes-commits/201209.mbox/<20120924220607.27C382388C6D@eris.apache.org>,chenpei
Mon Sep 24 22:07:41 2012,http://mail-archives.apache.org/mod_mbox/ctakes-commits/201209.mbox/<20120924220607.27C382388C6D@eris.apache.org>,chenpei
Mon Sep 24 22:07:41 2012,http://mail-archives.apache.org/mod_mbox/ctakes-commits/201209.mbox/<20120924220607.27C382388C6D@eris.apache.org>,chenpei
Mon Sep 24 22:07:41 2012,http://mail-archives.apache.org/mod_mbox/ctakes-commits/201209.mbox/<20120924220607.27C382388C6D@eris.apache.org>,chenpei
Mon Sep 24 22:07:41 2012,http://mail-archives.apache.org/mod_mbox/ctakes-commits/201209.mbox/<20120924220607.27C382388C6D@eris.apache.org>,chenpei
Mon Sep 24 22:07:41 2012,http://mail-archives.apache.org/mod_mbox/ctakes-commits/201209.mbox/<20120924220607.27C382388C6D@eris.apache.org>,chenpei
Mon Sep 24 22:07:41 2012,http://mail-archives.apache.org/mod_mbox/ctakes-commits/201209.mbox/<20120924220607.27C382388C6D@eris.apache.org>,chenpei
Mon Sep 24 22:07:41 2012,http://mail-archives.apache.org/mod_mbox/ctakes-commits/201209.mbox/<20120924220607.27C382388C6D@eris.apache.org>,chenpei
Mon Sep 24 22:07:41 2012,http://mail-archives.apache.org/mod_mbox/ctakes-commits/201209.mbox/<20120924220607.27C382388C6D@eris.apache.org>,chenpei
Mon Sep 24 22:07:41 2012,http://mail-archives.apache.org/mod_mbox/ctakes-commits/201209.mbox/<20120924220607.27C382388C6D@eris.apache.org>,chenpei
Mon Sep 24 22:07:41 2012,http://mail-archives.apache.org/mod_mbox/ctakes-commits/201209.mbox/<20120924220607.27C382388C6D@eris.apache.org>,chenpei
Mon Sep 24 22:07:41 2012,http://mail-archives.apache.org/mod_mbox/ctakes-commits/201209.mbox/<20120924220607.27C382388C6D@eris.apache.org>,chenpei
Mon Sep 24 22:07:41 2012,http://mail-archives.apache.org/mod_mbox/ctakes-commits/201209.mbox/<20120924220607.27C382388C6D@eris.apache.org>,chenpei
Mon Sep 24 22:07:41 2012,http://mail-archives.apache.org/mod_mbox/ctakes-commits/201209.mbox/<20120924220607.27C382388C6D@eris.apache.org>,chenpei
Mon Sep 24 22:07:41 2012,http://mail-archives.apache.org/mod_mbox/ctakes-commits/201209.mbox/<20120924220607.27C382388C6D@eris.apache.org>,chenpei
Mon Sep 24 22:07:41 2012,http://mail-archives.apache.org/mod_mbox/ctakes-commits/201209.mbox/<20120924220607.27C382388C6D@eris.apache.org>,chenpei
Mon Sep 24 22:07:41 2012,http://mail-archives.apache.org/mod_mbox/ctakes-commits/201209.mbox/<20120924220607.27C382388C6D@eris.apache.org>,chenpei
Mon Sep 24 22:07:41 2012,http://mail-archives.apache.org/mod_mbox/ctakes-commits/201209.mbox/<20120924220607.27C382388C6D@eris.apache.org>,chenpei
Mon Sep 24 22:07:41 2012,http://mail-archives.apache.org/mod_mbox/ctakes-commits/201209.mbox/<20120924220607.27C382388C6D@eris.apache.org>,chenpei
Mon Sep 24 22:07:41 2012,http://mail-archives.apache.org/mod_mbox/ctakes-commits/201209.mbox/<20120924220607.27C382388C6D@eris.apache.org>,chenpei
Mon Sep 24 22:07:41 2012,http://mail-archives.apache.org/mod_mbox/ctakes-commits/201209.mbox/<20120924220607.27C382388C6D@eris.apache.org>,chenpei
Mon Sep 24 22:07:41 2012,http://mail-archives.apache.org/mod_mbox/ctakes-commits/201209.mbox/<20120924220607.27C382388C6D@eris.apache.org>,chenpei
Mon Sep 24 22:07:41 2012,http://mail-archives.apache.org/mod_mbox/ctakes-commits/201209.mbox/<20120924220607.27C382388C6D@eris.apache.org>,chenpei
Mon Sep 24 22:07:41 2012,http://mail-archives.apache.org/mod_mbox/ctakes-commits/201209.mbox/<20120924220607.27C382388C6D@eris.apache.org>,chenpei
Mon Sep 24 22:07:41 2012,http://mail-archives.apache.org/mod_mbox/ctakes-commits/201209.mbox/<20120924220607.27C382388C6D@eris.apache.org>,chenpei
Mon Sep 24 22:07:41 2012,http://mail-archives.apache.org/mod_mbox/ctakes-commits/201209.mbox/<20120924220607.27C382388C6D@eris.apache.org>,chenpei
Mon Sep 24 22:07:41 2012,http://mail-archives.apache.org/mod_mbox/ctakes-commits/201209.mbox/<20120924220607.27C382388C6D@eris.apache.org>,chenpei
Mon Sep 24 22:07:41 2012,http://mail-archives.apache.org/mod_mbox/ctakes-commits/201209.mbox/<20120924220607.27C382388C6D@eris.apache.org>,chenpei
Mon Sep 24 22:07:41 2012,http://mail-archives.apache.org/mod_mbox/ctakes-commits/201209.mbox/<20120924220607.27C382388C6D@eris.apache.org>,chenpei
Mon Sep 24 22:07:41 2012,http://mail-archives.apache.org/mod_mbox/ctakes-commits/201209.mbox/<20120924220607.27C382388C6D@eris.apache.org>,chenpei
Mon Sep 24 22:07:41 2012,http://mail-archives.apache.org/mod_mbox/ctakes-commits/201209.mbox/<20120924220607.27C382388C6D@eris.apache.org>,chenpei
Mon Sep 24 22:07:41 2012,http://mail-archives.apache.org/mod_mbox/ctakes-commits/201209.mbox/<20120924220607.27C382388C6D@eris.apache.org>,chenpei
Mon Sep 24 22:07:41 2012,http://mail-archives.apache.org/mod_mbox/ctakes-commits/201209.mbox/<20120924220607.27C382388C6D@eris.apache.org>,chenpei
Mon Sep 24 22:07:41 2012,http://mail-archives.apache.org/mod_mbox/ctakes-commits/201209.mbox/<20120924220607.27C382388C6D@eris.apache.org>,chenpei
Mon Sep 24 22:07:41 2012,http://mail-archives.apache.org/mod_mbox/ctakes-commits/201209.mbox/<20120924220607.27C382388C6D@eris.apache.org>,chenpei
Mon Sep 24 22:07:41 2012,http://mail-archives.apache.org/mod_mbox/ctakes-commits/201209.mbox/<20120924220607.27C382388C6D@eris.apache.org>,chenpei
Mon Sep 24 22:07:41 2012,http://mail-archives.apache.org/mod_mbox/ctakes-commits/201209.mbox/<20120924220607.27C382388C6D@eris.apache.org>,chenpei
Mon Sep 24 22:07:41 2012,http://mail-archives.apache.org/mod_mbox/ctakes-commits/201209.mbox/<20120924220607.27C382388C6D@eris.apache.org>,chenpei
Mon Sep 24 22:07:41 2012,http://mail-archives.apache.org/mod_mbox/ctakes-commits/201209.mbox/<20120924220607.27C382388C6D@eris.apache.org>,chenpei
Mon Sep 24 22:07:41 2012,http://mail-archives.apache.org/mod_mbox/ctakes-commits/201209.mbox/<20120924220607.27C382388C6D@eris.apache.org>,chenpei
Mon Sep 24 22:07:41 2012,http://mail-archives.apache.org/mod_mbox/ctakes-commits/201209.mbox/<20120924220607.27C382388C6D@eris.apache.org>,chenpei
Mon Sep 24 22:07:41 2012,http://mail-archives.apache.org/mod_mbox/ctakes-commits/201209.mbox/<20120924220607.27C382388C6D@eris.apache.org>,chenpei
Mon Sep 24 22:07:41 2012,http://mail-archives.apache.org/mod_mbox/ctakes-commits/201209.mbox/<20120924220607.27C382388C6D@eris.apache.org>,chenpei
Mon Sep 24 22:07:41 2012,http://mail-archives.apache.org/mod_mbox/ctakes-commits/201209.mbox/<20120924220607.27C382388C6D@eris.apache.org>,chenpei
Mon Sep 24 22:07:41 2012,http://mail-archives.apache.org/mod_mbox/ctakes-commits/201209.mbox/<20120924220607.27C382388C6D@eris.apache.org>,chenpei
Mon Sep 24 22:07:41 2012,http://mail-archives.apache.org/mod_mbox/ctakes-commits/201209.mbox/<20120924220607.27C382388C6D@eris.apache.org>,chenpei
Mon Sep 24 22:07:41 2012,http://mail-archives.apache.org/mod_mbox/ctakes-commits/201209.mbox/<20120924220607.27C382388C6D@eris.apache.org>,chenpei
Mon Sep 24 22:07:41 2012,http://mail-archives.apache.org/mod_mbox/ctakes-commits/201209.mbox/<20120924220607.27C382388C6D@eris.apache.org>,chenpei
Mon Sep 24 22:07:41 2012,http://mail-archives.apache.org/mod_mbox/ctakes-commits/201209.mbox/<20120924220607.27C382388C6D@eris.apache.org>,chenpei
Mon Sep 24 22:07:41 2012,http://mail-archives.apache.org/mod_mbox/ctakes-commits/201209.mbox/<20120924220607.27C382388C6D@eris.apache.org>,chenpei
Mon Sep 24 22:07:41 2012,http://mail-archives.apache.org/mod_mbox/ctakes-commits/201209.mbox/<20120924220607.27C382388C6D@eris.apache.org>,chenpei
Mon Sep 24 22:07:41 2012,http://mail-archives.apache.org/mod_mbox/ctakes-commits/201209.mbox/<20120924220607.27C382388C6D@eris.apache.org>,chenpei
Mon Sep 24 22:07:41 2012,http://mail-archives.apache.org/mod_mbox/ctakes-commits/201209.mbox/<20120924220607.27C382388C6D@eris.apache.org>,chenpei
Mon Sep 24 22:07:41 2012,http://mail-archives.apache.org/mod_mbox/ctakes-commits/201209.mbox/<20120924220607.27C382388C6D@eris.apache.org>,chenpei
Mon Sep 24 22:07:41 2012,http://mail-archives.apache.org/mod_mbox/ctakes-commits/201209.mbox/<20120924220607.27C382388C6D@eris.apache.org>,chenpei
Mon Sep 24 22:07:41 2012,http://mail-archives.apache.org/mod_mbox/ctakes-commits/201209.mbox/<20120924220607.27C382388C6D@eris.apache.org>,chenpei
Mon Sep 24 22:07:41 2012,http://mail-archives.apache.org/mod_mbox/ctakes-commits/201209.mbox/<20120924220607.27C382388C6D@eris.apache.org>,chenpei
Mon Sep 24 22:07:41 2012,http://mail-archives.apache.org/mod_mbox/ctakes-commits/201209.mbox/<20120924220607.27C382388C6D@eris.apache.org>,chenpei
Mon Sep 24 22:07:41 2012,http://mail-archives.apache.org/mod_mbox/ctakes-commits/201209.mbox/<20120924220607.27C382388C6D@eris.apache.org>,chenpei
Mon Sep 24 22:07:41 2012,http://mail-archives.apache.org/mod_mbox/ctakes-commits/201209.mbox/<20120924220607.27C382388C6D@eris.apache.org>,chenpei
Mon Sep 24 22:07:41 2012,http://mail-archives.apache.org/mod_mbox/ctakes-commits/201209.mbox/<20120924220607.27C382388C6D@eris.apache.org>,chenpei
Mon Sep 24 22:07:41 2012,http://mail-archives.apache.org/mod_mbox/ctakes-commits/201209.mbox/<20120924220607.27C382388C6D@eris.apache.org>,chenpei
Mon Sep 24 22:07:41 2012,http://mail-archives.apache.org/mod_mbox/ctakes-commits/201209.mbox/<20120924220607.27C382388C6D@eris.apache.org>,chenpei
Mon Sep 24 22:07:41 2012,http://mail-archives.apache.org/mod_mbox/ctakes-commits/201209.mbox/<20120924220607.27C382388C6D@eris.apache.org>,chenpei
Mon Sep 24 22:07:41 2012,http://mail-archives.apache.org/mod_mbox/ctakes-commits/201209.mbox/<20120924220607.27C382388C6D@eris.apache.org>,chenpei
Mon Sep 24 22:07:41 2012,http://mail-archives.apache.org/mod_mbox/ctakes-commits/201209.mbox/<20120924220607.27C382388C6D@eris.apache.org>,chenpei
Mon Sep 24 22:07:41 2012,http://mail-archives.apache.org/mod_mbox/ctakes-commits/201209.mbox/<20120924220607.27C382388C6D@eris.apache.org>,chenpei
Mon Sep 24 22:07:41 2012,http://mail-archives.apache.org/mod_mbox/ctakes-commits/201209.mbox/<20120924220607.27C382388C6D@eris.apache.org>,chenpei
Mon Sep 24 22:07:41 2012,http://mail-archives.apache.org/mod_mbox/ctakes-commits/201209.mbox/<20120924220607.27C382388C6D@eris.apache.org>,chenpei
Mon Sep 24 22:07:41 2012,http://mail-archives.apache.org/mod_mbox/ctakes-commits/201209.mbox/<20120924220607.27C382388C6D@eris.apache.org>,chenpei
Mon Sep 24 22:07:41 2012,http://mail-archives.apache.org/mod_mbox/ctakes-commits/201209.mbox/<20120924220607.27C382388C6D@eris.apache.org>,chenpei
Mon Sep 24 22:07:41 2012,http://mail-archives.apache.org/mod_mbox/ctakes-commits/201209.mbox/<20120924220607.27C382388C6D@eris.apache.org>,chenpei
Mon Sep 24 22:07:41 2012,http://mail-archives.apache.org/mod_mbox/ctakes-commits/201209.mbox/<20120924220607.27C382388C6D@eris.apache.org>,chenpei
Mon Sep 24 22:07:41 2012,http://mail-archives.apache.org/mod_mbox/ctakes-commits/201209.mbox/<20120924220607.27C382388C6D@eris.apache.org>,chenpei
Mon Sep 24 22:07:41 2012,http://mail-archives.apache.org/mod_mbox/ctakes-commits/201209.mbox/<20120924220607.27C382388C6D@eris.apache.org>,chenpei
Mon Sep 24 22:07:41 2012,http://mail-archives.apache.org/mod_mbox/ctakes-commits/201209.mbox/<20120924220607.27C382388C6D@eris.apache.org>,chenpei
Mon Sep 24 22:07:41 2012,http://mail-archives.apache.org/mod_mbox/ctakes-commits/201209.mbox/<20120924220607.27C382388C6D@eris.apache.org>,chenpei
Mon Sep 24 22:07:41 2012,http://mail-archives.apache.org/mod_mbox/ctakes-commits/201209.mbox/<20120924220607.27C382388C6D@eris.apache.org>,chenpei
Mon Sep 24 22:07:41 2012,http://mail-archives.apache.org/mod_mbox/ctakes-commits/201209.mbox/<20120924220607.27C382388C6D@eris.apache.org>,chenpei
Mon Sep 24 22:07:41 2012,http://mail-archives.apache.org/mod_mbox/ctakes-commits/201209.mbox/<20120924220607.27C382388C6D@eris.apache.org>,chenpei
Mon Sep 24 22:07:41 2012,http://mail-archives.apache.org/mod_mbox/ctakes-commits/201209.mbox/<20120924220607.27C382388C6D@eris.apache.org>,chenpei
Mon Sep 24 22:07:41 2012,http://mail-archives.apache.org/mod_mbox/ctakes-commits/201209.mbox/<20120924220607.27C382388C6D@eris.apache.org>,chenpei
Mon Sep 24 22:07:41 2012,http://mail-archives.apache.org/mod_mbox/ctakes-commits/201209.mbox/<20120924220607.27C382388C6D@eris.apache.org>,chenpei
Mon Sep 24 22:07:41 2012,http://mail-archives.apache.org/mod_mbox/ctakes-commits/201209.mbox/<20120924220607.27C382388C6D@eris.apache.org>,chenpei
Mon Sep 24 22:07:41 2012,http://mail-archives.apache.org/mod_mbox/ctakes-commits/201209.mbox/<20120924220607.27C382388C6D@eris.apache.org>,chenpei
Mon Sep 24 22:07:41 2012,http://mail-archives.apache.org/mod_mbox/ctakes-commits/201209.mbox/<20120924220607.27C382388C6D@eris.apache.org>,chenpei
Mon Sep 24 22:07:41 2012,http://mail-archives.apache.org/mod_mbox/ctakes-commits/201209.mbox/<20120924220607.27C382388C6D@eris.apache.org>,chenpei
Mon Sep 24 22:07:41 2012,http://mail-archives.apache.org/mod_mbox/ctakes-commits/201209.mbox/<20120924220607.27C382388C6D@eris.apache.org>,chenpei
Mon Sep 24 22:07:41 2012,http://mail-archives.apache.org/mod_mbox/ctakes-commits/201209.mbox/<20120924220607.27C382388C6D@eris.apache.org>,chenpei
Mon Sep 24 22:07:41 2012,http://mail-archives.apache.org/mod_mbox/ctakes-commits/201209.mbox/<20120924220607.27C382388C6D@eris.apache.org>,chenpei
Mon Sep 24 22:07:41 2012,http://mail-archives.apache.org/mod_mbox/ctakes-commits/201209.mbox/<20120924220607.27C382388C6D@eris.apache.org>,chenpei
Mon Sep 24 22:07:41 2012,http://mail-archives.apache.org/mod_mbox/ctakes-commits/201209.mbox/<20120924220607.27C382388C6D@eris.apache.org>,chenpei
Mon Sep 24 22:07:41 2012,http://mail-archives.apache.org/mod_mbox/ctakes-commits/201209.mbox/<20120924220607.27C382388C6D@eris.apache.org>,chenpei
Mon Sep 24 22:07:41 2012,http://mail-archives.apache.org/mod_mbox/ctakes-commits/201209.mbox/<20120924220607.27C382388C6D@eris.apache.org>,chenpei
Mon Sep 24 22:07:41 2012,http://mail-archives.apache.org/mod_mbox/ctakes-commits/201209.mbox/<20120924220607.27C382388C6D@eris.apache.org>,chenpei
Mon Sep 24 22:07:41 2012,http://mail-archives.apache.org/mod_mbox/ctakes-commits/201209.mbox/<20120924220607.27C382388C6D@eris.apache.org>,chenpei
Mon Sep 24 22:07:41 2012,http://mail-archives.apache.org/mod_mbox/ctakes-commits/201209.mbox/<20120924220607.27C382388C6D@eris.apache.org>,chenpei
Mon Sep 24 22:07:41 2012,http://mail-archives.apache.org/mod_mbox/ctakes-commits/201209.mbox/<20120924220607.27C382388C6D@eris.apache.org>,chenpei
Mon Sep 24 22:07:41 2012,http://mail-archives.apache.org/mod_mbox/ctakes-commits/201209.mbox/<20120924220607.27C382388C6D@eris.apache.org>,chenpei
Mon Sep 24 22:07:41 2012,http://mail-archives.apache.org/mod_mbox/ctakes-commits/201209.mbox/<20120924220607.27C382388C6D@eris.apache.org>,chenpei
Mon Sep 24 22:07:41 2012,http://mail-archives.apache.org/mod_mbox/ctakes-commits/201209.mbox/<20120924220607.27C382388C6D@eris.apache.org>,chenpei
Mon Sep 24 22:07:41 2012,http://mail-archives.apache.org/mod_mbox/ctakes-commits/201209.mbox/<20120924220607.27C382388C6D@eris.apache.org>,chenpei
Mon Sep 24 22:07:41 2012,http://mail-archives.apache.org/mod_mbox/ctakes-commits/201209.mbox/<20120924220607.27C382388C6D@eris.apache.org>,chenpei
Mon Sep 24 22:07:41 2012,http://mail-archives.apache.org/mod_mbox/ctakes-commits/201209.mbox/<20120924220607.27C382388C6D@eris.apache.org>,chenpei
Mon Sep 24 22:07:41 2012,http://mail-archives.apache.org/mod_mbox/ctakes-commits/201209.mbox/<20120924220607.27C382388C6D@eris.apache.org>,chenpei
Mon Sep 24 22:07:41 2012,http://mail-archives.apache.org/mod_mbox/ctakes-commits/201209.mbox/<20120924220607.27C382388C6D@eris.apache.org>,chenpei
Mon Sep 24 22:07:41 2012,http://mail-archives.apache.org/mod_mbox/ctakes-commits/201209.mbox/<20120924220607.27C382388C6D@eris.apache.org>,chenpei
Mon Sep 24 22:07:41 2012,http://mail-archives.apache.org/mod_mbox/ctakes-commits/201209.mbox/<20120924220607.27C382388C6D@eris.apache.org>,chenpei
Mon Sep 24 22:07:41 2012,http://mail-archives.apache.org/mod_mbox/ctakes-commits/201209.mbox/<20120924220607.27C382388C6D@eris.apache.org>,chenpei
Mon Sep 24 22:07:41 2012,http://mail-archives.apache.org/mod_mbox/ctakes-commits/201209.mbox/<20120924220607.27C382388C6D@eris.apache.org>,chenpei
Mon Sep 24 22:07:41 2012,http://mail-archives.apache.org/mod_mbox/ctakes-commits/201209.mbox/<20120924220607.27C382388C6D@eris.apache.org>,chenpei
Mon Sep 24 22:07:41 2012,http://mail-archives.apache.org/mod_mbox/ctakes-commits/201209.mbox/<20120924220607.27C382388C6D@eris.apache.org>,chenpei
Mon Sep 24 22:07:41 2012,http://mail-archives.apache.org/mod_mbox/ctakes-commits/201209.mbox/<20120924220607.27C382388C6D@eris.apache.org>,chenpei
Mon Sep 24 22:07:41 2012,http://mail-archives.apache.org/mod_mbox/ctakes-commits/201209.mbox/<20120924220607.27C382388C6D@eris.apache.org>,chenpei
Mon Sep 24 22:07:41 2012,http://mail-archives.apache.org/mod_mbox/ctakes-commits/201209.mbox/<20120924220607.27C382388C6D@eris.apache.org>,chenpei
Mon Sep 24 22:07:41 2012,http://mail-archives.apache.org/mod_mbox/ctakes-commits/201209.mbox/<20120924220607.27C382388C6D@eris.apache.org>,chenpei
Mon Sep 24 22:07:41 2012,http://mail-archives.apache.org/mod_mbox/ctakes-commits/201209.mbox/<20120924220607.27C382388C6D@eris.apache.org>,chenpei
Mon Sep 24 22:07:41 2012,http://mail-archives.apache.org/mod_mbox/ctakes-commits/201209.mbox/<20120924220607.27C382388C6D@eris.apache.org>,chenpei
Mon Sep 24 22:07:41 2012,http://mail-archives.apache.org/mod_mbox/ctakes-commits/201209.mbox/<20120924220607.27C382388C6D@eris.apache.org>,chenpei
Mon Sep 24 22:07:41 2012,http://mail-archives.apache.org/mod_mbox/ctakes-commits/201209.mbox/<20120924220607.27C382388C6D@eris.apache.org>,chenpei
Mon Sep 24 22:07:41 2012,http://mail-archives.apache.org/mod_mbox/ctakes-commits/201209.mbox/<20120924220607.27C382388C6D@eris.apache.org>,chenpei
Mon Sep 24 22:07:41 2012,http://mail-archives.apache.org/mod_mbox/ctakes-commits/201209.mbox/<20120924220607.27C382388C6D@eris.apache.org>,chenpei
Mon Sep 24 22:07:41 2012,http://mail-archives.apache.org/mod_mbox/ctakes-commits/201209.mbox/<20120924220607.27C382388C6D@eris.apache.org>,chenpei
Mon Sep 24 22:07:41 2012,http://mail-archives.apache.org/mod_mbox/ctakes-commits/201209.mbox/<20120924220607.27C382388C6D@eris.apache.org>,chenpei
Mon Sep 24 22:07:41 2012,http://mail-archives.apache.org/mod_mbox/ctakes-commits/201209.mbox/<20120924220607.27C382388C6D@eris.apache.org>,chenpei
Mon Sep 24 22:07:41 2012,http://mail-archives.apache.org/mod_mbox/ctakes-commits/201209.mbox/<20120924220607.27C382388C6D@eris.apache.org>,chenpei
Mon Sep 24 22:07:41 2012,http://mail-archives.apache.org/mod_mbox/ctakes-commits/201209.mbox/<20120924220607.27C382388C6D@eris.apache.org>,chenpei
Mon Sep 24 22:07:41 2012,http://mail-archives.apache.org/mod_mbox/ctakes-commits/201209.mbox/<20120924220607.27C382388C6D@eris.apache.org>,chenpei
Mon Sep 24 22:07:41 2012,http://mail-archives.apache.org/mod_mbox/ctakes-commits/201209.mbox/<20120924220607.27C382388C6D@eris.apache.org>,chenpei
Mon Sep 24 22:07:41 2012,http://mail-archives.apache.org/mod_mbox/ctakes-commits/201209.mbox/<20120924220607.27C382388C6D@eris.apache.org>,chenpei
Mon Sep 24 22:07:41 2012,http://mail-archives.apache.org/mod_mbox/ctakes-commits/201209.mbox/<20120924220607.27C382388C6D@eris.apache.org>,chenpei
Mon Sep 24 22:07:41 2012,http://mail-archives.apache.org/mod_mbox/ctakes-commits/201209.mbox/<20120924220607.27C382388C6D@eris.apache.org>,chenpei
Mon Sep 24 22:07:41 2012,http://mail-archives.apache.org/mod_mbox/ctakes-commits/201209.mbox/<20120924220607.27C382388C6D@eris.apache.org>,chenpei
Mon Sep 24 22:07:41 2012,http://mail-archives.apache.org/mod_mbox/ctakes-commits/201209.mbox/<20120924220607.27C382388C6D@eris.apache.org>,chenpei
Mon Sep 24 22:07:41 2012,http://mail-archives.apache.org/mod_mbox/ctakes-commits/201209.mbox/<20120924220607.27C382388C6D@eris.apache.org>,chenpei
Mon Sep 24 22:07:41 2012,http://mail-archives.apache.org/mod_mbox/ctakes-commits/201209.mbox/<20120924220607.27C382388C6D@eris.apache.org>,chenpei
Mon Sep 24 22:07:41 2012,http://mail-archives.apache.org/mod_mbox/ctakes-commits/201209.mbox/<20120924220607.27C382388C6D@eris.apache.org>,chenpei
Mon Sep 24 22:07:41 2012,http://mail-archives.apache.org/mod_mbox/ctakes-commits/201209.mbox/<20120924220607.27C382388C6D@eris.apache.org>,chenpei
Mon Sep 24 22:07:41 2012,http://mail-archives.apache.org/mod_mbox/ctakes-commits/201209.mbox/<20120924220607.27C382388C6D@eris.apache.org>,chenpei
Mon Sep 24 22:07:41 2012,http://mail-archives.apache.org/mod_mbox/ctakes-commits/201209.mbox/<20120924220607.27C382388C6D@eris.apache.org>,chenpei
Mon Sep 24 22:07:41 2012,http://mail-archives.apache.org/mod_mbox/ctakes-commits/201209.mbox/<20120924220607.27C382388C6D@eris.apache.org>,chenpei
Mon Sep 24 22:07:41 2012,http://mail-archives.apache.org/mod_mbox/ctakes-commits/201209.mbox/<20120924220607.27C382388C6D@eris.apache.org>,chenpei
Mon Sep 24 22:07:41 2012,http://mail-archives.apache.org/mod_mbox/ctakes-commits/201209.mbox/<20120924220607.27C382388C6D@eris.apache.org>,chenpei
Mon Sep 24 22:07:41 2012,http://mail-archives.apache.org/mod_mbox/ctakes-commits/201209.mbox/<20120924220607.27C382388C6D@eris.apache.org>,chenpei
Mon Sep 24 22:07:41 2012,http://mail-archives.apache.org/mod_mbox/ctakes-commits/201209.mbox/<20120924220607.27C382388C6D@eris.apache.org>,chenpei
Mon Sep 24 22:07:41 2012,http://mail-archives.apache.org/mod_mbox/ctakes-commits/201209.mbox/<20120924220607.27C382388C6D@eris.apache.org>,chenpei
Mon Sep 24 22:07:41 2012,http://mail-archives.apache.org/mod_mbox/ctakes-commits/201209.mbox/<20120924220607.27C382388C6D@eris.apache.org>,chenpei
Mon Sep 24 22:07:41 2012,http://mail-archives.apache.org/mod_mbox/ctakes-commits/201209.mbox/<20120924220607.27C382388C6D@eris.apache.org>,chenpei
Mon Sep 24 22:07:41 2012,http://mail-archives.apache.org/mod_mbox/ctakes-commits/201209.mbox/<20120924220607.27C382388C6D@eris.apache.org>,chenpei
Mon Sep 24 22:07:41 2012,http://mail-archives.apache.org/mod_mbox/ctakes-commits/201209.mbox/<20120924220607.27C382388C6D@eris.apache.org>,chenpei
Mon Sep 24 22:07:41 2012,http://mail-archives.apache.org/mod_mbox/ctakes-commits/201209.mbox/<20120924220607.27C382388C6D@eris.apache.org>,chenpei
Mon Sep 24 22:07:41 2012,http://mail-archives.apache.org/mod_mbox/ctakes-commits/201209.mbox/<20120924220607.27C382388C6D@eris.apache.org>,chenpei
Mon Sep 24 22:07:41 2012,http://mail-archives.apache.org/mod_mbox/ctakes-commits/201209.mbox/<20120924220607.27C382388C6D@eris.apache.org>,chenpei
Mon Sep 24 22:07:41 2012,http://mail-archives.apache.org/mod_mbox/ctakes-commits/201209.mbox/<20120924220607.27C382388C6D@eris.apache.org>,chenpei
Mon Sep 24 22:07:41 2012,http://mail-archives.apache.org/mod_mbox/ctakes-commits/201209.mbox/<20120924220607.27C382388C6D@eris.apache.org>,chenpei
Mon Sep 24 22:07:41 2012,http://mail-archives.apache.org/mod_mbox/ctakes-commits/201209.mbox/<20120924220607.27C382388C6D@eris.apache.org>,chenpei
Mon Sep 24 22:07:41 2012,http://mail-archives.apache.org/mod_mbox/ctakes-commits/201209.mbox/<20120924220607.27C382388C6D@eris.apache.org>,chenpei
Mon Sep 24 22:07:41 2012,http://mail-archives.apache.org/mod_mbox/ctakes-commits/201209.mbox/<20120924220607.27C382388C6D@eris.apache.org>,chenpei
Mon Sep 24 22:07:41 2012,http://mail-archives.apache.org/mod_mbox/ctakes-commits/201209.mbox/<20120924220607.27C382388C6D@eris.apache.org>,chenpei
Mon Sep 24 22:07:41 2012,http://mail-archives.apache.org/mod_mbox/ctakes-commits/201209.mbox/<20120924220607.27C382388C6D@eris.apache.org>,chenpei
Mon Sep 24 22:07:41 2012,http://mail-archives.apache.org/mod_mbox/ctakes-commits/201209.mbox/<20120924220607.27C382388C6D@eris.apache.org>,chenpei
Mon Sep 24 22:07:41 2012,http://mail-archives.apache.org/mod_mbox/ctakes-commits/201209.mbox/<20120924220607.27C382388C6D@eris.apache.org>,chenpei
Mon Sep 24 22:07:41 2012,http://mail-archives.apache.org/mod_mbox/ctakes-commits/201209.mbox/<20120924220607.27C382388C6D@eris.apache.org>,chenpei
Mon Sep 24 22:07:41 2012,http://mail-archives.apache.org/mod_mbox/ctakes-commits/201209.mbox/<20120924220607.27C382388C6D@eris.apache.org>,chenpei
Mon Sep 24 22:07:41 2012,http://mail-archives.apache.org/mod_mbox/ctakes-commits/201209.mbox/<20120924220607.27C382388C6D@eris.apache.org>,chenpei
Mon Sep 24 22:07:41 2012,http://mail-archives.apache.org/mod_mbox/ctakes-commits/201209.mbox/<20120924220607.27C382388C6D@eris.apache.org>,chenpei
Mon Sep 24 22:07:41 2012,http://mail-archives.apache.org/mod_mbox/ctakes-commits/201209.mbox/<20120924220607.27C382388C6D@eris.apache.org>,chenpei
Mon Sep 24 22:07:41 2012,http://mail-archives.apache.org/mod_mbox/ctakes-commits/201209.mbox/<20120924220607.27C382388C6D@eris.apache.org>,chenpei
Mon Sep 24 22:07:41 2012,http://mail-archives.apache.org/mod_mbox/ctakes-commits/201209.mbox/<20120924220607.27C382388C6D@eris.apache.org>,chenpei
Mon Sep 24 22:07:41 2012,http://mail-archives.apache.org/mod_mbox/ctakes-commits/201209.mbox/<20120924220607.27C382388C6D@eris.apache.org>,chenpei
Mon Sep 24 22:07:41 2012,http://mail-archives.apache.org/mod_mbox/ctakes-commits/201209.mbox/<20120924220607.27C382388C6D@eris.apache.org>,chenpei
Mon Sep 24 22:07:41 2012,http://mail-archives.apache.org/mod_mbox/ctakes-commits/201209.mbox/<20120924220607.27C382388C6D@eris.apache.org>,chenpei
Mon Sep 24 22:07:41 2012,http://mail-archives.apache.org/mod_mbox/ctakes-commits/201209.mbox/<20120924220607.27C382388C6D@eris.apache.org>,chenpei
Mon Sep 24 22:07:41 2012,http://mail-archives.apache.org/mod_mbox/ctakes-commits/201209.mbox/<20120924220607.27C382388C6D@eris.apache.org>,chenpei
Mon Sep 24 22:07:41 2012,http://mail-archives.apache.org/mod_mbox/ctakes-commits/201209.mbox/<20120924220607.27C382388C6D@eris.apache.org>,chenpei
Mon Sep 24 22:07:41 2012,http://mail-archives.apache.org/mod_mbox/ctakes-commits/201209.mbox/<20120924220607.27C382388C6D@eris.apache.org>,chenpei
Mon Sep 24 22:07:41 2012,http://mail-archives.apache.org/mod_mbox/ctakes-commits/201209.mbox/<20120924220607.27C382388C6D@eris.apache.org>,chenpei
Mon Sep 24 22:07:41 2012,http://mail-archives.apache.org/mod_mbox/ctakes-commits/201209.mbox/<20120924220607.27C382388C6D@eris.apache.org>,chenpei
Mon Sep 24 22:07:41 2012,http://mail-archives.apache.org/mod_mbox/ctakes-commits/201209.mbox/<20120924220607.27C382388C6D@eris.apache.org>,chenpei
Mon Sep 24 22:07:41 2012,http://mail-archives.apache.org/mod_mbox/ctakes-commits/201209.mbox/<20120924220607.27C382388C6D@eris.apache.org>,chenpei
Mon Sep 24 22:07:41 2012,http://mail-archives.apache.org/mod_mbox/ctakes-commits/201209.mbox/<20120924220607.27C382388C6D@eris.apache.org>,chenpei
Mon Sep 24 22:07:41 2012,http://mail-archives.apache.org/mod_mbox/ctakes-commits/201209.mbox/<20120924220607.27C382388C6D@eris.apache.org>,chenpei
Mon Sep 24 22:07:41 2012,http://mail-archives.apache.org/mod_mbox/ctakes-commits/201209.mbox/<20120924220607.27C382388C6D@eris.apache.org>,chenpei
Mon Sep 24 22:07:41 2012,http://mail-archives.apache.org/mod_mbox/ctakes-commits/201209.mbox/<20120924220607.27C382388C6D@eris.apache.org>,chenpei
Mon Sep 24 22:07:41 2012,http://mail-archives.apache.org/mod_mbox/ctakes-commits/201209.mbox/<20120924220607.27C382388C6D@eris.apache.org>,chenpei
Mon Sep 24 22:07:41 2012,http://mail-archives.apache.org/mod_mbox/ctakes-commits/201209.mbox/<20120924220607.27C382388C6D@eris.apache.org>,chenpei
Mon Sep 24 22:07:41 2012,http://mail-archives.apache.org/mod_mbox/ctakes-commits/201209.mbox/<20120924220607.27C382388C6D@eris.apache.org>,chenpei
Mon Sep 24 22:07:41 2012,http://mail-archives.apache.org/mod_mbox/ctakes-commits/201209.mbox/<20120924220607.27C382388C6D@eris.apache.org>,chenpei
Mon Sep 24 22:07:41 2012,http://mail-archives.apache.org/mod_mbox/ctakes-commits/201209.mbox/<20120924220607.27C382388C6D@eris.apache.org>,chenpei
Mon Sep 24 22:07:41 2012,http://mail-archives.apache.org/mod_mbox/ctakes-commits/201209.mbox/<20120924220607.27C382388C6D@eris.apache.org>,chenpei
Mon Sep 24 22:07:41 2012,http://mail-archives.apache.org/mod_mbox/ctakes-commits/201209.mbox/<20120924220607.27C382388C6D@eris.apache.org>,chenpei
Mon Sep 24 22:07:41 2012,http://mail-archives.apache.org/mod_mbox/ctakes-commits/201209.mbox/<20120924220607.27C382388C6D@eris.apache.org>,chenpei
Mon Sep 24 22:07:41 2012,http://mail-archives.apache.org/mod_mbox/ctakes-commits/201209.mbox/<20120924220607.27C382388C6D@eris.apache.org>,chenpei
Mon Sep 24 22:07:41 2012,http://mail-archives.apache.org/mod_mbox/ctakes-commits/201209.mbox/<20120924220607.27C382388C6D@eris.apache.org>,chenpei
Mon Sep 24 22:07:41 2012,http://mail-archives.apache.org/mod_mbox/ctakes-commits/201209.mbox/<20120924220607.27C382388C6D@eris.apache.org>,chenpei
Mon Sep 24 22:07:41 2012,http://mail-archives.apache.org/mod_mbox/ctakes-commits/201209.mbox/<20120924220607.27C382388C6D@eris.apache.org>,chenpei
Mon Sep 24 22:07:41 2012,http://mail-archives.apache.org/mod_mbox/ctakes-commits/201209.mbox/<20120924220607.27C382388C6D@eris.apache.org>,chenpei
Mon Sep 24 22:07:41 2012,http://mail-archives.apache.org/mod_mbox/ctakes-commits/201209.mbox/<20120924220607.27C382388C6D@eris.apache.org>,chenpei
Mon Sep 24 22:07:41 2012,http://mail-archives.apache.org/mod_mbox/ctakes-commits/201209.mbox/<20120924220607.27C382388C6D@eris.apache.org>,chenpei
Mon Sep 24 22:07:41 2012,http://mail-archives.apache.org/mod_mbox/ctakes-commits/201209.mbox/<20120924220607.27C382388C6D@eris.apache.org>,chenpei
Mon Sep 24 22:07:41 2012,http://mail-archives.apache.org/mod_mbox/ctakes-commits/201209.mbox/<20120924220607.27C382388C6D@eris.apache.org>,chenpei
Mon Sep 24 22:07:41 2012,http://mail-archives.apache.org/mod_mbox/ctakes-commits/201209.mbox/<20120924220607.27C382388C6D@eris.apache.org>,chenpei
Mon Sep 24 22:07:41 2012,http://mail-archives.apache.org/mod_mbox/ctakes-commits/201209.mbox/<20120924220607.27C382388C6D@eris.apache.org>,chenpei
Mon Sep 24 22:07:41 2012,http://mail-archives.apache.org/mod_mbox/ctakes-commits/201209.mbox/<20120924220607.27C382388C6D@eris.apache.org>,chenpei
Mon Sep 24 22:07:41 2012,http://mail-archives.apache.org/mod_mbox/ctakes-commits/201209.mbox/<20120924220607.27C382388C6D@eris.apache.org>,chenpei
Mon Sep 24 22:07:41 2012,http://mail-archives.apache.org/mod_mbox/ctakes-commits/201209.mbox/<20120924220607.27C382388C6D@eris.apache.org>,chenpei
Mon Sep 24 22:07:41 2012,http://mail-archives.apache.org/mod_mbox/ctakes-commits/201209.mbox/<20120924220607.27C382388C6D@eris.apache.org>,chenpei
Mon Sep 24 22:07:41 2012,http://mail-archives.apache.org/mod_mbox/ctakes-commits/201209.mbox/<20120924220607.27C382388C6D@eris.apache.org>,chenpei
Mon Sep 24 22:07:41 2012,http://mail-archives.apache.org/mod_mbox/ctakes-commits/201209.mbox/<20120924220607.27C382388C6D@eris.apache.org>,chenpei
Mon Sep 24 22:07:41 2012,http://mail-archives.apache.org/mod_mbox/ctakes-commits/201209.mbox/<20120924220607.27C382388C6D@eris.apache.org>,chenpei
Mon Sep 24 22:07:41 2012,http://mail-archives.apache.org/mod_mbox/ctakes-commits/201209.mbox/<20120924220607.27C382388C6D@eris.apache.org>,chenpei
Mon Sep 24 22:07:41 2012,http://mail-archives.apache.org/mod_mbox/ctakes-commits/201209.mbox/<20120924220607.27C382388C6D@eris.apache.org>,chenpei
Mon Sep 24 22:07:41 2012,http://mail-archives.apache.org/mod_mbox/ctakes-commits/201209.mbox/<20120924220607.27C382388C6D@eris.apache.org>,chenpei
Mon Sep 24 22:07:41 2012,http://mail-archives.apache.org/mod_mbox/ctakes-commits/201209.mbox/<20120924220607.27C382388C6D@eris.apache.org>,chenpei
Mon Sep 24 22:07:41 2012,http://mail-archives.apache.org/mod_mbox/ctakes-commits/201209.mbox/<20120924220607.27C382388C6D@eris.apache.org>,chenpei
Mon Sep 24 22:07:41 2012,http://mail-archives.apache.org/mod_mbox/ctakes-commits/201209.mbox/<20120924220607.27C382388C6D@eris.apache.org>,chenpei
Mon Sep 24 22:07:41 2012,http://mail-archives.apache.org/mod_mbox/ctakes-commits/201209.mbox/<20120924220607.27C382388C6D@eris.apache.org>,chenpei
Mon Sep 24 22:07:41 2012,http://mail-archives.apache.org/mod_mbox/ctakes-commits/201209.mbox/<20120924220607.27C382388C6D@eris.apache.org>,chenpei
Mon Sep 24 22:07:41 2012,http://mail-archives.apache.org/mod_mbox/ctakes-commits/201209.mbox/<20120924220607.27C382388C6D@eris.apache.org>,chenpei
Mon Sep 24 22:07:41 2012,http://mail-archives.apache.org/mod_mbox/ctakes-commits/201209.mbox/<20120924220607.27C382388C6D@eris.apache.org>,chenpei
Mon Sep 24 22:07:41 2012,http://mail-archives.apache.org/mod_mbox/ctakes-commits/201209.mbox/<20120924220607.27C382388C6D@eris.apache.org>,chenpei
Mon Sep 24 22:07:41 2012,http://mail-archives.apache.org/mod_mbox/ctakes-commits/201209.mbox/<20120924220607.27C382388C6D@eris.apache.org>,chenpei
Mon Sep 24 22:07:41 2012,http://mail-archives.apache.org/mod_mbox/ctakes-commits/201209.mbox/<20120924220607.27C382388C6D@eris.apache.org>,chenpei
Mon Sep 24 22:07:41 2012,http://mail-archives.apache.org/mod_mbox/ctakes-commits/201209.mbox/<20120924220607.27C382388C6D@eris.apache.org>,chenpei
Mon Sep 24 22:07:41 2012,http://mail-archives.apache.org/mod_mbox/ctakes-commits/201209.mbox/<20120924220607.27C382388C6D@eris.apache.org>,chenpei
Mon Sep 24 22:07:41 2012,http://mail-archives.apache.org/mod_mbox/ctakes-commits/201209.mbox/<20120924220607.27C382388C6D@eris.apache.org>,chenpei
Mon Sep 24 22:07:41 2012,http://mail-archives.apache.org/mod_mbox/ctakes-commits/201209.mbox/<20120924220607.27C382388C6D@eris.apache.org>,chenpei
Mon Sep 24 22:07:41 2012,http://mail-archives.apache.org/mod_mbox/ctakes-commits/201209.mbox/<20120924220607.27C382388C6D@eris.apache.org>,chenpei
Mon Sep 24 22:07:41 2012,http://mail-archives.apache.org/mod_mbox/ctakes-commits/201209.mbox/<20120924220607.27C382388C6D@eris.apache.org>,chenpei
Mon Sep 24 22:07:41 2012,http://mail-archives.apache.org/mod_mbox/ctakes-commits/201209.mbox/<20120924220607.27C382388C6D@eris.apache.org>,chenpei
Mon Sep 24 22:07:41 2012,http://mail-archives.apache.org/mod_mbox/ctakes-commits/201209.mbox/<20120924220607.27C382388C6D@eris.apache.org>,chenpei
Mon Sep 24 22:07:41 2012,http://mail-archives.apache.org/mod_mbox/ctakes-commits/201209.mbox/<20120924220607.27C382388C6D@eris.apache.org>,chenpei
Mon Sep 24 22:07:41 2012,http://mail-archives.apache.org/mod_mbox/ctakes-commits/201209.mbox/<20120924220607.27C382388C6D@eris.apache.org>,chenpei
Mon Sep 24 22:07:41 2012,http://mail-archives.apache.org/mod_mbox/ctakes-commits/201209.mbox/<20120924220607.27C382388C6D@eris.apache.org>,chenpei
Mon Sep 24 22:07:41 2012,http://mail-archives.apache.org/mod_mbox/ctakes-commits/201209.mbox/<20120924220607.27C382388C6D@eris.apache.org>,chenpei
Mon Sep 24 22:07:41 2012,http://mail-archives.apache.org/mod_mbox/ctakes-commits/201209.mbox/<20120924220607.27C382388C6D@eris.apache.org>,chenpei
Mon Sep 24 22:07:41 2012,http://mail-archives.apache.org/mod_mbox/ctakes-commits/201209.mbox/<20120924220607.27C382388C6D@eris.apache.org>,chenpei
Mon Sep 24 22:07:41 2012,http://mail-archives.apache.org/mod_mbox/ctakes-commits/201209.mbox/<20120924220607.27C382388C6D@eris.apache.org>,chenpei
Mon Sep 24 22:07:41 2012,http://mail-archives.apache.org/mod_mbox/ctakes-commits/201209.mbox/<20120924220607.27C382388C6D@eris.apache.org>,chenpei
Mon Sep 24 22:07:41 2012,http://mail-archives.apache.org/mod_mbox/ctakes-commits/201209.mbox/<20120924220607.27C382388C6D@eris.apache.org>,chenpei
Mon Sep 24 22:07:41 2012,http://mail-archives.apache.org/mod_mbox/ctakes-commits/201209.mbox/<20120924220607.27C382388C6D@eris.apache.org>,chenpei
Mon Sep 24 22:07:41 2012,http://mail-archives.apache.org/mod_mbox/ctakes-commits/201209.mbox/<20120924220607.27C382388C6D@eris.apache.org>,chenpei
Mon Sep 24 22:07:41 2012,http://mail-archives.apache.org/mod_mbox/ctakes-commits/201209.mbox/<20120924220607.27C382388C6D@eris.apache.org>,chenpei
Mon Sep 24 22:07:41 2012,http://mail-archives.apache.org/mod_mbox/ctakes-commits/201209.mbox/<20120924220607.27C382388C6D@eris.apache.org>,chenpei
Mon Sep 24 22:07:41 2012,http://mail-archives.apache.org/mod_mbox/ctakes-commits/201209.mbox/<20120924220607.27C382388C6D@eris.apache.org>,chenpei
Mon Sep 24 22:07:41 2012,http://mail-archives.apache.org/mod_mbox/ctakes-commits/201209.mbox/<20120924220607.27C382388C6D@eris.apache.org>,chenpei
Mon Sep 24 22:07:41 2012,http://mail-archives.apache.org/mod_mbox/ctakes-commits/201209.mbox/<20120924220607.27C382388C6D@eris.apache.org>,chenpei
Mon Sep 24 22:07:41 2012,http://mail-archives.apache.org/mod_mbox/ctakes-commits/201209.mbox/<20120924220607.27C382388C6D@eris.apache.org>,chenpei
Mon Sep 24 22:07:41 2012,http://mail-archives.apache.org/mod_mbox/ctakes-commits/201209.mbox/<20120924220607.27C382388C6D@eris.apache.org>,chenpei
Mon Sep 24 22:07:41 2012,http://mail-archives.apache.org/mod_mbox/ctakes-commits/201209.mbox/<20120924220607.27C382388C6D@eris.apache.org>,chenpei
Mon Sep 24 22:07:41 2012,http://mail-archives.apache.org/mod_mbox/ctakes-commits/201209.mbox/<20120924220607.27C382388C6D@eris.apache.org>,chenpei
Mon Sep 24 22:07:41 2012,http://mail-archives.apache.org/mod_mbox/ctakes-commits/201209.mbox/<20120924220607.27C382388C6D@eris.apache.org>,chenpei
Mon Sep 24 22:07:41 2012,http://mail-archives.apache.org/mod_mbox/ctakes-commits/201209.mbox/<20120924220607.27C382388C6D@eris.apache.org>,chenpei
Mon Sep 24 22:07:41 2012,http://mail-archives.apache.org/mod_mbox/ctakes-commits/201209.mbox/<20120924220607.27C382388C6D@eris.apache.org>,chenpei
Mon Sep 24 22:07:41 2012,http://mail-archives.apache.org/mod_mbox/ctakes-commits/201209.mbox/<20120924220607.27C382388C6D@eris.apache.org>,chenpei
Mon Sep 24 22:07:41 2012,http://mail-archives.apache.org/mod_mbox/ctakes-commits/201209.mbox/<20120924220607.27C382388C6D@eris.apache.org>,chenpei
Mon Sep 24 22:07:41 2012,http://mail-archives.apache.org/mod_mbox/ctakes-commits/201209.mbox/<20120924220607.27C382388C6D@eris.apache.org>,chenpei
Mon Sep 24 22:07:41 2012,http://mail-archives.apache.org/mod_mbox/ctakes-commits/201209.mbox/<20120924220607.27C382388C6D@eris.apache.org>,chenpei
Mon Sep 24 22:07:41 2012,http://mail-archives.apache.org/mod_mbox/ctakes-commits/201209.mbox/<20120924220607.27C382388C6D@eris.apache.org>,chenpei
Mon Sep 24 22:07:41 2012,http://mail-archives.apache.org/mod_mbox/ctakes-commits/201209.mbox/<20120924220607.27C382388C6D@eris.apache.org>,chenpei
Mon Sep 24 22:07:41 2012,http://mail-archives.apache.org/mod_mbox/ctakes-commits/201209.mbox/<20120924220607.27C382388C6D@eris.apache.org>,chenpei
Mon Sep 24 22:07:41 2012,http://mail-archives.apache.org/mod_mbox/ctakes-commits/201209.mbox/<20120924220607.27C382388C6D@eris.apache.org>,chenpei
Mon Sep 24 22:07:41 2012,http://mail-archives.apache.org/mod_mbox/ctakes-commits/201209.mbox/<20120924220607.27C382388C6D@eris.apache.org>,chenpei
Mon Sep 24 22:07:41 2012,http://mail-archives.apache.org/mod_mbox/ctakes-commits/201209.mbox/<20120924220607.27C382388C6D@eris.apache.org>,chenpei
Mon Sep 24 22:07:41 2012,http://mail-archives.apache.org/mod_mbox/ctakes-commits/201209.mbox/<20120924220607.27C382388C6D@eris.apache.org>,chenpei
Mon Sep 24 22:07:41 2012,http://mail-archives.apache.org/mod_mbox/ctakes-commits/201209.mbox/<20120924220607.27C382388C6D@eris.apache.org>,chenpei
Mon Sep 24 22:07:41 2012,http://mail-archives.apache.org/mod_mbox/ctakes-commits/201209.mbox/<20120924220607.27C382388C6D@eris.apache.org>,chenpei
Mon Sep 24 22:07:41 2012,http://mail-archives.apache.org/mod_mbox/ctakes-commits/201209.mbox/<20120924220607.27C382388C6D@eris.apache.org>,chenpei
Mon Sep 24 22:07:41 2012,http://mail-archives.apache.org/mod_mbox/ctakes-commits/201209.mbox/<20120924220607.27C382388C6D@eris.apache.org>,chenpei
Mon Sep 24 22:07:41 2012,http://mail-archives.apache.org/mod_mbox/ctakes-commits/201209.mbox/<20120924220607.27C382388C6D@eris.apache.org>,chenpei
Mon Sep 24 22:07:41 2012,http://mail-archives.apache.org/mod_mbox/ctakes-commits/201209.mbox/<20120924220607.27C382388C6D@eris.apache.org>,chenpei
Mon Sep 24 22:07:41 2012,http://mail-archives.apache.org/mod_mbox/ctakes-commits/201209.mbox/<20120924220607.27C382388C6D@eris.apache.org>,chenpei
Mon Sep 24 22:07:41 2012,http://mail-archives.apache.org/mod_mbox/ctakes-commits/201209.mbox/<20120924220607.27C382388C6D@eris.apache.org>,chenpei
Mon Sep 24 22:07:41 2012,http://mail-archives.apache.org/mod_mbox/ctakes-commits/201209.mbox/<20120924220607.27C382388C6D@eris.apache.org>,chenpei
Mon Sep 24 22:07:41 2012,http://mail-archives.apache.org/mod_mbox/ctakes-commits/201209.mbox/<20120924220607.27C382388C6D@eris.apache.org>,chenpei
Mon Sep 24 22:07:41 2012,http://mail-archives.apache.org/mod_mbox/ctakes-commits/201209.mbox/<20120924220607.27C382388C6D@eris.apache.org>,chenpei
Mon Sep 24 22:07:41 2012,http://mail-archives.apache.org/mod_mbox/ctakes-commits/201209.mbox/<20120924220607.27C382388C6D@eris.apache.org>,chenpei
Mon Sep 24 22:07:41 2012,http://mail-archives.apache.org/mod_mbox/ctakes-commits/201209.mbox/<20120924220607.27C382388C6D@eris.apache.org>,chenpei
Mon Sep 24 22:07:41 2012,http://mail-archives.apache.org/mod_mbox/ctakes-commits/201209.mbox/<20120924220607.27C382388C6D@eris.apache.org>,chenpei
Mon Sep 24 22:07:41 2012,http://mail-archives.apache.org/mod_mbox/ctakes-commits/201209.mbox/<20120924220607.27C382388C6D@eris.apache.org>,chenpei
Mon Sep 24 22:07:41 2012,http://mail-archives.apache.org/mod_mbox/ctakes-commits/201209.mbox/<20120924220607.27C382388C6D@eris.apache.org>,chenpei
Mon Sep 24 22:07:41 2012,http://mail-archives.apache.org/mod_mbox/ctakes-commits/201209.mbox/<20120924220607.27C382388C6D@eris.apache.org>,chenpei
Mon Sep 24 22:07:41 2012,http://mail-archives.apache.org/mod_mbox/ctakes-commits/201209.mbox/<20120924220607.27C382388C6D@eris.apache.org>,chenpei
Mon Sep 24 22:07:41 2012,http://mail-archives.apache.org/mod_mbox/ctakes-commits/201209.mbox/<20120924220607.27C382388C6D@eris.apache.org>,chenpei
Mon Sep 24 22:07:41 2012,http://mail-archives.apache.org/mod_mbox/ctakes-commits/201209.mbox/<20120924220607.27C382388C6D@eris.apache.org>,chenpei
Mon Sep 24 22:07:41 2012,http://mail-archives.apache.org/mod_mbox/ctakes-commits/201209.mbox/<20120924220607.27C382388C6D@eris.apache.org>,chenpei
Mon Sep 24 22:07:41 2012,http://mail-archives.apache.org/mod_mbox/ctakes-commits/201209.mbox/<20120924220607.27C382388C6D@eris.apache.org>,chenpei
Mon Sep 24 22:07:41 2012,http://mail-archives.apache.org/mod_mbox/ctakes-commits/201209.mbox/<20120924220607.27C382388C6D@eris.apache.org>,chenpei
Mon Sep 24 22:07:41 2012,http://mail-archives.apache.org/mod_mbox/ctakes-commits/201209.mbox/<20120924220607.27C382388C6D@eris.apache.org>,chenpei
Mon Sep 24 22:07:41 2012,http://mail-archives.apache.org/mod_mbox/ctakes-commits/201209.mbox/<20120924220607.27C382388C6D@eris.apache.org>,chenpei
Mon Sep 24 22:07:41 2012,http://mail-archives.apache.org/mod_mbox/ctakes-commits/201209.mbox/<20120924220607.27C382388C6D@eris.apache.org>,chenpei
Mon Sep 24 22:07:41 2012,http://mail-archives.apache.org/mod_mbox/ctakes-commits/201209.mbox/<20120924220607.27C382388C6D@eris.apache.org>,chenpei
Mon Sep 24 22:07:41 2012,http://mail-archives.apache.org/mod_mbox/ctakes-commits/201209.mbox/<20120924220607.27C382388C6D@eris.apache.org>,chenpei
Mon Sep 24 22:07:41 2012,http://mail-archives.apache.org/mod_mbox/ctakes-commits/201209.mbox/<20120924220607.27C382388C6D@eris.apache.org>,chenpei
Mon Sep 24 22:07:41 2012,http://mail-archives.apache.org/mod_mbox/ctakes-commits/201209.mbox/<20120924220607.27C382388C6D@eris.apache.org>,chenpei
Mon Sep 24 22:07:41 2012,http://mail-archives.apache.org/mod_mbox/ctakes-commits/201209.mbox/<20120924220607.27C382388C6D@eris.apache.org>,chenpei
Mon Sep 24 22:07:41 2012,http://mail-archives.apache.org/mod_mbox/ctakes-commits/201209.mbox/<20120924220607.27C382388C6D@eris.apache.org>,chenpei
Mon Sep 24 22:07:41 2012,http://mail-archives.apache.org/mod_mbox/ctakes-commits/201209.mbox/<20120924220607.27C382388C6D@eris.apache.org>,chenpei
Mon Sep 24 22:07:41 2012,http://mail-archives.apache.org/mod_mbox/ctakes-commits/201209.mbox/<20120924220607.27C382388C6D@eris.apache.org>,chenpei
Mon Sep 24 22:07:41 2012,http://mail-archives.apache.org/mod_mbox/ctakes-commits/201209.mbox/<20120924220607.27C382388C6D@eris.apache.org>,chenpei
Mon Sep 24 22:07:41 2012,http://mail-archives.apache.org/mod_mbox/ctakes-commits/201209.mbox/<20120924220607.27C382388C6D@eris.apache.org>,chenpei
Mon Sep 24 22:07:41 2012,http://mail-archives.apache.org/mod_mbox/ctakes-commits/201209.mbox/<20120924220607.27C382388C6D@eris.apache.org>,chenpei
Mon Sep 24 22:07:41 2012,http://mail-archives.apache.org/mod_mbox/ctakes-commits/201209.mbox/<20120924220607.27C382388C6D@eris.apache.org>,chenpei
Mon Sep 24 22:07:41 2012,http://mail-archives.apache.org/mod_mbox/ctakes-commits/201209.mbox/<20120924220607.27C382388C6D@eris.apache.org>,chenpei
Mon Sep 24 22:07:41 2012,http://mail-archives.apache.org/mod_mbox/ctakes-commits/201209.mbox/<20120924220607.27C382388C6D@eris.apache.org>,chenpei
Mon Sep 24 22:07:41 2012,http://mail-archives.apache.org/mod_mbox/ctakes-commits/201209.mbox/<20120924220607.27C382388C6D@eris.apache.org>,chenpei
Mon Sep 24 22:07:41 2012,http://mail-archives.apache.org/mod_mbox/ctakes-commits/201209.mbox/<20120924220607.27C382388C6D@eris.apache.org>,chenpei
Mon Sep 24 22:07:41 2012,http://mail-archives.apache.org/mod_mbox/ctakes-commits/201209.mbox/<20120924220607.27C382388C6D@eris.apache.org>,chenpei
Mon Sep 24 22:07:41 2012,http://mail-archives.apache.org/mod_mbox/ctakes-commits/201209.mbox/<20120924220607.27C382388C6D@eris.apache.org>,chenpei
Mon Sep 24 22:07:41 2012,http://mail-archives.apache.org/mod_mbox/ctakes-commits/201209.mbox/<20120924220607.27C382388C6D@eris.apache.org>,chenpei
Mon Sep 24 22:07:41 2012,http://mail-archives.apache.org/mod_mbox/ctakes-commits/201209.mbox/<20120924220607.27C382388C6D@eris.apache.org>,chenpei
Mon Sep 24 22:07:41 2012,http://mail-archives.apache.org/mod_mbox/ctakes-commits/201209.mbox/<20120924220607.27C382388C6D@eris.apache.org>,chenpei
Mon Sep 24 22:07:41 2012,http://mail-archives.apache.org/mod_mbox/ctakes-commits/201209.mbox/<20120924220607.27C382388C6D@eris.apache.org>,chenpei
Mon Sep 24 22:07:41 2012,http://mail-archives.apache.org/mod_mbox/ctakes-commits/201209.mbox/<20120924220607.27C382388C6D@eris.apache.org>,chenpei
Mon Sep 24 22:07:41 2012,http://mail-archives.apache.org/mod_mbox/ctakes-commits/201209.mbox/<20120924220607.27C382388C6D@eris.apache.org>,chenpei
Mon Sep 24 22:07:41 2012,http://mail-archives.apache.org/mod_mbox/ctakes-commits/201209.mbox/<20120924220607.27C382388C6D@eris.apache.org>,chenpei
Mon Sep 24 22:07:41 2012,http://mail-archives.apache.org/mod_mbox/ctakes-commits/201209.mbox/<20120924220607.27C382388C6D@eris.apache.org>,chenpei
Mon Sep 24 22:07:41 2012,http://mail-archives.apache.org/mod_mbox/ctakes-commits/201209.mbox/<20120924220607.27C382388C6D@eris.apache.org>,chenpei
Mon Sep 24 22:07:41 2012,http://mail-archives.apache.org/mod_mbox/ctakes-commits/201209.mbox/<20120924220607.27C382388C6D@eris.apache.org>,chenpei
Mon Sep 24 22:07:41 2012,http://mail-archives.apache.org/mod_mbox/ctakes-commits/201209.mbox/<20120924220607.27C382388C6D@eris.apache.org>,chenpei
Mon Sep 24 22:07:41 2012,http://mail-archives.apache.org/mod_mbox/ctakes-commits/201209.mbox/<20120924220607.27C382388C6D@eris.apache.org>,chenpei
Mon Sep 24 22:07:41 2012,http://mail-archives.apache.org/mod_mbox/ctakes-commits/201209.mbox/<20120924220607.27C382388C6D@eris.apache.org>,chenpei
Mon Sep 24 22:07:41 2012,http://mail-archives.apache.org/mod_mbox/ctakes-commits/201209.mbox/<20120924220607.27C382388C6D@eris.apache.org>,chenpei
Mon Sep 24 22:07:41 2012,http://mail-archives.apache.org/mod_mbox/ctakes-commits/201209.mbox/<20120924220607.27C382388C6D@eris.apache.org>,chenpei
Mon Sep 24 22:07:41 2012,http://mail-archives.apache.org/mod_mbox/ctakes-commits/201209.mbox/<20120924220607.27C382388C6D@eris.apache.org>,chenpei
Mon Sep 24 22:07:41 2012,http://mail-archives.apache.org/mod_mbox/ctakes-commits/201209.mbox/<20120924220607.2E7312388C70@eris.apache.org>,chenpei
Mon Sep 24 22:07:41 2012,http://mail-archives.apache.org/mod_mbox/ctakes-commits/201209.mbox/<20120924220607.2E7312388C70@eris.apache.org>,chenpei
Mon Sep 24 22:07:41 2012,http://mail-archives.apache.org/mod_mbox/ctakes-commits/201209.mbox/<20120924220607.2E7312388C70@eris.apache.org>,chenpei
Mon Sep 24 22:07:41 2012,http://mail-archives.apache.org/mod_mbox/ctakes-commits/201209.mbox/<20120924220607.2E7312388C70@eris.apache.org>,chenpei
Mon Sep 24 22:07:41 2012,http://mail-archives.apache.org/mod_mbox/ctakes-commits/201209.mbox/<20120924220607.2E7312388C70@eris.apache.org>,chenpei
Mon Sep 24 22:07:41 2012,http://mail-archives.apache.org/mod_mbox/ctakes-commits/201209.mbox/<20120924220607.2E7312388C70@eris.apache.org>,chenpei
Mon Sep 24 22:07:41 2012,http://mail-archives.apache.org/mod_mbox/ctakes-commits/201209.mbox/<20120924220607.2E7312388C70@eris.apache.org>,chenpei
Mon Sep 24 22:07:41 2012,http://mail-archives.apache.org/mod_mbox/ctakes-commits/201209.mbox/<20120924220607.2E7312388C70@eris.apache.org>,chenpei
Mon Sep 24 22:07:41 2012,http://mail-archives.apache.org/mod_mbox/ctakes-commits/201209.mbox/<20120924220607.2E7312388C70@eris.apache.org>,chenpei
Mon Sep 24 22:07:41 2012,http://mail-archives.apache.org/mod_mbox/ctakes-commits/201209.mbox/<20120924220607.2E7312388C70@eris.apache.org>,chenpei
Mon Sep 24 22:07:41 2012,http://mail-archives.apache.org/mod_mbox/ctakes-commits/201209.mbox/<20120924220607.2E7312388C70@eris.apache.org>,chenpei
Mon Sep 24 22:07:41 2012,http://mail-archives.apache.org/mod_mbox/ctakes-commits/201209.mbox/<20120924220607.2E7312388C70@eris.apache.org>,chenpei
Mon Sep 24 22:07:41 2012,http://mail-archives.apache.org/mod_mbox/ctakes-commits/201209.mbox/<20120924220607.2E7312388C70@eris.apache.org>,chenpei
Mon Sep 24 22:07:41 2012,http://mail-archives.apache.org/mod_mbox/ctakes-commits/201209.mbox/<20120924220607.2E7312388C70@eris.apache.org>,chenpei
Mon Sep 24 22:07:41 2012,http://mail-archives.apache.org/mod_mbox/ctakes-commits/201209.mbox/<20120924220607.2E7312388C70@eris.apache.org>,chenpei
Mon Sep 24 22:07:41 2012,http://mail-archives.apache.org/mod_mbox/ctakes-commits/201209.mbox/<20120924220607.2E7312388C70@eris.apache.org>,chenpei
Mon Sep 24 22:07:41 2012,http://mail-archives.apache.org/mod_mbox/ctakes-commits/201209.mbox/<20120924220607.2E7312388C70@eris.apache.org>,chenpei
Mon Sep 24 22:07:41 2012,http://mail-archives.apache.org/mod_mbox/ctakes-commits/201209.mbox/<20120924220607.2E7312388C70@eris.apache.org>,chenpei
Mon Sep 24 22:07:41 2012,http://mail-archives.apache.org/mod_mbox/ctakes-commits/201209.mbox/<20120924220607.2E7312388C70@eris.apache.org>,chenpei
Mon Sep 24 22:07:41 2012,http://mail-archives.apache.org/mod_mbox/ctakes-commits/201209.mbox/<20120924220607.2E7312388C70@eris.apache.org>,chenpei
Mon Sep 24 22:07:41 2012,http://mail-archives.apache.org/mod_mbox/ctakes-commits/201209.mbox/<20120924220607.2E7312388C70@eris.apache.org>,chenpei
Mon Sep 24 22:07:41 2012,http://mail-archives.apache.org/mod_mbox/ctakes-commits/201209.mbox/<20120924220607.2E7312388C70@eris.apache.org>,chenpei
Mon Sep 24 22:07:41 2012,http://mail-archives.apache.org/mod_mbox/ctakes-commits/201209.mbox/<20120924220607.2E7312388C70@eris.apache.org>,chenpei
Mon Sep 24 22:07:41 2012,http://mail-archives.apache.org/mod_mbox/ctakes-commits/201209.mbox/<20120924220607.2E7312388C70@eris.apache.org>,chenpei
Mon Sep 24 22:07:41 2012,http://mail-archives.apache.org/mod_mbox/ctakes-commits/201209.mbox/<20120924220607.2E7312388C70@eris.apache.org>,chenpei
Mon Sep 24 22:07:41 2012,http://mail-archives.apache.org/mod_mbox/ctakes-commits/201209.mbox/<20120924220607.2E7312388C70@eris.apache.org>,chenpei
Mon Sep 24 22:07:41 2012,http://mail-archives.apache.org/mod_mbox/ctakes-commits/201209.mbox/<20120924220607.2E7312388C70@eris.apache.org>,chenpei
Mon Sep 24 22:07:41 2012,http://mail-archives.apache.org/mod_mbox/ctakes-commits/201209.mbox/<20120924220607.2E7312388C70@eris.apache.org>,chenpei
Mon Sep 24 22:07:41 2012,http://mail-archives.apache.org/mod_mbox/ctakes-commits/201209.mbox/<20120924220607.2E7312388C70@eris.apache.org>,chenpei
Mon Sep 24 22:07:41 2012,http://mail-archives.apache.org/mod_mbox/ctakes-commits/201209.mbox/<20120924220607.2E7312388C70@eris.apache.org>,chenpei
Mon Sep 24 22:07:41 2012,http://mail-archives.apache.org/mod_mbox/ctakes-commits/201209.mbox/<20120924220607.2E7312388C70@eris.apache.org>,chenpei
Mon Sep 24 22:07:41 2012,http://mail-archives.apache.org/mod_mbox/ctakes-commits/201209.mbox/<20120924220607.2E7312388C70@eris.apache.org>,chenpei
Mon Sep 24 22:07:41 2012,http://mail-archives.apache.org/mod_mbox/ctakes-commits/201209.mbox/<20120924220607.2E7312388C70@eris.apache.org>,chenpei
Mon Sep 24 22:07:41 2012,http://mail-archives.apache.org/mod_mbox/ctakes-commits/201209.mbox/<20120924220607.2E7312388C70@eris.apache.org>,chenpei
Mon Sep 24 22:07:41 2012,http://mail-archives.apache.org/mod_mbox/ctakes-commits/201209.mbox/<20120924220607.2E7312388C70@eris.apache.org>,chenpei
Mon Sep 24 22:07:41 2012,http://mail-archives.apache.org/mod_mbox/ctakes-commits/201209.mbox/<20120924220607.2E7312388C70@eris.apache.org>,chenpei
Mon Sep 24 22:07:41 2012,http://mail-archives.apache.org/mod_mbox/ctakes-commits/201209.mbox/<20120924220607.2E7312388C70@eris.apache.org>,chenpei
Mon Sep 24 22:07:41 2012,http://mail-archives.apache.org/mod_mbox/ctakes-commits/201209.mbox/<20120924220607.2E7312388C70@eris.apache.org>,chenpei
Mon Sep 24 22:07:41 2012,http://mail-archives.apache.org/mod_mbox/ctakes-commits/201209.mbox/<20120924220607.2E7312388C70@eris.apache.org>,chenpei
Mon Sep 24 22:07:41 2012,http://mail-archives.apache.org/mod_mbox/ctakes-commits/201209.mbox/<20120924220607.2E7312388C70@eris.apache.org>,chenpei
Mon Sep 24 22:07:41 2012,http://mail-archives.apache.org/mod_mbox/ctakes-commits/201209.mbox/<20120924220607.2E7312388C70@eris.apache.org>,chenpei
Mon Sep 24 22:07:41 2012,http://mail-archives.apache.org/mod_mbox/ctakes-commits/201209.mbox/<20120924220607.2E7312388C70@eris.apache.org>,chenpei
Mon Sep 24 22:07:41 2012,http://mail-archives.apache.org/mod_mbox/ctakes-commits/201209.mbox/<20120924220607.2E7312388C70@eris.apache.org>,chenpei
Mon Sep 24 22:07:41 2012,http://mail-archives.apache.org/mod_mbox/ctakes-commits/201209.mbox/<20120924220607.2E7312388C70@eris.apache.org>,chenpei
Mon Sep 24 22:07:41 2012,http://mail-archives.apache.org/mod_mbox/ctakes-commits/201209.mbox/<20120924220607.2E7312388C70@eris.apache.org>,chenpei
Mon Sep 24 22:07:41 2012,http://mail-archives.apache.org/mod_mbox/ctakes-commits/201209.mbox/<20120924220607.2E7312388C70@eris.apache.org>,chenpei
Mon Sep 24 22:07:41 2012,http://mail-archives.apache.org/mod_mbox/ctakes-commits/201209.mbox/<20120924220607.2E7312388C70@eris.apache.org>,chenpei
Mon Sep 24 22:07:41 2012,http://mail-archives.apache.org/mod_mbox/ctakes-commits/201209.mbox/<20120924220607.2E7312388C70@eris.apache.org>,chenpei
Mon Sep 24 22:07:41 2012,http://mail-archives.apache.org/mod_mbox/ctakes-commits/201209.mbox/<20120924220607.2E7312388C70@eris.apache.org>,chenpei
Mon Sep 24 22:07:41 2012,http://mail-archives.apache.org/mod_mbox/ctakes-commits/201209.mbox/<20120924220607.2E7312388C70@eris.apache.org>,chenpei
Mon Sep 24 22:07:41 2012,http://mail-archives.apache.org/mod_mbox/ctakes-commits/201209.mbox/<20120924220607.2E7312388C70@eris.apache.org>,chenpei
Mon Sep 24 22:07:41 2012,http://mail-archives.apache.org/mod_mbox/ctakes-commits/201209.mbox/<20120924220607.2E7312388C70@eris.apache.org>,chenpei
Mon Sep 24 22:07:41 2012,http://mail-archives.apache.org/mod_mbox/ctakes-commits/201209.mbox/<20120924220607.2E7312388C70@eris.apache.org>,chenpei
Mon Sep 24 22:07:41 2012,http://mail-archives.apache.org/mod_mbox/ctakes-commits/201209.mbox/<20120924220607.2E7312388C70@eris.apache.org>,chenpei
Mon Sep 24 22:07:41 2012,http://mail-archives.apache.org/mod_mbox/ctakes-commits/201209.mbox/<20120924220607.2E7312388C70@eris.apache.org>,chenpei
Mon Sep 24 22:07:41 2012,http://mail-archives.apache.org/mod_mbox/ctakes-commits/201209.mbox/<20120924220607.2E7312388C70@eris.apache.org>,chenpei
Mon Sep 24 22:07:41 2012,http://mail-archives.apache.org/mod_mbox/ctakes-commits/201209.mbox/<20120924220607.2E7312388C70@eris.apache.org>,chenpei
Mon Sep 24 22:07:41 2012,http://mail-archives.apache.org/mod_mbox/ctakes-commits/201209.mbox/<20120924220607.2E7312388C70@eris.apache.org>,chenpei
Mon Sep 24 22:07:41 2012,http://mail-archives.apache.org/mod_mbox/ctakes-commits/201209.mbox/<20120924220607.2E7312388C70@eris.apache.org>,chenpei
Mon Sep 24 22:07:41 2012,http://mail-archives.apache.org/mod_mbox/ctakes-commits/201209.mbox/<20120924220607.2E7312388C70@eris.apache.org>,chenpei
Mon Sep 24 22:07:41 2012,http://mail-archives.apache.org/mod_mbox/ctakes-commits/201209.mbox/<20120924220607.2E7312388C70@eris.apache.org>,chenpei
Mon Sep 24 22:07:41 2012,http://mail-archives.apache.org/mod_mbox/ctakes-commits/201209.mbox/<20120924220607.27C382388C6D@eris.apache.org>,chenpei
Mon Sep 24 22:07:41 2012,http://mail-archives.apache.org/mod_mbox/ctakes-commits/201209.mbox/<20120924220607.27C382388C6D@eris.apache.org>,chenpei
Mon Sep 24 22:07:41 2012,http://mail-archives.apache.org/mod_mbox/ctakes-commits/201209.mbox/<20120924220607.27C382388C6D@eris.apache.org>,chenpei
Mon Sep 24 22:07:41 2012,http://mail-archives.apache.org/mod_mbox/ctakes-commits/201209.mbox/<20120924220607.27C382388C6D@eris.apache.org>,chenpei
Mon Sep 24 22:07:41 2012,http://mail-archives.apache.org/mod_mbox/ctakes-commits/201209.mbox/<20120924220607.27C382388C6D@eris.apache.org>,chenpei
Mon Sep 24 22:07:41 2012,http://mail-archives.apache.org/mod_mbox/ctakes-commits/201209.mbox/<20120924220607.27C382388C6D@eris.apache.org>,chenpei
Mon Sep 24 22:07:41 2012,http://mail-archives.apache.org/mod_mbox/ctakes-commits/201209.mbox/<20120924220607.27C382388C6D@eris.apache.org>,chenpei
Mon Sep 24 22:07:41 2012,http://mail-archives.apache.org/mod_mbox/ctakes-commits/201209.mbox/<20120924220607.2E7312388C70@eris.apache.org>,chenpei
Mon Sep 24 22:07:41 2012,http://mail-archives.apache.org/mod_mbox/ctakes-commits/201209.mbox/<20120924220607.2E7312388C70@eris.apache.org>,chenpei
Mon Sep 24 22:07:41 2012,http://mail-archives.apache.org/mod_mbox/ctakes-commits/201209.mbox/<20120924220607.2E7312388C70@eris.apache.org>,chenpei
Mon Sep 24 22:07:41 2012,http://mail-archives.apache.org/mod_mbox/ctakes-commits/201209.mbox/<20120924220607.2E7312388C70@eris.apache.org>,chenpei
Mon Sep 24 22:07:41 2012,http://mail-archives.apache.org/mod_mbox/ctakes-commits/201209.mbox/<20120924220607.2E7312388C70@eris.apache.org>,chenpei
Mon Sep 24 22:07:41 2012,http://mail-archives.apache.org/mod_mbox/ctakes-commits/201209.mbox/<20120924220607.2E7312388C70@eris.apache.org>,chenpei
Mon Sep 24 22:07:41 2012,http://mail-archives.apache.org/mod_mbox/ctakes-commits/201209.mbox/<20120924220607.2E7312388C70@eris.apache.org>,chenpei
Mon Sep 24 22:07:41 2012,http://mail-archives.apache.org/mod_mbox/ctakes-commits/201209.mbox/<20120924220607.2E7312388C70@eris.apache.org>,chenpei
Mon Sep 24 22:07:41 2012,http://mail-archives.apache.org/mod_mbox/ctakes-commits/201209.mbox/<20120924220607.2E7312388C70@eris.apache.org>,chenpei
Mon Sep 24 22:07:41 2012,http://mail-archives.apache.org/mod_mbox/ctakes-commits/201209.mbox/<20120924220607.2E7312388C70@eris.apache.org>,chenpei
Mon Sep 24 22:07:41 2012,http://mail-archives.apache.org/mod_mbox/ctakes-commits/201209.mbox/<20120924220607.2E7312388C70@eris.apache.org>,chenpei
Mon Sep 24 22:07:41 2012,http://mail-archives.apache.org/mod_mbox/ctakes-commits/201209.mbox/<20120924220607.2E7312388C70@eris.apache.org>,chenpei
Mon Sep 24 22:07:41 2012,http://mail-archives.apache.org/mod_mbox/ctakes-commits/201209.mbox/<20120924220607.2E7312388C70@eris.apache.org>,chenpei
Mon Sep 24 22:07:41 2012,http://mail-archives.apache.org/mod_mbox/ctakes-commits/201209.mbox/<20120924220607.2E7312388C70@eris.apache.org>,chenpei
Mon Sep 24 22:07:41 2012,http://mail-archives.apache.org/mod_mbox/ctakes-commits/201209.mbox/<20120924220607.2E7312388C70@eris.apache.org>,chenpei
Mon Sep 24 22:07:41 2012,http://mail-archives.apache.org/mod_mbox/ctakes-commits/201209.mbox/<20120924220607.2E7312388C70@eris.apache.org>,chenpei
Mon Sep 24 22:07:41 2012,http://mail-archives.apache.org/mod_mbox/ctakes-commits/201209.mbox/<20120924220607.2E7312388C70@eris.apache.org>,chenpei
Mon Sep 24 22:07:41 2012,http://mail-archives.apache.org/mod_mbox/ctakes-commits/201209.mbox/<20120924220607.2E7312388C70@eris.apache.org>,chenpei
Mon Sep 24 22:07:41 2012,http://mail-archives.apache.org/mod_mbox/ctakes-commits/201209.mbox/<20120924220607.2E7312388C70@eris.apache.org>,chenpei
Mon Sep 24 22:07:41 2012,http://mail-archives.apache.org/mod_mbox/ctakes-commits/201209.mbox/<20120924220607.2E7312388C70@eris.apache.org>,chenpei
Mon Sep 24 22:07:41 2012,http://mail-archives.apache.org/mod_mbox/ctakes-commits/201209.mbox/<20120924220607.2E7312388C70@eris.apache.org>,chenpei
Mon Sep 24 22:07:41 2012,http://mail-archives.apache.org/mod_mbox/ctakes-commits/201209.mbox/<20120924220607.2E7312388C70@eris.apache.org>,chenpei
Mon Sep 24 22:07:41 2012,http://mail-archives.apache.org/mod_mbox/ctakes-commits/201209.mbox/<20120924220607.2E7312388C70@eris.apache.org>,chenpei
Mon Sep 24 22:07:41 2012,http://mail-archives.apache.org/mod_mbox/ctakes-commits/201209.mbox/<20120924220607.2E7312388C70@eris.apache.org>,chenpei
Mon Sep 24 22:07:41 2012,http://mail-archives.apache.org/mod_mbox/ctakes-commits/201209.mbox/<20120924220607.2E7312388C70@eris.apache.org>,chenpei
Mon Sep 24 22:07:41 2012,http://mail-archives.apache.org/mod_mbox/ctakes-commits/201209.mbox/<20120924220607.27C382388C6D@eris.apache.org>,chenpei
Mon Sep 24 22:07:41 2012,http://mail-archives.apache.org/mod_mbox/ctakes-commits/201209.mbox/<20120924220607.2E7312388C70@eris.apache.org>,chenpei
Mon Sep 24 22:07:41 2012,http://mail-archives.apache.org/mod_mbox/ctakes-commits/201209.mbox/<20120924220607.2E7312388C70@eris.apache.org>,chenpei
Mon Sep 24 22:07:41 2012,http://mail-archives.apache.org/mod_mbox/ctakes-commits/201209.mbox/<20120924220607.2E7312388C70@eris.apache.org>,chenpei
Mon Sep 24 22:07:41 2012,http://mail-archives.apache.org/mod_mbox/ctakes-commits/201209.mbox/<20120924220607.2E7312388C70@eris.apache.org>,chenpei
Mon Sep 24 22:07:41 2012,http://mail-archives.apache.org/mod_mbox/ctakes-commits/201209.mbox/<20120924220607.2E7312388C70@eris.apache.org>,chenpei
Mon Sep 24 22:07:41 2012,http://mail-archives.apache.org/mod_mbox/ctakes-commits/201209.mbox/<20120924220607.2E7312388C70@eris.apache.org>,chenpei
Mon Sep 24 22:07:41 2012,http://mail-archives.apache.org/mod_mbox/ctakes-commits/201209.mbox/<20120924220607.2E7312388C70@eris.apache.org>,chenpei
Mon Sep 24 22:07:41 2012,http://mail-archives.apache.org/mod_mbox/ctakes-commits/201209.mbox/<20120924220607.2E7312388C70@eris.apache.org>,chenpei
Mon Sep 24 22:07:41 2012,http://mail-archives.apache.org/mod_mbox/ctakes-commits/201209.mbox/<20120924220607.2E7312388C70@eris.apache.org>,chenpei
Mon Sep 24 22:07:41 2012,http://mail-archives.apache.org/mod_mbox/ctakes-commits/201209.mbox/<20120924220607.2E7312388C70@eris.apache.org>,chenpei
Mon Sep 24 22:07:41 2012,http://mail-archives.apache.org/mod_mbox/ctakes-commits/201209.mbox/<20120924220607.2E7312388C70@eris.apache.org>,chenpei
Mon Sep 24 22:07:41 2012,http://mail-archives.apache.org/mod_mbox/ctakes-commits/201209.mbox/<20120924220607.2E7312388C70@eris.apache.org>,chenpei
Mon Sep 24 22:07:41 2012,http://mail-archives.apache.org/mod_mbox/ctakes-commits/201209.mbox/<20120924220607.2E7312388C70@eris.apache.org>,chenpei
Mon Sep 24 22:07:41 2012,http://mail-archives.apache.org/mod_mbox/ctakes-commits/201209.mbox/<20120924220607.2E7312388C70@eris.apache.org>,chenpei
Mon Sep 24 22:07:41 2012,http://mail-archives.apache.org/mod_mbox/ctakes-commits/201209.mbox/<20120924220607.2E7312388C70@eris.apache.org>,chenpei
Mon Sep 24 22:07:41 2012,http://mail-archives.apache.org/mod_mbox/ctakes-commits/201209.mbox/<20120924220607.2E7312388C70@eris.apache.org>,chenpei
Mon Sep 24 22:07:41 2012,http://mail-archives.apache.org/mod_mbox/ctakes-commits/201209.mbox/<20120924220607.2E7312388C70@eris.apache.org>,chenpei
Mon Sep 24 22:07:41 2012,http://mail-archives.apache.org/mod_mbox/ctakes-commits/201209.mbox/<20120924220607.2E7312388C70@eris.apache.org>,chenpei
Mon Sep 24 22:07:41 2012,http://mail-archives.apache.org/mod_mbox/ctakes-commits/201209.mbox/<20120924220607.2E7312388C70@eris.apache.org>,chenpei
Mon Sep 24 22:07:41 2012,http://mail-archives.apache.org/mod_mbox/ctakes-commits/201209.mbox/<20120924220607.2E7312388C70@eris.apache.org>,chenpei
Mon Sep 24 22:07:41 2012,http://mail-archives.apache.org/mod_mbox/ctakes-commits/201209.mbox/<20120924220607.2E7312388C70@eris.apache.org>,chenpei
Mon Sep 24 22:07:41 2012,http://mail-archives.apache.org/mod_mbox/ctakes-commits/201209.mbox/<20120924220607.2E7312388C70@eris.apache.org>,chenpei
Mon Sep 24 22:07:41 2012,http://mail-archives.apache.org/mod_mbox/ctakes-commits/201209.mbox/<20120924220607.2E7312388C70@eris.apache.org>,chenpei
Mon Sep 24 22:07:41 2012,http://mail-archives.apache.org/mod_mbox/ctakes-commits/201209.mbox/<20120924220607.2E7312388C70@eris.apache.org>,chenpei
Mon Sep 24 22:07:41 2012,http://mail-archives.apache.org/mod_mbox/ctakes-commits/201209.mbox/<20120924220607.2E7312388C70@eris.apache.org>,chenpei
Mon Sep 24 22:07:41 2012,http://mail-archives.apache.org/mod_mbox/ctakes-commits/201209.mbox/<20120924220607.2E7312388C70@eris.apache.org>,chenpei
Mon Sep 24 22:07:41 2012,http://mail-archives.apache.org/mod_mbox/ctakes-commits/201209.mbox/<20120924220607.2E7312388C70@eris.apache.org>,chenpei
Mon Sep 24 22:07:41 2012,http://mail-archives.apache.org/mod_mbox/ctakes-commits/201209.mbox/<20120924220607.2E7312388C70@eris.apache.org>,chenpei
Mon Sep 24 22:07:41 2012,http://mail-archives.apache.org/mod_mbox/ctakes-commits/201209.mbox/<20120924220607.2E7312388C70@eris.apache.org>,chenpei
Mon Sep 24 22:07:41 2012,http://mail-archives.apache.org/mod_mbox/ctakes-commits/201209.mbox/<20120924220607.2E7312388C70@eris.apache.org>,chenpei
Mon Sep 24 22:07:41 2012,http://mail-archives.apache.org/mod_mbox/ctakes-commits/201209.mbox/<20120924220607.2E7312388C70@eris.apache.org>,chenpei
Mon Sep 24 22:07:41 2012,http://mail-archives.apache.org/mod_mbox/ctakes-commits/201209.mbox/<20120924220607.2E7312388C70@eris.apache.org>,chenpei
Mon Sep 24 22:07:41 2012,http://mail-archives.apache.org/mod_mbox/ctakes-commits/201209.mbox/<20120924220607.2E7312388C70@eris.apache.org>,chenpei
Mon Sep 24 22:07:41 2012,http://mail-archives.apache.org/mod_mbox/ctakes-commits/201209.mbox/<20120924220607.2E7312388C70@eris.apache.org>,chenpei
Mon Sep 24 22:07:41 2012,http://mail-archives.apache.org/mod_mbox/ctakes-commits/201209.mbox/<20120924220607.2E7312388C70@eris.apache.org>,chenpei
Mon Sep 24 22:07:41 2012,http://mail-archives.apache.org/mod_mbox/ctakes-commits/201209.mbox/<20120924220607.2E7312388C70@eris.apache.org>,chenpei
Mon Sep 24 22:07:41 2012,http://mail-archives.apache.org/mod_mbox/ctakes-commits/201209.mbox/<20120924220607.2E7312388C70@eris.apache.org>,chenpei
Mon Sep 24 22:07:41 2012,http://mail-archives.apache.org/mod_mbox/ctakes-commits/201209.mbox/<20120924220607.2E7312388C70@eris.apache.org>,chenpei
Mon Sep 24 22:07:41 2012,http://mail-archives.apache.org/mod_mbox/ctakes-commits/201209.mbox/<20120924220607.2E7312388C70@eris.apache.org>,chenpei
Mon Sep 24 22:07:41 2012,http://mail-archives.apache.org/mod_mbox/ctakes-commits/201209.mbox/<20120924220607.2E7312388C70@eris.apache.org>,chenpei
Mon Sep 24 22:07:41 2012,http://mail-archives.apache.org/mod_mbox/ctakes-commits/201209.mbox/<20120924220607.2E7312388C70@eris.apache.org>,chenpei
Mon Sep 24 22:07:41 2012,http://mail-archives.apache.org/mod_mbox/ctakes-commits/201209.mbox/<20120924220607.2E7312388C70@eris.apache.org>,chenpei
Mon Sep 24 22:07:41 2012,http://mail-archives.apache.org/mod_mbox/ctakes-commits/201209.mbox/<20120924220607.2E7312388C70@eris.apache.org>,chenpei
Mon Sep 24 22:07:41 2012,http://mail-archives.apache.org/mod_mbox/ctakes-commits/201209.mbox/<20120924220607.2E7312388C70@eris.apache.org>,chenpei
Mon Sep 24 22:07:41 2012,http://mail-archives.apache.org/mod_mbox/ctakes-commits/201209.mbox/<20120924220607.2E7312388C70@eris.apache.org>,chenpei
Mon Sep 24 22:07:41 2012,http://mail-archives.apache.org/mod_mbox/ctakes-commits/201209.mbox/<20120924220607.2E7312388C70@eris.apache.org>,chenpei
Mon Sep 24 22:07:41 2012,http://mail-archives.apache.org/mod_mbox/ctakes-commits/201209.mbox/<20120924220607.2E7312388C70@eris.apache.org>,chenpei
Mon Sep 24 22:07:41 2012,http://mail-archives.apache.org/mod_mbox/ctakes-commits/201209.mbox/<20120924220607.2E7312388C70@eris.apache.org>,chenpei
Mon Sep 24 22:07:41 2012,http://mail-archives.apache.org/mod_mbox/ctakes-commits/201209.mbox/<20120924220607.2E7312388C70@eris.apache.org>,chenpei
Mon Sep 24 22:07:41 2012,http://mail-archives.apache.org/mod_mbox/ctakes-commits/201209.mbox/<20120924220607.2E7312388C70@eris.apache.org>,chenpei
Mon Sep 24 22:07:41 2012,http://mail-archives.apache.org/mod_mbox/ctakes-commits/201209.mbox/<20120924220607.2E7312388C70@eris.apache.org>,chenpei
Mon Sep 24 22:07:41 2012,http://mail-archives.apache.org/mod_mbox/ctakes-commits/201209.mbox/<20120924220607.2E7312388C70@eris.apache.org>,chenpei
Mon Sep 24 22:07:41 2012,http://mail-archives.apache.org/mod_mbox/ctakes-commits/201209.mbox/<20120924220607.2E7312388C70@eris.apache.org>,chenpei
Mon Sep 24 22:07:41 2012,http://mail-archives.apache.org/mod_mbox/ctakes-commits/201209.mbox/<20120924220607.2E7312388C70@eris.apache.org>,chenpei
Mon Sep 24 22:07:41 2012,http://mail-archives.apache.org/mod_mbox/ctakes-commits/201209.mbox/<20120924220607.2E7312388C70@eris.apache.org>,chenpei
Mon Sep 24 22:07:41 2012,http://mail-archives.apache.org/mod_mbox/ctakes-commits/201209.mbox/<20120924220607.2E7312388C70@eris.apache.org>,chenpei
Mon Sep 24 22:07:41 2012,http://mail-archives.apache.org/mod_mbox/ctakes-commits/201209.mbox/<20120924220607.2E7312388C70@eris.apache.org>,chenpei
Mon Sep 24 22:07:41 2012,http://mail-archives.apache.org/mod_mbox/ctakes-commits/201209.mbox/<20120924220607.2E7312388C70@eris.apache.org>,chenpei
Mon Sep 24 22:07:41 2012,http://mail-archives.apache.org/mod_mbox/ctakes-commits/201209.mbox/<20120924220607.2E7312388C70@eris.apache.org>,chenpei
Mon Sep 24 22:07:41 2012,http://mail-archives.apache.org/mod_mbox/ctakes-commits/201209.mbox/<20120924220607.2E7312388C70@eris.apache.org>,chenpei
Mon Sep 24 22:07:41 2012,http://mail-archives.apache.org/mod_mbox/ctakes-commits/201209.mbox/<20120924220607.2E7312388C70@eris.apache.org>,chenpei
Mon Sep 24 22:07:41 2012,http://mail-archives.apache.org/mod_mbox/ctakes-commits/201209.mbox/<20120924220607.2E7312388C70@eris.apache.org>,chenpei
Mon Sep 24 22:07:41 2012,http://mail-archives.apache.org/mod_mbox/ctakes-commits/201209.mbox/<20120924220607.2E7312388C70@eris.apache.org>,chenpei
Mon Sep 24 22:07:41 2012,http://mail-archives.apache.org/mod_mbox/ctakes-commits/201209.mbox/<20120924220607.2E7312388C70@eris.apache.org>,chenpei
Mon Sep 24 22:07:41 2012,http://mail-archives.apache.org/mod_mbox/ctakes-commits/201209.mbox/<20120924220607.2E7312388C70@eris.apache.org>,chenpei
Mon Sep 24 22:07:41 2012,http://mail-archives.apache.org/mod_mbox/ctakes-commits/201209.mbox/<20120924220607.2E7312388C70@eris.apache.org>,chenpei
Mon Sep 24 22:07:41 2012,http://mail-archives.apache.org/mod_mbox/ctakes-commits/201209.mbox/<20120924220607.2E7312388C70@eris.apache.org>,chenpei
Mon Sep 24 22:07:41 2012,http://mail-archives.apache.org/mod_mbox/ctakes-commits/201209.mbox/<20120924220607.2E7312388C70@eris.apache.org>,chenpei
Mon Sep 24 22:07:41 2012,http://mail-archives.apache.org/mod_mbox/ctakes-commits/201209.mbox/<20120924220607.2E7312388C70@eris.apache.org>,chenpei
Mon Sep 24 22:07:41 2012,http://mail-archives.apache.org/mod_mbox/ctakes-commits/201209.mbox/<20120924220607.2E7312388C70@eris.apache.org>,chenpei
Mon Sep 24 22:07:41 2012,http://mail-archives.apache.org/mod_mbox/ctakes-commits/201209.mbox/<20120924220607.2E7312388C70@eris.apache.org>,chenpei
Mon Sep 24 22:07:41 2012,http://mail-archives.apache.org/mod_mbox/ctakes-commits/201209.mbox/<20120924220607.2E7312388C70@eris.apache.org>,chenpei
Mon Sep 24 22:07:41 2012,http://mail-archives.apache.org/mod_mbox/ctakes-commits/201209.mbox/<20120924220607.2E7312388C70@eris.apache.org>,chenpei
Mon Sep 24 22:07:41 2012,http://mail-archives.apache.org/mod_mbox/ctakes-commits/201209.mbox/<20120924220607.2E7312388C70@eris.apache.org>,chenpei
Mon Sep 24 22:07:41 2012,http://mail-archives.apache.org/mod_mbox/ctakes-commits/201209.mbox/<20120924220607.2E7312388C70@eris.apache.org>,chenpei
Mon Sep 24 22:07:41 2012,http://mail-archives.apache.org/mod_mbox/ctakes-commits/201209.mbox/<20120924220607.2E7312388C70@eris.apache.org>,chenpei
Mon Sep 24 22:07:41 2012,http://mail-archives.apache.org/mod_mbox/ctakes-commits/201209.mbox/<20120924220607.2E7312388C70@eris.apache.org>,chenpei
Mon Sep 24 22:07:41 2012,http://mail-archives.apache.org/mod_mbox/ctakes-commits/201209.mbox/<20120924220607.2E7312388C70@eris.apache.org>,chenpei
Mon Sep 24 22:07:41 2012,http://mail-archives.apache.org/mod_mbox/ctakes-commits/201209.mbox/<20120924220607.2E7312388C70@eris.apache.org>,chenpei
Mon Sep 24 22:07:41 2012,http://mail-archives.apache.org/mod_mbox/ctakes-commits/201209.mbox/<20120924220607.2E7312388C70@eris.apache.org>,chenpei
Mon Sep 24 22:07:41 2012,http://mail-archives.apache.org/mod_mbox/ctakes-commits/201209.mbox/<20120924220607.2E7312388C70@eris.apache.org>,chenpei
Mon Sep 24 22:07:41 2012,http://mail-archives.apache.org/mod_mbox/ctakes-commits/201209.mbox/<20120924220607.2E7312388C70@eris.apache.org>,chenpei
Mon Sep 24 22:07:41 2012,http://mail-archives.apache.org/mod_mbox/ctakes-commits/201209.mbox/<20120924220607.2E7312388C70@eris.apache.org>,chenpei
Mon Sep 24 22:07:41 2012,http://mail-archives.apache.org/mod_mbox/ctakes-commits/201209.mbox/<20120924220607.2E7312388C70@eris.apache.org>,chenpei
Mon Sep 24 22:07:41 2012,http://mail-archives.apache.org/mod_mbox/ctakes-commits/201209.mbox/<20120924220607.2E7312388C70@eris.apache.org>,chenpei
Mon Sep 24 22:07:41 2012,http://mail-archives.apache.org/mod_mbox/ctakes-commits/201209.mbox/<20120924220607.2E7312388C70@eris.apache.org>,chenpei
Mon Sep 24 22:07:41 2012,http://mail-archives.apache.org/mod_mbox/ctakes-commits/201209.mbox/<20120924220607.2E7312388C70@eris.apache.org>,chenpei
Mon Sep 24 22:07:41 2012,http://mail-archives.apache.org/mod_mbox/ctakes-commits/201209.mbox/<20120924220607.2E7312388C70@eris.apache.org>,chenpei
Mon Sep 24 22:07:41 2012,http://mail-archives.apache.org/mod_mbox/ctakes-commits/201209.mbox/<20120924220607.2E7312388C70@eris.apache.org>,chenpei
Mon Sep 24 22:07:41 2012,http://mail-archives.apache.org/mod_mbox/ctakes-commits/201209.mbox/<20120924220607.2E7312388C70@eris.apache.org>,chenpei
Mon Sep 24 22:07:41 2012,http://mail-archives.apache.org/mod_mbox/ctakes-commits/201209.mbox/<20120924220607.2E7312388C70@eris.apache.org>,chenpei
Mon Sep 24 22:07:41 2012,http://mail-archives.apache.org/mod_mbox/ctakes-commits/201209.mbox/<20120924220607.2E7312388C70@eris.apache.org>,chenpei
Mon Sep 24 22:07:41 2012,http://mail-archives.apache.org/mod_mbox/ctakes-commits/201209.mbox/<20120924220607.2E7312388C70@eris.apache.org>,chenpei
Mon Sep 24 22:07:41 2012,http://mail-archives.apache.org/mod_mbox/ctakes-commits/201209.mbox/<20120924220607.2E7312388C70@eris.apache.org>,chenpei
Mon Sep 24 22:07:41 2012,http://mail-archives.apache.org/mod_mbox/ctakes-commits/201209.mbox/<20120924220607.2E7312388C70@eris.apache.org>,chenpei
Mon Sep 24 22:07:41 2012,http://mail-archives.apache.org/mod_mbox/ctakes-commits/201209.mbox/<20120924220607.27C382388C6D@eris.apache.org>,chenpei
Mon Sep 24 22:07:41 2012,http://mail-archives.apache.org/mod_mbox/ctakes-commits/201209.mbox/<20120924220607.27C382388C6D@eris.apache.org>,chenpei
Mon Sep 24 22:07:41 2012,http://mail-archives.apache.org/mod_mbox/ctakes-commits/201209.mbox/<20120924220607.27C382388C6D@eris.apache.org>,chenpei
Mon Sep 24 22:07:41 2012,http://mail-archives.apache.org/mod_mbox/ctakes-commits/201209.mbox/<20120924220607.27C382388C6D@eris.apache.org>,chenpei
Mon Sep 24 22:07:41 2012,http://mail-archives.apache.org/mod_mbox/ctakes-commits/201209.mbox/<20120924220607.27C382388C6D@eris.apache.org>,chenpei
Mon Sep 24 22:07:41 2012,http://mail-archives.apache.org/mod_mbox/ctakes-commits/201209.mbox/<20120924220607.27C382388C6D@eris.apache.org>,chenpei
Mon Sep 24 22:07:41 2012,http://mail-archives.apache.org/mod_mbox/ctakes-commits/201209.mbox/<20120924220607.27C382388C6D@eris.apache.org>,chenpei
Mon Sep 24 22:07:41 2012,http://mail-archives.apache.org/mod_mbox/ctakes-commits/201209.mbox/<20120924220607.27C382388C6D@eris.apache.org>,chenpei
Mon Sep 24 22:07:41 2012,http://mail-archives.apache.org/mod_mbox/ctakes-commits/201209.mbox/<20120924220607.27C382388C6D@eris.apache.org>,chenpei
Mon Sep 24 22:07:41 2012,http://mail-archives.apache.org/mod_mbox/ctakes-commits/201209.mbox/<20120924220607.27C382388C6D@eris.apache.org>,chenpei
Mon Sep 24 22:07:41 2012,http://mail-archives.apache.org/mod_mbox/ctakes-commits/201209.mbox/<20120924220607.27C382388C6D@eris.apache.org>,chenpei
Mon Sep 24 22:07:41 2012,http://mail-archives.apache.org/mod_mbox/ctakes-commits/201209.mbox/<20120924220607.27C382388C6D@eris.apache.org>,chenpei
Mon Sep 24 22:07:41 2012,http://mail-archives.apache.org/mod_mbox/ctakes-commits/201209.mbox/<20120924220607.27C382388C6D@eris.apache.org>,chenpei
Mon Sep 24 22:07:41 2012,http://mail-archives.apache.org/mod_mbox/ctakes-commits/201209.mbox/<20120924220607.27C382388C6D@eris.apache.org>,chenpei
Mon Sep 24 22:07:41 2012,http://mail-archives.apache.org/mod_mbox/ctakes-commits/201209.mbox/<20120924220607.27C382388C6D@eris.apache.org>,chenpei
Mon Sep 24 22:07:41 2012,http://mail-archives.apache.org/mod_mbox/ctakes-commits/201209.mbox/<20120924220607.27C382388C6D@eris.apache.org>,chenpei
Mon Sep 24 22:07:41 2012,http://mail-archives.apache.org/mod_mbox/ctakes-commits/201209.mbox/<20120924220607.27C382388C6D@eris.apache.org>,chenpei
Mon Sep 24 22:07:41 2012,http://mail-archives.apache.org/mod_mbox/ctakes-commits/201209.mbox/<20120924220607.27C382388C6D@eris.apache.org>,chenpei
Mon Sep 24 22:07:41 2012,http://mail-archives.apache.org/mod_mbox/ctakes-commits/201209.mbox/<20120924220607.27C382388C6D@eris.apache.org>,chenpei
Mon Sep 24 22:07:41 2012,http://mail-archives.apache.org/mod_mbox/ctakes-commits/201209.mbox/<20120924220607.27C382388C6D@eris.apache.org>,chenpei
Mon Sep 24 22:07:41 2012,http://mail-archives.apache.org/mod_mbox/ctakes-commits/201209.mbox/<20120924220607.27C382388C6D@eris.apache.org>,chenpei
Mon Sep 24 22:07:41 2012,http://mail-archives.apache.org/mod_mbox/ctakes-commits/201209.mbox/<20120924220607.27C382388C6D@eris.apache.org>,chenpei
Mon Sep 24 22:07:41 2012,http://mail-archives.apache.org/mod_mbox/ctakes-commits/201209.mbox/<20120924220607.27C382388C6D@eris.apache.org>,chenpei
Mon Sep 24 22:07:41 2012,http://mail-archives.apache.org/mod_mbox/ctakes-commits/201209.mbox/<20120924220607.27C382388C6D@eris.apache.org>,chenpei
Mon Sep 24 22:07:41 2012,http://mail-archives.apache.org/mod_mbox/ctakes-commits/201209.mbox/<20120924220607.27C382388C6D@eris.apache.org>,chenpei
Mon Sep 24 22:07:41 2012,http://mail-archives.apache.org/mod_mbox/ctakes-commits/201209.mbox/<20120924220607.27C382388C6D@eris.apache.org>,chenpei
Mon Sep 24 22:07:41 2012,http://mail-archives.apache.org/mod_mbox/ctakes-commits/201209.mbox/<20120924220607.27C382388C6D@eris.apache.org>,chenpei
Mon Sep 24 22:07:41 2012,http://mail-archives.apache.org/mod_mbox/ctakes-commits/201209.mbox/<20120924220607.27C382388C6D@eris.apache.org>,chenpei
Mon Sep 24 22:07:41 2012,http://mail-archives.apache.org/mod_mbox/ctakes-commits/201209.mbox/<20120924220607.27C382388C6D@eris.apache.org>,chenpei
Mon Sep 24 22:07:41 2012,http://mail-archives.apache.org/mod_mbox/ctakes-commits/201209.mbox/<20120924220607.27C382388C6D@eris.apache.org>,chenpei
Mon Sep 24 22:07:41 2012,http://mail-archives.apache.org/mod_mbox/ctakes-commits/201209.mbox/<20120924220607.27C382388C6D@eris.apache.org>,chenpei
Mon Sep 24 22:07:41 2012,http://mail-archives.apache.org/mod_mbox/ctakes-commits/201209.mbox/<20120924220607.27C382388C6D@eris.apache.org>,chenpei
Mon Sep 24 22:07:41 2012,http://mail-archives.apache.org/mod_mbox/ctakes-commits/201209.mbox/<20120924220607.27C382388C6D@eris.apache.org>,chenpei
Mon Sep 24 22:07:41 2012,http://mail-archives.apache.org/mod_mbox/ctakes-commits/201209.mbox/<20120924220607.27C382388C6D@eris.apache.org>,chenpei
Mon Sep 24 22:07:41 2012,http://mail-archives.apache.org/mod_mbox/ctakes-commits/201209.mbox/<20120924220607.27C382388C6D@eris.apache.org>,chenpei
Mon Sep 24 22:07:41 2012,http://mail-archives.apache.org/mod_mbox/ctakes-commits/201209.mbox/<20120924220607.27C382388C6D@eris.apache.org>,chenpei
Mon Sep 24 22:07:41 2012,http://mail-archives.apache.org/mod_mbox/ctakes-commits/201209.mbox/<20120924220607.27C382388C6D@eris.apache.org>,chenpei
Mon Sep 24 22:07:41 2012,http://mail-archives.apache.org/mod_mbox/ctakes-commits/201209.mbox/<20120924220607.27C382388C6D@eris.apache.org>,chenpei
Mon Sep 24 22:07:41 2012,http://mail-archives.apache.org/mod_mbox/ctakes-commits/201209.mbox/<20120924220607.27C382388C6D@eris.apache.org>,chenpei
Mon Sep 24 22:07:41 2012,http://mail-archives.apache.org/mod_mbox/ctakes-commits/201209.mbox/<20120924220607.27C382388C6D@eris.apache.org>,chenpei
Mon Sep 24 22:07:41 2012,http://mail-archives.apache.org/mod_mbox/ctakes-commits/201209.mbox/<20120924220607.27C382388C6D@eris.apache.org>,chenpei
Mon Sep 24 22:07:41 2012,http://mail-archives.apache.org/mod_mbox/ctakes-commits/201209.mbox/<20120924220607.27C382388C6D@eris.apache.org>,chenpei
Mon Sep 24 22:07:41 2012,http://mail-archives.apache.org/mod_mbox/ctakes-commits/201209.mbox/<20120924220607.27C382388C6D@eris.apache.org>,chenpei
Mon Sep 24 22:07:41 2012,http://mail-archives.apache.org/mod_mbox/ctakes-commits/201209.mbox/<20120924220607.27C382388C6D@eris.apache.org>,chenpei
Mon Sep 24 22:07:41 2012,http://mail-archives.apache.org/mod_mbox/ctakes-commits/201209.mbox/<20120924220607.27C382388C6D@eris.apache.org>,chenpei
Mon Sep 24 22:07:41 2012,http://mail-archives.apache.org/mod_mbox/ctakes-commits/201209.mbox/<20120924220607.27C382388C6D@eris.apache.org>,chenpei
Mon Sep 24 22:07:41 2012,http://mail-archives.apache.org/mod_mbox/ctakes-commits/201209.mbox/<20120924220607.27C382388C6D@eris.apache.org>,chenpei
Mon Sep 24 22:07:41 2012,http://mail-archives.apache.org/mod_mbox/ctakes-commits/201209.mbox/<20120924220607.27C382388C6D@eris.apache.org>,chenpei
Mon Sep 24 22:07:41 2012,http://mail-archives.apache.org/mod_mbox/ctakes-commits/201209.mbox/<20120924220607.27C382388C6D@eris.apache.org>,chenpei
Mon Sep 24 22:07:41 2012,http://mail-archives.apache.org/mod_mbox/ctakes-commits/201209.mbox/<20120924220607.27C382388C6D@eris.apache.org>,chenpei
Mon Sep 24 22:07:41 2012,http://mail-archives.apache.org/mod_mbox/ctakes-commits/201209.mbox/<20120924220607.27C382388C6D@eris.apache.org>,chenpei
Mon Sep 24 22:07:41 2012,http://mail-archives.apache.org/mod_mbox/ctakes-commits/201209.mbox/<20120924220607.27C382388C6D@eris.apache.org>,chenpei
Mon Sep 24 22:07:41 2012,http://mail-archives.apache.org/mod_mbox/ctakes-commits/201209.mbox/<20120924220607.27C382388C6D@eris.apache.org>,chenpei
Mon Sep 24 22:07:41 2012,http://mail-archives.apache.org/mod_mbox/ctakes-commits/201209.mbox/<20120924220607.27C382388C6D@eris.apache.org>,chenpei
Mon Sep 24 22:07:41 2012,http://mail-archives.apache.org/mod_mbox/ctakes-commits/201209.mbox/<20120924220607.27C382388C6D@eris.apache.org>,chenpei
Mon Sep 24 22:07:41 2012,http://mail-archives.apache.org/mod_mbox/ctakes-commits/201209.mbox/<20120924220607.27C382388C6D@eris.apache.org>,chenpei
Mon Sep 24 22:07:41 2012,http://mail-archives.apache.org/mod_mbox/ctakes-commits/201209.mbox/<20120924220607.27C382388C6D@eris.apache.org>,chenpei
Mon Sep 24 22:07:41 2012,http://mail-archives.apache.org/mod_mbox/ctakes-commits/201209.mbox/<20120924220607.27C382388C6D@eris.apache.org>,chenpei
Mon Sep 24 22:07:41 2012,http://mail-archives.apache.org/mod_mbox/ctakes-commits/201209.mbox/<20120924220607.27C382388C6D@eris.apache.org>,chenpei
Mon Sep 24 22:07:41 2012,http://mail-archives.apache.org/mod_mbox/ctakes-commits/201209.mbox/<20120924220607.27C382388C6D@eris.apache.org>,chenpei
Mon Sep 24 22:07:41 2012,http://mail-archives.apache.org/mod_mbox/ctakes-commits/201209.mbox/<20120924220607.27C382388C6D@eris.apache.org>,chenpei
Mon Sep 24 22:07:41 2012,http://mail-archives.apache.org/mod_mbox/ctakes-commits/201209.mbox/<20120924220607.27C382388C6D@eris.apache.org>,chenpei
Mon Sep 24 22:07:41 2012,http://mail-archives.apache.org/mod_mbox/ctakes-commits/201209.mbox/<20120924220607.27C382388C6D@eris.apache.org>,chenpei
Mon Sep 24 22:07:41 2012,http://mail-archives.apache.org/mod_mbox/ctakes-commits/201209.mbox/<20120924220607.27C382388C6D@eris.apache.org>,chenpei
Mon Sep 24 22:07:41 2012,http://mail-archives.apache.org/mod_mbox/ctakes-commits/201209.mbox/<20120924220607.27C382388C6D@eris.apache.org>,chenpei
Mon Sep 24 22:07:41 2012,http://mail-archives.apache.org/mod_mbox/ctakes-commits/201209.mbox/<20120924220607.27C382388C6D@eris.apache.org>,chenpei
Mon Sep 24 22:07:41 2012,http://mail-archives.apache.org/mod_mbox/ctakes-commits/201209.mbox/<20120924220607.27C382388C6D@eris.apache.org>,chenpei
Mon Sep 24 22:07:41 2012,http://mail-archives.apache.org/mod_mbox/ctakes-commits/201209.mbox/<20120924220607.27C382388C6D@eris.apache.org>,chenpei
Mon Sep 24 22:07:41 2012,http://mail-archives.apache.org/mod_mbox/ctakes-commits/201209.mbox/<20120924220607.27C382388C6D@eris.apache.org>,chenpei
Mon Sep 24 22:07:41 2012,http://mail-archives.apache.org/mod_mbox/ctakes-commits/201209.mbox/<20120924220607.27C382388C6D@eris.apache.org>,chenpei
Mon Sep 24 22:07:41 2012,http://mail-archives.apache.org/mod_mbox/ctakes-commits/201209.mbox/<20120924220607.27C382388C6D@eris.apache.org>,chenpei
Mon Sep 24 22:07:41 2012,http://mail-archives.apache.org/mod_mbox/ctakes-commits/201209.mbox/<20120924220607.27C382388C6D@eris.apache.org>,chenpei
Mon Sep 24 22:07:41 2012,http://mail-archives.apache.org/mod_mbox/ctakes-commits/201209.mbox/<20120924220607.27C382388C6D@eris.apache.org>,chenpei
Mon Sep 24 22:07:41 2012,http://mail-archives.apache.org/mod_mbox/ctakes-commits/201209.mbox/<20120924220607.27C382388C6D@eris.apache.org>,chenpei
Mon Sep 24 22:07:41 2012,http://mail-archives.apache.org/mod_mbox/ctakes-commits/201209.mbox/<20120924220607.27C382388C6D@eris.apache.org>,chenpei
Mon Sep 24 22:07:41 2012,http://mail-archives.apache.org/mod_mbox/ctakes-commits/201209.mbox/<20120924220607.27C382388C6D@eris.apache.org>,chenpei
Mon Sep 24 22:07:41 2012,http://mail-archives.apache.org/mod_mbox/ctakes-commits/201209.mbox/<20120924220607.27C382388C6D@eris.apache.org>,chenpei
Mon Sep 24 22:07:41 2012,http://mail-archives.apache.org/mod_mbox/ctakes-commits/201209.mbox/<20120924220607.27C382388C6D@eris.apache.org>,chenpei
Mon Sep 24 22:07:41 2012,http://mail-archives.apache.org/mod_mbox/ctakes-commits/201209.mbox/<20120924220607.27C382388C6D@eris.apache.org>,chenpei
Mon Sep 24 22:07:41 2012,http://mail-archives.apache.org/mod_mbox/ctakes-commits/201209.mbox/<20120924220607.27C382388C6D@eris.apache.org>,chenpei
Mon Sep 24 22:07:41 2012,http://mail-archives.apache.org/mod_mbox/ctakes-commits/201209.mbox/<20120924220607.27C382388C6D@eris.apache.org>,chenpei
Mon Sep 24 22:07:41 2012,http://mail-archives.apache.org/mod_mbox/ctakes-commits/201209.mbox/<20120924220607.27C382388C6D@eris.apache.org>,chenpei
Mon Sep 24 22:07:41 2012,http://mail-archives.apache.org/mod_mbox/ctakes-commits/201209.mbox/<20120924220607.27C382388C6D@eris.apache.org>,chenpei
Mon Sep 24 22:07:41 2012,http://mail-archives.apache.org/mod_mbox/ctakes-commits/201209.mbox/<20120924220607.27C382388C6D@eris.apache.org>,chenpei
Mon Sep 24 22:07:41 2012,http://mail-archives.apache.org/mod_mbox/ctakes-commits/201209.mbox/<20120924220607.27C382388C6D@eris.apache.org>,chenpei
Mon Sep 24 22:07:41 2012,http://mail-archives.apache.org/mod_mbox/ctakes-commits/201209.mbox/<20120924220607.27C382388C6D@eris.apache.org>,chenpei
Mon Sep 24 22:07:41 2012,http://mail-archives.apache.org/mod_mbox/ctakes-commits/201209.mbox/<20120924220607.27C382388C6D@eris.apache.org>,chenpei
Mon Sep 24 22:07:41 2012,http://mail-archives.apache.org/mod_mbox/ctakes-commits/201209.mbox/<20120924220607.27C382388C6D@eris.apache.org>,chenpei
Mon Sep 24 22:07:41 2012,http://mail-archives.apache.org/mod_mbox/ctakes-commits/201209.mbox/<20120924220607.27C382388C6D@eris.apache.org>,chenpei
Mon Sep 24 22:07:41 2012,http://mail-archives.apache.org/mod_mbox/ctakes-commits/201209.mbox/<20120924220607.27C382388C6D@eris.apache.org>,chenpei
Mon Sep 24 22:07:41 2012,http://mail-archives.apache.org/mod_mbox/ctakes-commits/201209.mbox/<20120924220607.27C382388C6D@eris.apache.org>,chenpei
Mon Sep 24 22:07:41 2012,http://mail-archives.apache.org/mod_mbox/ctakes-commits/201209.mbox/<20120924220607.27C382388C6D@eris.apache.org>,chenpei
Mon Sep 24 22:07:41 2012,http://mail-archives.apache.org/mod_mbox/ctakes-commits/201209.mbox/<20120924220607.27C382388C6D@eris.apache.org>,chenpei
Mon Sep 24 22:07:41 2012,http://mail-archives.apache.org/mod_mbox/ctakes-commits/201209.mbox/<20120924220607.27C382388C6D@eris.apache.org>,chenpei
Mon Sep 24 22:07:41 2012,http://mail-archives.apache.org/mod_mbox/ctakes-commits/201209.mbox/<20120924220607.27C382388C6D@eris.apache.org>,chenpei
Mon Sep 24 22:07:41 2012,http://mail-archives.apache.org/mod_mbox/ctakes-commits/201209.mbox/<20120924220607.27C382388C6D@eris.apache.org>,chenpei
Mon Sep 24 22:07:41 2012,http://mail-archives.apache.org/mod_mbox/ctakes-commits/201209.mbox/<20120924220607.27C382388C6D@eris.apache.org>,chenpei
Mon Sep 24 22:07:41 2012,http://mail-archives.apache.org/mod_mbox/ctakes-commits/201209.mbox/<20120924220607.27C382388C6D@eris.apache.org>,chenpei
Mon Sep 24 22:07:41 2012,http://mail-archives.apache.org/mod_mbox/ctakes-commits/201209.mbox/<20120924220607.27C382388C6D@eris.apache.org>,chenpei
Mon Sep 24 22:07:41 2012,http://mail-archives.apache.org/mod_mbox/ctakes-commits/201209.mbox/<20120924220607.27C382388C6D@eris.apache.org>,chenpei
Mon Sep 24 22:07:41 2012,http://mail-archives.apache.org/mod_mbox/ctakes-commits/201209.mbox/<20120924220607.27C382388C6D@eris.apache.org>,chenpei
Mon Sep 24 22:07:41 2012,http://mail-archives.apache.org/mod_mbox/ctakes-commits/201209.mbox/<20120924220607.27C382388C6D@eris.apache.org>,chenpei
Mon Sep 24 22:07:41 2012,http://mail-archives.apache.org/mod_mbox/ctakes-commits/201209.mbox/<20120924220607.27C382388C6D@eris.apache.org>,chenpei
Mon Sep 24 22:07:41 2012,http://mail-archives.apache.org/mod_mbox/ctakes-commits/201209.mbox/<20120924220607.27C382388C6D@eris.apache.org>,chenpei
Mon Sep 24 22:07:41 2012,http://mail-archives.apache.org/mod_mbox/ctakes-commits/201209.mbox/<20120924220607.27C382388C6D@eris.apache.org>,chenpei
Mon Sep 24 22:07:41 2012,http://mail-archives.apache.org/mod_mbox/ctakes-commits/201209.mbox/<20120924220607.27C382388C6D@eris.apache.org>,chenpei
Mon Sep 24 22:07:41 2012,http://mail-archives.apache.org/mod_mbox/ctakes-commits/201209.mbox/<20120924220607.27C382388C6D@eris.apache.org>,chenpei
Mon Sep 24 22:07:41 2012,http://mail-archives.apache.org/mod_mbox/ctakes-commits/201209.mbox/<20120924220607.27C382388C6D@eris.apache.org>,chenpei
Mon Sep 24 22:07:41 2012,http://mail-archives.apache.org/mod_mbox/ctakes-commits/201209.mbox/<20120924220607.27C382388C6D@eris.apache.org>,chenpei
Mon Sep 24 22:07:41 2012,http://mail-archives.apache.org/mod_mbox/ctakes-commits/201209.mbox/<20120924220607.27C382388C6D@eris.apache.org>,chenpei
Mon Sep 24 22:07:41 2012,http://mail-archives.apache.org/mod_mbox/ctakes-commits/201209.mbox/<20120924220607.27C382388C6D@eris.apache.org>,chenpei
Mon Sep 24 22:07:41 2012,http://mail-archives.apache.org/mod_mbox/ctakes-commits/201209.mbox/<20120924220607.27C382388C6D@eris.apache.org>,chenpei
Mon Sep 24 22:07:41 2012,http://mail-archives.apache.org/mod_mbox/ctakes-commits/201209.mbox/<20120924220607.27C382388C6D@eris.apache.org>,chenpei
Mon Sep 24 22:07:41 2012,http://mail-archives.apache.org/mod_mbox/ctakes-commits/201209.mbox/<20120924220607.27C382388C6D@eris.apache.org>,chenpei
Mon Sep 24 22:07:41 2012,http://mail-archives.apache.org/mod_mbox/ctakes-commits/201209.mbox/<20120924220607.27C382388C6D@eris.apache.org>,chenpei
Mon Sep 24 22:07:41 2012,http://mail-archives.apache.org/mod_mbox/ctakes-commits/201209.mbox/<20120924220607.27C382388C6D@eris.apache.org>,chenpei
Mon Sep 24 22:07:41 2012,http://mail-archives.apache.org/mod_mbox/ctakes-commits/201209.mbox/<20120924220607.27C382388C6D@eris.apache.org>,chenpei
Mon Sep 24 22:07:41 2012,http://mail-archives.apache.org/mod_mbox/ctakes-commits/201209.mbox/<20120924220607.27C382388C6D@eris.apache.org>,chenpei
Mon Sep 24 22:07:41 2012,http://mail-archives.apache.org/mod_mbox/ctakes-commits/201209.mbox/<20120924220607.27C382388C6D@eris.apache.org>,chenpei
Mon Sep 24 22:07:41 2012,http://mail-archives.apache.org/mod_mbox/ctakes-commits/201209.mbox/<20120924220607.27C382388C6D@eris.apache.org>,chenpei
Mon Sep 24 22:07:41 2012,http://mail-archives.apache.org/mod_mbox/ctakes-commits/201209.mbox/<20120924220607.27C382388C6D@eris.apache.org>,chenpei
Mon Sep 24 22:07:41 2012,http://mail-archives.apache.org/mod_mbox/ctakes-commits/201209.mbox/<20120924220607.27C382388C6D@eris.apache.org>,chenpei
Mon Sep 24 22:07:41 2012,http://mail-archives.apache.org/mod_mbox/ctakes-commits/201209.mbox/<20120924220607.27C382388C6D@eris.apache.org>,chenpei
Mon Sep 24 22:07:41 2012,http://mail-archives.apache.org/mod_mbox/ctakes-commits/201209.mbox/<20120924220607.27C382388C6D@eris.apache.org>,chenpei
Mon Sep 24 22:07:41 2012,http://mail-archives.apache.org/mod_mbox/ctakes-commits/201209.mbox/<20120924220607.27C382388C6D@eris.apache.org>,chenpei
Mon Sep 24 22:07:41 2012,http://mail-archives.apache.org/mod_mbox/ctakes-commits/201209.mbox/<20120924220607.27C382388C6D@eris.apache.org>,chenpei
Mon Sep 24 22:07:41 2012,http://mail-archives.apache.org/mod_mbox/ctakes-commits/201209.mbox/<20120924220607.27C382388C6D@eris.apache.org>,chenpei
Mon Sep 24 22:07:41 2012,http://mail-archives.apache.org/mod_mbox/ctakes-commits/201209.mbox/<20120924220607.27C382388C6D@eris.apache.org>,chenpei
Mon Sep 24 22:07:41 2012,http://mail-archives.apache.org/mod_mbox/ctakes-commits/201209.mbox/<20120924220607.27C382388C6D@eris.apache.org>,chenpei
Mon Sep 24 22:07:41 2012,http://mail-archives.apache.org/mod_mbox/ctakes-commits/201209.mbox/<20120924220607.27C382388C6D@eris.apache.org>,chenpei
Mon Sep 24 22:07:41 2012,http://mail-archives.apache.org/mod_mbox/ctakes-commits/201209.mbox/<20120924220607.27C382388C6D@eris.apache.org>,chenpei
Mon Sep 24 22:07:41 2012,http://mail-archives.apache.org/mod_mbox/ctakes-commits/201209.mbox/<20120924220607.27C382388C6D@eris.apache.org>,chenpei
Mon Sep 24 22:07:41 2012,http://mail-archives.apache.org/mod_mbox/ctakes-commits/201209.mbox/<20120924220607.27C382388C6D@eris.apache.org>,chenpei
Mon Sep 24 22:07:41 2012,http://mail-archives.apache.org/mod_mbox/ctakes-commits/201209.mbox/<20120924220607.27C382388C6D@eris.apache.org>,chenpei
Mon Sep 24 22:07:41 2012,http://mail-archives.apache.org/mod_mbox/ctakes-commits/201209.mbox/<20120924220607.27C382388C6D@eris.apache.org>,chenpei
Mon Sep 24 22:07:41 2012,http://mail-archives.apache.org/mod_mbox/ctakes-commits/201209.mbox/<20120924220607.27C382388C6D@eris.apache.org>,chenpei
Mon Sep 24 22:07:41 2012,http://mail-archives.apache.org/mod_mbox/ctakes-commits/201209.mbox/<20120924220607.27C382388C6D@eris.apache.org>,chenpei
Mon Sep 24 22:07:41 2012,http://mail-archives.apache.org/mod_mbox/ctakes-commits/201209.mbox/<20120924220607.27C382388C6D@eris.apache.org>,chenpei
Mon Sep 24 22:07:41 2012,http://mail-archives.apache.org/mod_mbox/ctakes-commits/201209.mbox/<20120924220607.27C382388C6D@eris.apache.org>,chenpei
Mon Sep 24 22:07:41 2012,http://mail-archives.apache.org/mod_mbox/ctakes-commits/201209.mbox/<20120924220607.27C382388C6D@eris.apache.org>,chenpei
Mon Sep 24 22:07:41 2012,http://mail-archives.apache.org/mod_mbox/ctakes-commits/201209.mbox/<20120924220607.27C382388C6D@eris.apache.org>,chenpei
Mon Sep 24 22:07:41 2012,http://mail-archives.apache.org/mod_mbox/ctakes-commits/201209.mbox/<20120924220607.27C382388C6D@eris.apache.org>,chenpei
Mon Sep 24 22:07:41 2012,http://mail-archives.apache.org/mod_mbox/ctakes-commits/201209.mbox/<20120924220607.27C382388C6D@eris.apache.org>,chenpei
Mon Sep 24 22:07:41 2012,http://mail-archives.apache.org/mod_mbox/ctakes-commits/201209.mbox/<20120924220607.27C382388C6D@eris.apache.org>,chenpei
Mon Sep 24 22:07:41 2012,http://mail-archives.apache.org/mod_mbox/ctakes-commits/201209.mbox/<20120924220607.27C382388C6D@eris.apache.org>,chenpei
Mon Sep 24 22:07:41 2012,http://mail-archives.apache.org/mod_mbox/ctakes-commits/201209.mbox/<20120924220607.27C382388C6D@eris.apache.org>,chenpei
Mon Sep 24 22:07:41 2012,http://mail-archives.apache.org/mod_mbox/ctakes-commits/201209.mbox/<20120924220607.27C382388C6D@eris.apache.org>,chenpei
Mon Sep 24 22:07:41 2012,http://mail-archives.apache.org/mod_mbox/ctakes-commits/201209.mbox/<20120924220607.27C382388C6D@eris.apache.org>,chenpei
Mon Sep 24 22:07:41 2012,http://mail-archives.apache.org/mod_mbox/ctakes-commits/201209.mbox/<20120924220607.27C382388C6D@eris.apache.org>,chenpei
Mon Sep 24 22:07:41 2012,http://mail-archives.apache.org/mod_mbox/ctakes-commits/201209.mbox/<20120924220607.27C382388C6D@eris.apache.org>,chenpei
Mon Sep 24 22:07:41 2012,http://mail-archives.apache.org/mod_mbox/ctakes-commits/201209.mbox/<20120924220607.27C382388C6D@eris.apache.org>,chenpei
Mon Sep 24 22:07:41 2012,http://mail-archives.apache.org/mod_mbox/ctakes-commits/201209.mbox/<20120924220607.27C382388C6D@eris.apache.org>,chenpei
Mon Sep 24 22:07:41 2012,http://mail-archives.apache.org/mod_mbox/ctakes-commits/201209.mbox/<20120924220607.27C382388C6D@eris.apache.org>,chenpei
Mon Sep 24 22:07:41 2012,http://mail-archives.apache.org/mod_mbox/ctakes-commits/201209.mbox/<20120924220607.27C382388C6D@eris.apache.org>,chenpei
Mon Sep 24 22:07:41 2012,http://mail-archives.apache.org/mod_mbox/ctakes-commits/201209.mbox/<20120924220607.27C382388C6D@eris.apache.org>,chenpei
Mon Sep 24 22:07:41 2012,http://mail-archives.apache.org/mod_mbox/ctakes-commits/201209.mbox/<20120924220607.27C382388C6D@eris.apache.org>,chenpei
Mon Sep 24 22:07:41 2012,http://mail-archives.apache.org/mod_mbox/ctakes-commits/201209.mbox/<20120924220607.27C382388C6D@eris.apache.org>,chenpei
Mon Sep 24 22:07:41 2012,http://mail-archives.apache.org/mod_mbox/ctakes-commits/201209.mbox/<20120924220607.27C382388C6D@eris.apache.org>,chenpei
Mon Sep 24 22:07:41 2012,http://mail-archives.apache.org/mod_mbox/ctakes-commits/201209.mbox/<20120924220607.27C382388C6D@eris.apache.org>,chenpei
Mon Sep 24 22:07:41 2012,http://mail-archives.apache.org/mod_mbox/ctakes-commits/201209.mbox/<20120924220607.27C382388C6D@eris.apache.org>,chenpei
Mon Sep 24 22:07:41 2012,http://mail-archives.apache.org/mod_mbox/ctakes-commits/201209.mbox/<20120924220607.27C382388C6D@eris.apache.org>,chenpei
Mon Sep 24 22:07:41 2012,http://mail-archives.apache.org/mod_mbox/ctakes-commits/201209.mbox/<20120924220607.27C382388C6D@eris.apache.org>,chenpei
Mon Sep 24 22:07:41 2012,http://mail-archives.apache.org/mod_mbox/ctakes-commits/201209.mbox/<20120924220607.27C382388C6D@eris.apache.org>,chenpei
Mon Sep 24 22:07:41 2012,http://mail-archives.apache.org/mod_mbox/ctakes-commits/201209.mbox/<20120924220607.27C382388C6D@eris.apache.org>,chenpei
Mon Sep 24 22:07:41 2012,http://mail-archives.apache.org/mod_mbox/ctakes-commits/201209.mbox/<20120924220607.27C382388C6D@eris.apache.org>,chenpei
Mon Sep 24 22:07:41 2012,http://mail-archives.apache.org/mod_mbox/ctakes-commits/201209.mbox/<20120924220607.27C382388C6D@eris.apache.org>,chenpei
Mon Sep 24 22:07:41 2012,http://mail-archives.apache.org/mod_mbox/ctakes-commits/201209.mbox/<20120924220607.27C382388C6D@eris.apache.org>,chenpei
Mon Sep 24 22:07:41 2012,http://mail-archives.apache.org/mod_mbox/ctakes-commits/201209.mbox/<20120924220607.27C382388C6D@eris.apache.org>,chenpei
Mon Sep 24 22:07:41 2012,http://mail-archives.apache.org/mod_mbox/ctakes-commits/201209.mbox/<20120924220607.27C382388C6D@eris.apache.org>,chenpei
Mon Sep 24 22:07:41 2012,http://mail-archives.apache.org/mod_mbox/ctakes-commits/201209.mbox/<20120924220607.27C382388C6D@eris.apache.org>,chenpei
Mon Sep 24 22:07:41 2012,http://mail-archives.apache.org/mod_mbox/ctakes-commits/201209.mbox/<20120924220607.27C382388C6D@eris.apache.org>,chenpei
Mon Sep 24 22:07:41 2012,http://mail-archives.apache.org/mod_mbox/ctakes-commits/201209.mbox/<20120924220607.27C382388C6D@eris.apache.org>,chenpei
Mon Sep 24 22:07:41 2012,http://mail-archives.apache.org/mod_mbox/ctakes-commits/201209.mbox/<20120924220607.27C382388C6D@eris.apache.org>,chenpei
Mon Sep 24 22:07:41 2012,http://mail-archives.apache.org/mod_mbox/ctakes-commits/201209.mbox/<20120924220607.27C382388C6D@eris.apache.org>,chenpei
Mon Sep 24 22:07:41 2012,http://mail-archives.apache.org/mod_mbox/ctakes-commits/201209.mbox/<20120924220607.27C382388C6D@eris.apache.org>,chenpei
Mon Sep 24 22:07:41 2012,http://mail-archives.apache.org/mod_mbox/ctakes-commits/201209.mbox/<20120924220607.27C382388C6D@eris.apache.org>,chenpei
Mon Sep 24 22:07:41 2012,http://mail-archives.apache.org/mod_mbox/ctakes-commits/201209.mbox/<20120924220607.27C382388C6D@eris.apache.org>,chenpei
Mon Sep 24 22:07:41 2012,http://mail-archives.apache.org/mod_mbox/ctakes-commits/201209.mbox/<20120924220607.27C382388C6D@eris.apache.org>,chenpei
Mon Sep 24 22:07:41 2012,http://mail-archives.apache.org/mod_mbox/ctakes-commits/201209.mbox/<20120924220607.27C382388C6D@eris.apache.org>,chenpei
Mon Sep 24 22:07:41 2012,http://mail-archives.apache.org/mod_mbox/ctakes-commits/201209.mbox/<20120924220607.27C382388C6D@eris.apache.org>,chenpei
Mon Sep 24 22:07:41 2012,http://mail-archives.apache.org/mod_mbox/ctakes-commits/201209.mbox/<20120924220607.27C382388C6D@eris.apache.org>,chenpei
Mon Sep 24 22:07:41 2012,http://mail-archives.apache.org/mod_mbox/ctakes-commits/201209.mbox/<20120924220607.27C382388C6D@eris.apache.org>,chenpei
Mon Sep 24 22:07:41 2012,http://mail-archives.apache.org/mod_mbox/ctakes-commits/201209.mbox/<20120924220607.27C382388C6D@eris.apache.org>,chenpei
Mon Sep 24 22:07:41 2012,http://mail-archives.apache.org/mod_mbox/ctakes-commits/201209.mbox/<20120924220607.27C382388C6D@eris.apache.org>,chenpei
Mon Sep 24 22:07:41 2012,http://mail-archives.apache.org/mod_mbox/ctakes-commits/201209.mbox/<20120924220607.27C382388C6D@eris.apache.org>,chenpei
Mon Sep 24 22:07:41 2012,http://mail-archives.apache.org/mod_mbox/ctakes-commits/201209.mbox/<20120924220607.27C382388C6D@eris.apache.org>,chenpei
Mon Sep 24 22:07:41 2012,http://mail-archives.apache.org/mod_mbox/ctakes-commits/201209.mbox/<20120924220607.27C382388C6D@eris.apache.org>,chenpei
Mon Sep 24 22:07:41 2012,http://mail-archives.apache.org/mod_mbox/ctakes-commits/201209.mbox/<20120924220607.27C382388C6D@eris.apache.org>,chenpei
Mon Sep 24 22:07:41 2012,http://mail-archives.apache.org/mod_mbox/ctakes-commits/201209.mbox/<20120924220607.27C382388C6D@eris.apache.org>,chenpei
Mon Sep 24 22:07:41 2012,http://mail-archives.apache.org/mod_mbox/ctakes-commits/201209.mbox/<20120924220607.27C382388C6D@eris.apache.org>,chenpei
Mon Sep 24 22:07:41 2012,http://mail-archives.apache.org/mod_mbox/ctakes-commits/201209.mbox/<20120924220607.27C382388C6D@eris.apache.org>,chenpei
Mon Sep 24 22:07:41 2012,http://mail-archives.apache.org/mod_mbox/ctakes-commits/201209.mbox/<20120924220607.27C382388C6D@eris.apache.org>,chenpei
Mon Sep 24 22:07:41 2012,http://mail-archives.apache.org/mod_mbox/ctakes-commits/201209.mbox/<20120924220607.27C382388C6D@eris.apache.org>,chenpei
Mon Sep 24 22:07:41 2012,http://mail-archives.apache.org/mod_mbox/ctakes-commits/201209.mbox/<20120924220607.27C382388C6D@eris.apache.org>,chenpei
Mon Sep 24 22:07:41 2012,http://mail-archives.apache.org/mod_mbox/ctakes-commits/201209.mbox/<20120924220607.27C382388C6D@eris.apache.org>,chenpei
Mon Sep 24 22:07:41 2012,http://mail-archives.apache.org/mod_mbox/ctakes-commits/201209.mbox/<20120924220607.27C382388C6D@eris.apache.org>,chenpei
Mon Sep 24 22:07:41 2012,http://mail-archives.apache.org/mod_mbox/ctakes-commits/201209.mbox/<20120924220607.3FFD12388C74@eris.apache.org>,chenpei
Mon Sep 24 22:07:41 2012,http://mail-archives.apache.org/mod_mbox/ctakes-commits/201209.mbox/<20120924220607.3FFD12388C74@eris.apache.org>,chenpei
Mon Sep 24 22:07:41 2012,http://mail-archives.apache.org/mod_mbox/ctakes-commits/201209.mbox/<20120924220607.3FFD12388C74@eris.apache.org>,chenpei
Mon Sep 24 22:07:41 2012,http://mail-archives.apache.org/mod_mbox/ctakes-commits/201209.mbox/<20120924220607.3FFD12388C74@eris.apache.org>,chenpei
Mon Sep 24 22:07:41 2012,http://mail-archives.apache.org/mod_mbox/ctakes-commits/201209.mbox/<20120924220607.3FFD12388C74@eris.apache.org>,chenpei
Mon Sep 24 22:07:41 2012,http://mail-archives.apache.org/mod_mbox/ctakes-commits/201209.mbox/<20120924220607.3FFD12388C74@eris.apache.org>,chenpei
Mon Sep 24 22:07:41 2012,http://mail-archives.apache.org/mod_mbox/ctakes-commits/201209.mbox/<20120924220607.3FFD12388C74@eris.apache.org>,chenpei
Mon Sep 24 22:07:41 2012,http://mail-archives.apache.org/mod_mbox/ctakes-commits/201209.mbox/<20120924220607.3FFD12388C74@eris.apache.org>,chenpei
Mon Sep 24 22:07:41 2012,http://mail-archives.apache.org/mod_mbox/ctakes-commits/201209.mbox/<20120924220607.3FFD12388C74@eris.apache.org>,chenpei
Mon Sep 24 22:07:41 2012,http://mail-archives.apache.org/mod_mbox/ctakes-commits/201209.mbox/<20120924220607.3FFD12388C74@eris.apache.org>,chenpei
Mon Sep 24 22:07:41 2012,http://mail-archives.apache.org/mod_mbox/ctakes-commits/201209.mbox/<20120924220607.3FFD12388C74@eris.apache.org>,chenpei
Mon Sep 24 22:07:41 2012,http://mail-archives.apache.org/mod_mbox/ctakes-commits/201209.mbox/<20120924220607.3FFD12388C74@eris.apache.org>,chenpei
Mon Sep 24 22:07:41 2012,http://mail-archives.apache.org/mod_mbox/ctakes-commits/201209.mbox/<20120924220607.3FFD12388C74@eris.apache.org>,chenpei
Mon Sep 24 22:07:41 2012,http://mail-archives.apache.org/mod_mbox/ctakes-commits/201209.mbox/<20120924220607.3FFD12388C74@eris.apache.org>,chenpei
Mon Sep 24 22:07:41 2012,http://mail-archives.apache.org/mod_mbox/ctakes-commits/201209.mbox/<20120924220607.3FFD12388C74@eris.apache.org>,chenpei
Mon Sep 24 22:07:41 2012,http://mail-archives.apache.org/mod_mbox/ctakes-commits/201209.mbox/<20120924220607.3FFD12388C74@eris.apache.org>,chenpei
Mon Sep 24 22:07:41 2012,http://mail-archives.apache.org/mod_mbox/ctakes-commits/201209.mbox/<20120924220607.3FFD12388C74@eris.apache.org>,chenpei
Mon Sep 24 22:07:41 2012,http://mail-archives.apache.org/mod_mbox/ctakes-commits/201209.mbox/<20120924220607.3FFD12388C74@eris.apache.org>,chenpei
Mon Sep 24 22:07:41 2012,http://mail-archives.apache.org/mod_mbox/ctakes-commits/201209.mbox/<20120924220607.3FFD12388C74@eris.apache.org>,chenpei
Mon Sep 24 22:07:41 2012,http://mail-archives.apache.org/mod_mbox/ctakes-commits/201209.mbox/<20120924220607.3FFD12388C74@eris.apache.org>,chenpei
Mon Sep 24 22:07:41 2012,http://mail-archives.apache.org/mod_mbox/ctakes-commits/201209.mbox/<20120924220607.3FFD12388C74@eris.apache.org>,chenpei
Mon Sep 24 22:07:41 2012,http://mail-archives.apache.org/mod_mbox/ctakes-commits/201209.mbox/<20120924220607.3FFD12388C74@eris.apache.org>,chenpei
Mon Sep 24 22:07:41 2012,http://mail-archives.apache.org/mod_mbox/ctakes-commits/201209.mbox/<20120924220607.3FFD12388C74@eris.apache.org>,chenpei
Mon Sep 24 22:07:41 2012,http://mail-archives.apache.org/mod_mbox/ctakes-commits/201209.mbox/<20120924220607.3FFD12388C74@eris.apache.org>,chenpei
Mon Sep 24 22:07:41 2012,http://mail-archives.apache.org/mod_mbox/ctakes-commits/201209.mbox/<20120924220607.3FFD12388C74@eris.apache.org>,chenpei
Mon Sep 24 22:07:41 2012,http://mail-archives.apache.org/mod_mbox/ctakes-commits/201209.mbox/<20120924220607.3FFD12388C74@eris.apache.org>,chenpei
Mon Sep 24 22:07:41 2012,http://mail-archives.apache.org/mod_mbox/ctakes-commits/201209.mbox/<20120924220607.3FFD12388C74@eris.apache.org>,chenpei
Mon Sep 24 22:07:41 2012,http://mail-archives.apache.org/mod_mbox/ctakes-commits/201209.mbox/<20120924220607.3FFD12388C74@eris.apache.org>,chenpei
Mon Sep 24 22:07:41 2012,http://mail-archives.apache.org/mod_mbox/ctakes-commits/201209.mbox/<20120924220607.3FFD12388C74@eris.apache.org>,chenpei
Mon Sep 24 22:07:41 2012,http://mail-archives.apache.org/mod_mbox/ctakes-commits/201209.mbox/<20120924220607.3FFD12388C74@eris.apache.org>,chenpei
Mon Sep 24 22:07:41 2012,http://mail-archives.apache.org/mod_mbox/ctakes-commits/201209.mbox/<20120924220607.3FFD12388C74@eris.apache.org>,chenpei
Mon Sep 24 22:07:41 2012,http://mail-archives.apache.org/mod_mbox/ctakes-commits/201209.mbox/<20120924220607.3FFD12388C74@eris.apache.org>,chenpei
Mon Sep 24 22:07:41 2012,http://mail-archives.apache.org/mod_mbox/ctakes-commits/201209.mbox/<20120924220607.3FFD12388C74@eris.apache.org>,chenpei
Mon Sep 24 22:07:41 2012,http://mail-archives.apache.org/mod_mbox/ctakes-commits/201209.mbox/<20120924220607.3FFD12388C74@eris.apache.org>,chenpei
Mon Sep 24 22:07:41 2012,http://mail-archives.apache.org/mod_mbox/ctakes-commits/201209.mbox/<20120924220607.3FFD12388C74@eris.apache.org>,chenpei
Mon Sep 24 22:07:41 2012,http://mail-archives.apache.org/mod_mbox/ctakes-commits/201209.mbox/<20120924220607.3FFD12388C74@eris.apache.org>,chenpei
Mon Sep 24 22:07:41 2012,http://mail-archives.apache.org/mod_mbox/ctakes-commits/201209.mbox/<20120924220607.3FFD12388C74@eris.apache.org>,chenpei
Mon Sep 24 22:07:41 2012,http://mail-archives.apache.org/mod_mbox/ctakes-commits/201209.mbox/<20120924220607.3FFD12388C74@eris.apache.org>,chenpei
Mon Sep 24 22:07:41 2012,http://mail-archives.apache.org/mod_mbox/ctakes-commits/201209.mbox/<20120924220607.3FFD12388C74@eris.apache.org>,chenpei
Mon Sep 24 22:07:41 2012,http://mail-archives.apache.org/mod_mbox/ctakes-commits/201209.mbox/<20120924220607.3FFD12388C74@eris.apache.org>,chenpei
Mon Sep 24 22:07:41 2012,http://mail-archives.apache.org/mod_mbox/ctakes-commits/201209.mbox/<20120924220607.3FFD12388C74@eris.apache.org>,chenpei
Mon Sep 24 22:07:41 2012,http://mail-archives.apache.org/mod_mbox/ctakes-commits/201209.mbox/<20120924220607.3FFD12388C74@eris.apache.org>,chenpei
Mon Sep 24 22:07:41 2012,http://mail-archives.apache.org/mod_mbox/ctakes-commits/201209.mbox/<20120924220607.3FFD12388C74@eris.apache.org>,chenpei
Mon Sep 24 22:07:41 2012,http://mail-archives.apache.org/mod_mbox/ctakes-commits/201209.mbox/<20120924220607.3FFD12388C74@eris.apache.org>,chenpei
Mon Sep 24 22:07:41 2012,http://mail-archives.apache.org/mod_mbox/ctakes-commits/201209.mbox/<20120924220607.3FFD12388C74@eris.apache.org>,chenpei
Mon Sep 24 22:07:41 2012,http://mail-archives.apache.org/mod_mbox/ctakes-commits/201209.mbox/<20120924220607.3FFD12388C74@eris.apache.org>,chenpei
Mon Sep 24 22:07:41 2012,http://mail-archives.apache.org/mod_mbox/ctakes-commits/201209.mbox/<20120924220607.3FFD12388C74@eris.apache.org>,chenpei
Mon Sep 24 22:07:41 2012,http://mail-archives.apache.org/mod_mbox/ctakes-commits/201209.mbox/<20120924220607.3FFD12388C74@eris.apache.org>,chenpei
Mon Sep 24 22:07:41 2012,http://mail-archives.apache.org/mod_mbox/ctakes-commits/201209.mbox/<20120924220607.3FFD12388C74@eris.apache.org>,chenpei
Mon Sep 24 22:07:41 2012,http://mail-archives.apache.org/mod_mbox/ctakes-commits/201209.mbox/<20120924220607.3FFD12388C74@eris.apache.org>,chenpei
Mon Sep 24 22:07:41 2012,http://mail-archives.apache.org/mod_mbox/ctakes-commits/201209.mbox/<20120924220607.3FFD12388C74@eris.apache.org>,chenpei
Mon Sep 24 22:07:41 2012,http://mail-archives.apache.org/mod_mbox/ctakes-commits/201209.mbox/<20120924220607.3FFD12388C74@eris.apache.org>,chenpei
Mon Sep 24 22:07:41 2012,http://mail-archives.apache.org/mod_mbox/ctakes-commits/201209.mbox/<20120924220607.3FFD12388C74@eris.apache.org>,chenpei
Mon Sep 24 22:07:41 2012,http://mail-archives.apache.org/mod_mbox/ctakes-commits/201209.mbox/<20120924220607.3FFD12388C74@eris.apache.org>,chenpei
Mon Sep 24 22:07:41 2012,http://mail-archives.apache.org/mod_mbox/ctakes-commits/201209.mbox/<20120924220607.3FFD12388C74@eris.apache.org>,chenpei
Mon Sep 24 22:07:41 2012,http://mail-archives.apache.org/mod_mbox/ctakes-commits/201209.mbox/<20120924220607.3FFD12388C74@eris.apache.org>,chenpei
Mon Sep 24 22:07:41 2012,http://mail-archives.apache.org/mod_mbox/ctakes-commits/201209.mbox/<20120924220607.3FFD12388C74@eris.apache.org>,chenpei
Mon Sep 24 22:07:41 2012,http://mail-archives.apache.org/mod_mbox/ctakes-commits/201209.mbox/<20120924220607.3FFD12388C74@eris.apache.org>,chenpei
Mon Sep 24 22:07:41 2012,http://mail-archives.apache.org/mod_mbox/ctakes-commits/201209.mbox/<20120924220607.3FFD12388C74@eris.apache.org>,chenpei
Mon Sep 24 22:07:41 2012,http://mail-archives.apache.org/mod_mbox/ctakes-commits/201209.mbox/<20120924220607.3FFD12388C74@eris.apache.org>,chenpei
Mon Sep 24 22:07:41 2012,http://mail-archives.apache.org/mod_mbox/ctakes-commits/201209.mbox/<20120924220607.3FFD12388C74@eris.apache.org>,chenpei
Mon Sep 24 22:07:41 2012,http://mail-archives.apache.org/mod_mbox/ctakes-commits/201209.mbox/<20120924220607.3FFD12388C74@eris.apache.org>,chenpei
Mon Sep 24 22:07:41 2012,http://mail-archives.apache.org/mod_mbox/ctakes-commits/201209.mbox/<20120924220607.3FFD12388C74@eris.apache.org>,chenpei
Mon Sep 24 22:07:41 2012,http://mail-archives.apache.org/mod_mbox/ctakes-commits/201209.mbox/<20120924220607.3FFD12388C74@eris.apache.org>,chenpei
Mon Sep 24 22:07:41 2012,http://mail-archives.apache.org/mod_mbox/ctakes-commits/201209.mbox/<20120924220607.3FFD12388C74@eris.apache.org>,chenpei
Mon Sep 24 22:07:41 2012,http://mail-archives.apache.org/mod_mbox/ctakes-commits/201209.mbox/<20120924220607.3FFD12388C74@eris.apache.org>,chenpei
Mon Sep 24 22:07:41 2012,http://mail-archives.apache.org/mod_mbox/ctakes-commits/201209.mbox/<20120924220607.3FFD12388C74@eris.apache.org>,chenpei
Mon Sep 24 22:07:41 2012,http://mail-archives.apache.org/mod_mbox/ctakes-commits/201209.mbox/<20120924220607.3FFD12388C74@eris.apache.org>,chenpei
Mon Sep 24 22:07:41 2012,http://mail-archives.apache.org/mod_mbox/ctakes-commits/201209.mbox/<20120924220607.3FFD12388C74@eris.apache.org>,chenpei
Mon Sep 24 22:07:41 2012,http://mail-archives.apache.org/mod_mbox/ctakes-commits/201209.mbox/<20120924220607.3FFD12388C74@eris.apache.org>,chenpei
Mon Sep 24 22:07:41 2012,http://mail-archives.apache.org/mod_mbox/ctakes-commits/201209.mbox/<20120924220607.3FFD12388C74@eris.apache.org>,chenpei
Mon Sep 24 22:07:41 2012,http://mail-archives.apache.org/mod_mbox/ctakes-commits/201209.mbox/<20120924220607.3FFD12388C74@eris.apache.org>,chenpei
Mon Sep 24 22:07:41 2012,http://mail-archives.apache.org/mod_mbox/ctakes-commits/201209.mbox/<20120924220607.3FFD12388C74@eris.apache.org>,chenpei
Mon Sep 24 22:07:41 2012,http://mail-archives.apache.org/mod_mbox/ctakes-commits/201209.mbox/<20120924220607.3FFD12388C74@eris.apache.org>,chenpei
Mon Sep 24 22:07:41 2012,http://mail-archives.apache.org/mod_mbox/ctakes-commits/201209.mbox/<20120924220607.3FFD12388C74@eris.apache.org>,chenpei
Mon Sep 24 22:07:41 2012,http://mail-archives.apache.org/mod_mbox/ctakes-commits/201209.mbox/<20120924220607.3FFD12388C74@eris.apache.org>,chenpei
Mon Sep 24 22:07:41 2012,http://mail-archives.apache.org/mod_mbox/ctakes-commits/201209.mbox/<20120924220607.3FFD12388C74@eris.apache.org>,chenpei
Mon Sep 24 22:07:41 2012,http://mail-archives.apache.org/mod_mbox/ctakes-commits/201209.mbox/<20120924220607.3FFD12388C74@eris.apache.org>,chenpei
Mon Sep 24 22:07:41 2012,http://mail-archives.apache.org/mod_mbox/ctakes-commits/201209.mbox/<20120924220607.3FFD12388C74@eris.apache.org>,chenpei
Mon Sep 24 22:07:41 2012,http://mail-archives.apache.org/mod_mbox/ctakes-commits/201209.mbox/<20120924220607.3FFD12388C74@eris.apache.org>,chenpei
Mon Sep 24 22:07:41 2012,http://mail-archives.apache.org/mod_mbox/ctakes-commits/201209.mbox/<20120924220607.3FFD12388C74@eris.apache.org>,chenpei
Mon Sep 24 22:07:41 2012,http://mail-archives.apache.org/mod_mbox/ctakes-commits/201209.mbox/<20120924220607.3FFD12388C74@eris.apache.org>,chenpei
Mon Sep 24 22:07:41 2012,http://mail-archives.apache.org/mod_mbox/ctakes-commits/201209.mbox/<20120924220607.3FFD12388C74@eris.apache.org>,chenpei
Mon Sep 24 22:07:41 2012,http://mail-archives.apache.org/mod_mbox/ctakes-commits/201209.mbox/<20120924220607.3FFD12388C74@eris.apache.org>,chenpei
Mon Sep 24 22:07:41 2012,http://mail-archives.apache.org/mod_mbox/ctakes-commits/201209.mbox/<20120924220607.3FFD12388C74@eris.apache.org>,chenpei
Mon Sep 24 22:07:41 2012,http://mail-archives.apache.org/mod_mbox/ctakes-commits/201209.mbox/<20120924220607.3FFD12388C74@eris.apache.org>,chenpei
Mon Sep 24 22:07:41 2012,http://mail-archives.apache.org/mod_mbox/ctakes-commits/201209.mbox/<20120924220607.3FFD12388C74@eris.apache.org>,chenpei
Mon Sep 24 22:07:41 2012,http://mail-archives.apache.org/mod_mbox/ctakes-commits/201209.mbox/<20120924220607.3FFD12388C74@eris.apache.org>,chenpei
Mon Sep 24 22:07:41 2012,http://mail-archives.apache.org/mod_mbox/ctakes-commits/201209.mbox/<20120924220607.3FFD12388C74@eris.apache.org>,chenpei
Mon Sep 24 22:07:41 2012,http://mail-archives.apache.org/mod_mbox/ctakes-commits/201209.mbox/<20120924220607.3FFD12388C74@eris.apache.org>,chenpei
Mon Sep 24 22:07:41 2012,http://mail-archives.apache.org/mod_mbox/ctakes-commits/201209.mbox/<20120924220607.3FFD12388C74@eris.apache.org>,chenpei
Mon Sep 24 22:07:41 2012,http://mail-archives.apache.org/mod_mbox/ctakes-commits/201209.mbox/<20120924220607.3FFD12388C74@eris.apache.org>,chenpei
Mon Sep 24 22:07:41 2012,http://mail-archives.apache.org/mod_mbox/ctakes-commits/201209.mbox/<20120924220607.3FFD12388C74@eris.apache.org>,chenpei
Mon Sep 24 22:07:41 2012,http://mail-archives.apache.org/mod_mbox/ctakes-commits/201209.mbox/<20120924220607.3FFD12388C74@eris.apache.org>,chenpei
Mon Sep 24 22:07:41 2012,http://mail-archives.apache.org/mod_mbox/ctakes-commits/201209.mbox/<20120924220607.3FFD12388C74@eris.apache.org>,chenpei
Mon Sep 24 22:07:41 2012,http://mail-archives.apache.org/mod_mbox/ctakes-commits/201209.mbox/<20120924220607.3FFD12388C74@eris.apache.org>,chenpei
Mon Sep 24 22:07:41 2012,http://mail-archives.apache.org/mod_mbox/ctakes-commits/201209.mbox/<20120924220607.3FFD12388C74@eris.apache.org>,chenpei
Mon Sep 24 22:07:41 2012,http://mail-archives.apache.org/mod_mbox/ctakes-commits/201209.mbox/<20120924220607.3FFD12388C74@eris.apache.org>,chenpei
Mon Sep 24 22:07:41 2012,http://mail-archives.apache.org/mod_mbox/ctakes-commits/201209.mbox/<20120924220607.3FFD12388C74@eris.apache.org>,chenpei
Mon Sep 24 22:07:41 2012,http://mail-archives.apache.org/mod_mbox/ctakes-commits/201209.mbox/<20120924220607.3FFD12388C74@eris.apache.org>,chenpei
Mon Sep 24 22:07:41 2012,http://mail-archives.apache.org/mod_mbox/ctakes-commits/201209.mbox/<20120924220607.3FFD12388C74@eris.apache.org>,chenpei
Mon Sep 24 22:07:41 2012,http://mail-archives.apache.org/mod_mbox/ctakes-commits/201209.mbox/<20120924220607.3FFD12388C74@eris.apache.org>,chenpei
Mon Sep 24 22:07:41 2012,http://mail-archives.apache.org/mod_mbox/ctakes-commits/201209.mbox/<20120924220607.3FFD12388C74@eris.apache.org>,chenpei
Mon Sep 24 22:07:41 2012,http://mail-archives.apache.org/mod_mbox/ctakes-commits/201209.mbox/<20120924220607.3FFD12388C74@eris.apache.org>,chenpei
Mon Sep 24 22:07:41 2012,http://mail-archives.apache.org/mod_mbox/ctakes-commits/201209.mbox/<20120924220607.3FFD12388C74@eris.apache.org>,chenpei
Mon Sep 24 22:07:41 2012,http://mail-archives.apache.org/mod_mbox/ctakes-commits/201209.mbox/<20120924220607.3FFD12388C74@eris.apache.org>,chenpei
Mon Sep 24 22:07:41 2012,http://mail-archives.apache.org/mod_mbox/ctakes-commits/201209.mbox/<20120924220607.3FFD12388C74@eris.apache.org>,chenpei
Mon Sep 24 22:07:41 2012,http://mail-archives.apache.org/mod_mbox/ctakes-commits/201209.mbox/<20120924220607.3FFD12388C74@eris.apache.org>,chenpei
Mon Sep 24 22:07:41 2012,http://mail-archives.apache.org/mod_mbox/ctakes-commits/201209.mbox/<20120924220607.3FFD12388C74@eris.apache.org>,chenpei
Mon Sep 24 22:07:41 2012,http://mail-archives.apache.org/mod_mbox/ctakes-commits/201209.mbox/<20120924220607.3FFD12388C74@eris.apache.org>,chenpei
Mon Sep 24 22:07:41 2012,http://mail-archives.apache.org/mod_mbox/ctakes-commits/201209.mbox/<20120924220607.3FFD12388C74@eris.apache.org>,chenpei
Mon Sep 24 22:07:41 2012,http://mail-archives.apache.org/mod_mbox/ctakes-commits/201209.mbox/<20120924220607.3FFD12388C74@eris.apache.org>,chenpei
Mon Sep 24 22:07:41 2012,http://mail-archives.apache.org/mod_mbox/ctakes-commits/201209.mbox/<20120924220607.3FFD12388C74@eris.apache.org>,chenpei
Mon Sep 24 22:07:41 2012,http://mail-archives.apache.org/mod_mbox/ctakes-commits/201209.mbox/<20120924220607.3FFD12388C74@eris.apache.org>,chenpei
Mon Sep 24 22:07:41 2012,http://mail-archives.apache.org/mod_mbox/ctakes-commits/201209.mbox/<20120924220607.3FFD12388C74@eris.apache.org>,chenpei
Mon Sep 24 22:07:41 2012,http://mail-archives.apache.org/mod_mbox/ctakes-commits/201209.mbox/<20120924220607.3FFD12388C74@eris.apache.org>,chenpei
Mon Sep 24 22:07:41 2012,http://mail-archives.apache.org/mod_mbox/ctakes-commits/201209.mbox/<20120924220607.3FFD12388C74@eris.apache.org>,chenpei
Mon Sep 24 22:07:41 2012,http://mail-archives.apache.org/mod_mbox/ctakes-commits/201209.mbox/<20120924220607.3FFD12388C74@eris.apache.org>,chenpei
Mon Sep 24 22:07:41 2012,http://mail-archives.apache.org/mod_mbox/ctakes-commits/201209.mbox/<20120924220607.3FFD12388C74@eris.apache.org>,chenpei
Mon Sep 24 22:07:41 2012,http://mail-archives.apache.org/mod_mbox/ctakes-commits/201209.mbox/<20120924220607.3FFD12388C74@eris.apache.org>,chenpei
Mon Sep 24 22:07:41 2012,http://mail-archives.apache.org/mod_mbox/ctakes-commits/201209.mbox/<20120924220607.3FFD12388C74@eris.apache.org>,chenpei
Mon Sep 24 22:07:41 2012,http://mail-archives.apache.org/mod_mbox/ctakes-commits/201209.mbox/<20120924220607.3FFD12388C74@eris.apache.org>,chenpei
Mon Sep 24 22:07:41 2012,http://mail-archives.apache.org/mod_mbox/ctakes-commits/201209.mbox/<20120924220607.3FFD12388C74@eris.apache.org>,chenpei
Mon Sep 24 22:07:41 2012,http://mail-archives.apache.org/mod_mbox/ctakes-commits/201209.mbox/<20120924220607.3FFD12388C74@eris.apache.org>,chenpei
Mon Sep 24 22:07:41 2012,http://mail-archives.apache.org/mod_mbox/ctakes-commits/201209.mbox/<20120924220607.3FFD12388C74@eris.apache.org>,chenpei
Mon Sep 24 22:07:41 2012,http://mail-archives.apache.org/mod_mbox/ctakes-commits/201209.mbox/<20120924220607.3FFD12388C74@eris.apache.org>,chenpei
Mon Sep 24 22:07:41 2012,http://mail-archives.apache.org/mod_mbox/ctakes-commits/201209.mbox/<20120924220607.3FFD12388C74@eris.apache.org>,chenpei
Mon Sep 24 22:07:41 2012,http://mail-archives.apache.org/mod_mbox/ctakes-commits/201209.mbox/<20120924220607.3FFD12388C74@eris.apache.org>,chenpei
Mon Sep 24 22:07:41 2012,http://mail-archives.apache.org/mod_mbox/ctakes-commits/201209.mbox/<20120924220607.3FFD12388C74@eris.apache.org>,chenpei
Mon Sep 24 22:07:41 2012,http://mail-archives.apache.org/mod_mbox/ctakes-commits/201209.mbox/<20120924220607.3FFD12388C74@eris.apache.org>,chenpei
Mon Sep 24 22:07:41 2012,http://mail-archives.apache.org/mod_mbox/ctakes-commits/201209.mbox/<20120924220607.3FFD12388C74@eris.apache.org>,chenpei
Mon Sep 24 22:07:41 2012,http://mail-archives.apache.org/mod_mbox/ctakes-commits/201209.mbox/<20120924220607.3FFD12388C74@eris.apache.org>,chenpei
Mon Sep 24 22:07:41 2012,http://mail-archives.apache.org/mod_mbox/ctakes-commits/201209.mbox/<20120924220607.3FFD12388C74@eris.apache.org>,chenpei
Mon Sep 24 22:07:41 2012,http://mail-archives.apache.org/mod_mbox/ctakes-commits/201209.mbox/<20120924220607.3FFD12388C74@eris.apache.org>,chenpei
Mon Sep 24 22:07:41 2012,http://mail-archives.apache.org/mod_mbox/ctakes-commits/201209.mbox/<20120924220607.3FFD12388C74@eris.apache.org>,chenpei
Mon Sep 24 22:07:41 2012,http://mail-archives.apache.org/mod_mbox/ctakes-commits/201209.mbox/<20120924220607.3FFD12388C74@eris.apache.org>,chenpei
Mon Sep 24 22:07:41 2012,http://mail-archives.apache.org/mod_mbox/ctakes-commits/201209.mbox/<20120924220607.3FFD12388C74@eris.apache.org>,chenpei
Mon Sep 24 22:07:41 2012,http://mail-archives.apache.org/mod_mbox/ctakes-commits/201209.mbox/<20120924220607.3FFD12388C74@eris.apache.org>,chenpei
Mon Sep 24 22:07:41 2012,http://mail-archives.apache.org/mod_mbox/ctakes-commits/201209.mbox/<20120924220607.3FFD12388C74@eris.apache.org>,chenpei
Mon Sep 24 22:07:41 2012,http://mail-archives.apache.org/mod_mbox/ctakes-commits/201209.mbox/<20120924220607.3FFD12388C74@eris.apache.org>,chenpei
Mon Sep 24 22:07:41 2012,http://mail-archives.apache.org/mod_mbox/ctakes-commits/201209.mbox/<20120924220607.3FFD12388C74@eris.apache.org>,chenpei
Mon Sep 24 22:07:41 2012,http://mail-archives.apache.org/mod_mbox/ctakes-commits/201209.mbox/<20120924220607.3FFD12388C74@eris.apache.org>,chenpei
Mon Sep 24 22:07:41 2012,http://mail-archives.apache.org/mod_mbox/ctakes-commits/201209.mbox/<20120924220607.3FFD12388C74@eris.apache.org>,chenpei
Mon Sep 24 22:07:41 2012,http://mail-archives.apache.org/mod_mbox/ctakes-commits/201209.mbox/<20120924220607.3FFD12388C74@eris.apache.org>,chenpei
Mon Sep 24 22:07:41 2012,http://mail-archives.apache.org/mod_mbox/ctakes-commits/201209.mbox/<20120924220607.3FFD12388C74@eris.apache.org>,chenpei
Mon Sep 24 22:07:41 2012,http://mail-archives.apache.org/mod_mbox/ctakes-commits/201209.mbox/<20120924220607.3FFD12388C74@eris.apache.org>,chenpei
Mon Sep 24 22:07:41 2012,http://mail-archives.apache.org/mod_mbox/ctakes-commits/201209.mbox/<20120924220607.3FFD12388C74@eris.apache.org>,chenpei
Mon Sep 24 22:07:41 2012,http://mail-archives.apache.org/mod_mbox/ctakes-commits/201209.mbox/<20120924220607.3FFD12388C74@eris.apache.org>,chenpei
Mon Sep 24 22:07:41 2012,http://mail-archives.apache.org/mod_mbox/ctakes-commits/201209.mbox/<20120924220607.3FFD12388C74@eris.apache.org>,chenpei
Mon Sep 24 22:07:41 2012,http://mail-archives.apache.org/mod_mbox/ctakes-commits/201209.mbox/<20120924220607.3FFD12388C74@eris.apache.org>,chenpei
Mon Sep 24 22:07:41 2012,http://mail-archives.apache.org/mod_mbox/ctakes-commits/201209.mbox/<20120924220607.3FFD12388C74@eris.apache.org>,chenpei
Mon Sep 24 22:07:41 2012,http://mail-archives.apache.org/mod_mbox/ctakes-commits/201209.mbox/<20120924220607.3FFD12388C74@eris.apache.org>,chenpei
Mon Sep 24 22:07:41 2012,http://mail-archives.apache.org/mod_mbox/ctakes-commits/201209.mbox/<20120924220607.3FFD12388C74@eris.apache.org>,chenpei
Mon Sep 24 22:07:41 2012,http://mail-archives.apache.org/mod_mbox/ctakes-commits/201209.mbox/<20120924220607.3FFD12388C74@eris.apache.org>,chenpei
Mon Sep 24 22:07:41 2012,http://mail-archives.apache.org/mod_mbox/ctakes-commits/201209.mbox/<20120924220607.3FFD12388C74@eris.apache.org>,chenpei
Mon Sep 24 22:07:41 2012,http://mail-archives.apache.org/mod_mbox/ctakes-commits/201209.mbox/<20120924220607.3FFD12388C74@eris.apache.org>,chenpei
Mon Sep 24 22:07:41 2012,http://mail-archives.apache.org/mod_mbox/ctakes-commits/201209.mbox/<20120924220607.3FFD12388C74@eris.apache.org>,chenpei
Mon Sep 24 22:07:41 2012,http://mail-archives.apache.org/mod_mbox/ctakes-commits/201209.mbox/<20120924220607.3FFD12388C74@eris.apache.org>,chenpei
Mon Sep 24 22:07:41 2012,http://mail-archives.apache.org/mod_mbox/ctakes-commits/201209.mbox/<20120924220607.3FFD12388C74@eris.apache.org>,chenpei
Mon Sep 24 22:07:41 2012,http://mail-archives.apache.org/mod_mbox/ctakes-commits/201209.mbox/<20120924220607.3FFD12388C74@eris.apache.org>,chenpei
Mon Sep 24 22:07:41 2012,http://mail-archives.apache.org/mod_mbox/ctakes-commits/201209.mbox/<20120924220607.3FFD12388C74@eris.apache.org>,chenpei
Mon Sep 24 22:07:41 2012,http://mail-archives.apache.org/mod_mbox/ctakes-commits/201209.mbox/<20120924220607.3FFD12388C74@eris.apache.org>,chenpei
Mon Sep 24 22:07:41 2012,http://mail-archives.apache.org/mod_mbox/ctakes-commits/201209.mbox/<20120924220607.3FFD12388C74@eris.apache.org>,chenpei
Mon Sep 24 22:07:41 2012,http://mail-archives.apache.org/mod_mbox/ctakes-commits/201209.mbox/<20120924220607.3FFD12388C74@eris.apache.org>,chenpei
Mon Sep 24 22:07:41 2012,http://mail-archives.apache.org/mod_mbox/ctakes-commits/201209.mbox/<20120924220607.3FFD12388C74@eris.apache.org>,chenpei
Mon Sep 24 22:07:41 2012,http://mail-archives.apache.org/mod_mbox/ctakes-commits/201209.mbox/<20120924220607.3FFD12388C74@eris.apache.org>,chenpei
Mon Sep 24 22:07:41 2012,http://mail-archives.apache.org/mod_mbox/ctakes-commits/201209.mbox/<20120924220607.3FFD12388C74@eris.apache.org>,chenpei
Mon Sep 24 22:07:41 2012,http://mail-archives.apache.org/mod_mbox/ctakes-commits/201209.mbox/<20120924220607.3FFD12388C74@eris.apache.org>,chenpei
Mon Sep 24 22:07:41 2012,http://mail-archives.apache.org/mod_mbox/ctakes-commits/201209.mbox/<20120924220607.3FFD12388C74@eris.apache.org>,chenpei
Mon Sep 24 22:07:41 2012,http://mail-archives.apache.org/mod_mbox/ctakes-commits/201209.mbox/<20120924220607.3FFD12388C74@eris.apache.org>,chenpei
Mon Sep 24 22:07:41 2012,http://mail-archives.apache.org/mod_mbox/ctakes-commits/201209.mbox/<20120924220607.3FFD12388C74@eris.apache.org>,chenpei
Mon Sep 24 22:07:41 2012,http://mail-archives.apache.org/mod_mbox/ctakes-commits/201209.mbox/<20120924220607.3FFD12388C74@eris.apache.org>,chenpei
Mon Sep 24 22:07:41 2012,http://mail-archives.apache.org/mod_mbox/ctakes-commits/201209.mbox/<20120924220607.3FFD12388C74@eris.apache.org>,chenpei
Mon Sep 24 22:07:41 2012,http://mail-archives.apache.org/mod_mbox/ctakes-commits/201209.mbox/<20120924220607.3FFD12388C74@eris.apache.org>,chenpei
Mon Sep 24 22:07:41 2012,http://mail-archives.apache.org/mod_mbox/ctakes-commits/201209.mbox/<20120924220607.3FFD12388C74@eris.apache.org>,chenpei
Mon Sep 24 22:07:41 2012,http://mail-archives.apache.org/mod_mbox/ctakes-commits/201209.mbox/<20120924220607.3FFD12388C74@eris.apache.org>,chenpei
Mon Sep 24 22:07:41 2012,http://mail-archives.apache.org/mod_mbox/ctakes-commits/201209.mbox/<20120924220607.3FFD12388C74@eris.apache.org>,chenpei
Mon Sep 24 22:07:41 2012,http://mail-archives.apache.org/mod_mbox/ctakes-commits/201209.mbox/<20120924220607.3FFD12388C74@eris.apache.org>,chenpei
Mon Sep 24 22:07:41 2012,http://mail-archives.apache.org/mod_mbox/ctakes-commits/201209.mbox/<20120924220607.3FFD12388C74@eris.apache.org>,chenpei
Mon Sep 24 22:07:41 2012,http://mail-archives.apache.org/mod_mbox/ctakes-commits/201209.mbox/<20120924220607.3FFD12388C74@eris.apache.org>,chenpei
Mon Sep 24 22:07:41 2012,http://mail-archives.apache.org/mod_mbox/ctakes-commits/201209.mbox/<20120924220607.3FFD12388C74@eris.apache.org>,chenpei
Mon Sep 24 22:07:41 2012,http://mail-archives.apache.org/mod_mbox/ctakes-commits/201209.mbox/<20120924220607.3FFD12388C74@eris.apache.org>,chenpei
Mon Sep 24 22:07:41 2012,http://mail-archives.apache.org/mod_mbox/ctakes-commits/201209.mbox/<20120924220607.3FFD12388C74@eris.apache.org>,chenpei
Mon Sep 24 22:07:41 2012,http://mail-archives.apache.org/mod_mbox/ctakes-commits/201209.mbox/<20120924220607.3FFD12388C74@eris.apache.org>,chenpei
Mon Sep 24 22:07:41 2012,http://mail-archives.apache.org/mod_mbox/ctakes-commits/201209.mbox/<20120924220607.3FFD12388C74@eris.apache.org>,chenpei
Mon Sep 24 22:07:41 2012,http://mail-archives.apache.org/mod_mbox/ctakes-commits/201209.mbox/<20120924220607.3FFD12388C74@eris.apache.org>,chenpei
Mon Sep 24 22:07:41 2012,http://mail-archives.apache.org/mod_mbox/ctakes-commits/201209.mbox/<20120924220607.3FFD12388C74@eris.apache.org>,chenpei
Mon Sep 24 22:07:41 2012,http://mail-archives.apache.org/mod_mbox/ctakes-commits/201209.mbox/<20120924220607.3FFD12388C74@eris.apache.org>,chenpei
Mon Sep 24 22:07:41 2012,http://mail-archives.apache.org/mod_mbox/ctakes-commits/201209.mbox/<20120924220607.3FFD12388C74@eris.apache.org>,chenpei
Mon Sep 24 22:07:41 2012,http://mail-archives.apache.org/mod_mbox/ctakes-commits/201209.mbox/<20120924220607.3FFD12388C74@eris.apache.org>,chenpei
Mon Sep 24 22:07:41 2012,http://mail-archives.apache.org/mod_mbox/ctakes-commits/201209.mbox/<20120924220607.3FFD12388C74@eris.apache.org>,chenpei
Mon Sep 24 22:07:41 2012,http://mail-archives.apache.org/mod_mbox/ctakes-commits/201209.mbox/<20120924220607.3FFD12388C74@eris.apache.org>,chenpei
Mon Sep 24 22:07:41 2012,http://mail-archives.apache.org/mod_mbox/ctakes-commits/201209.mbox/<20120924220607.3FFD12388C74@eris.apache.org>,chenpei
Mon Sep 24 22:07:41 2012,http://mail-archives.apache.org/mod_mbox/ctakes-commits/201209.mbox/<20120924220607.3FFD12388C74@eris.apache.org>,chenpei
Mon Sep 24 22:07:41 2012,http://mail-archives.apache.org/mod_mbox/ctakes-commits/201209.mbox/<20120924220607.3FFD12388C74@eris.apache.org>,chenpei
Mon Sep 24 22:07:41 2012,http://mail-archives.apache.org/mod_mbox/ctakes-commits/201209.mbox/<20120924220607.3FFD12388C74@eris.apache.org>,chenpei
Mon Sep 24 22:07:41 2012,http://mail-archives.apache.org/mod_mbox/ctakes-commits/201209.mbox/<20120924220607.3FFD12388C74@eris.apache.org>,chenpei
Mon Sep 24 22:07:41 2012,http://mail-archives.apache.org/mod_mbox/ctakes-commits/201209.mbox/<20120924220607.3FFD12388C74@eris.apache.org>,chenpei
Mon Sep 24 22:07:41 2012,http://mail-archives.apache.org/mod_mbox/ctakes-commits/201209.mbox/<20120924220607.3FFD12388C74@eris.apache.org>,chenpei
Mon Sep 24 22:07:41 2012,http://mail-archives.apache.org/mod_mbox/ctakes-commits/201209.mbox/<20120924220607.3FFD12388C74@eris.apache.org>,chenpei
Mon Sep 24 22:07:41 2012,http://mail-archives.apache.org/mod_mbox/ctakes-commits/201209.mbox/<20120924220607.3FFD12388C74@eris.apache.org>,chenpei
Mon Sep 24 22:07:41 2012,http://mail-archives.apache.org/mod_mbox/ctakes-commits/201209.mbox/<20120924220607.3FFD12388C74@eris.apache.org>,chenpei
Mon Sep 24 22:07:41 2012,http://mail-archives.apache.org/mod_mbox/ctakes-commits/201209.mbox/<20120924220607.3FFD12388C74@eris.apache.org>,chenpei
Mon Sep 24 22:07:41 2012,http://mail-archives.apache.org/mod_mbox/ctakes-commits/201209.mbox/<20120924220607.3FFD12388C74@eris.apache.org>,chenpei
Mon Sep 24 22:07:41 2012,http://mail-archives.apache.org/mod_mbox/ctakes-commits/201209.mbox/<20120924220607.3FFD12388C74@eris.apache.org>,chenpei
Mon Sep 24 22:07:41 2012,http://mail-archives.apache.org/mod_mbox/ctakes-commits/201209.mbox/<20120924220607.3FFD12388C74@eris.apache.org>,chenpei
Mon Sep 24 22:07:41 2012,http://mail-archives.apache.org/mod_mbox/ctakes-commits/201209.mbox/<20120924220607.3FFD12388C74@eris.apache.org>,chenpei
Mon Sep 24 22:07:41 2012,http://mail-archives.apache.org/mod_mbox/ctakes-commits/201209.mbox/<20120924220607.3FFD12388C74@eris.apache.org>,chenpei
Mon Sep 24 22:07:41 2012,http://mail-archives.apache.org/mod_mbox/ctakes-commits/201209.mbox/<20120924220607.3FFD12388C74@eris.apache.org>,chenpei
Mon Sep 24 22:07:41 2012,http://mail-archives.apache.org/mod_mbox/ctakes-commits/201209.mbox/<20120924220607.3FFD12388C74@eris.apache.org>,chenpei
Mon Sep 24 22:07:41 2012,http://mail-archives.apache.org/mod_mbox/ctakes-commits/201209.mbox/<20120924220607.3FFD12388C74@eris.apache.org>,chenpei
Mon Sep 24 22:07:41 2012,http://mail-archives.apache.org/mod_mbox/ctakes-commits/201209.mbox/<20120924220607.3FFD12388C74@eris.apache.org>,chenpei
Mon Sep 24 22:07:41 2012,http://mail-archives.apache.org/mod_mbox/ctakes-commits/201209.mbox/<20120924220607.3FFD12388C74@eris.apache.org>,chenpei
Mon Sep 24 22:07:41 2012,http://mail-archives.apache.org/mod_mbox/ctakes-commits/201209.mbox/<20120924220607.3FFD12388C74@eris.apache.org>,chenpei
Mon Sep 24 22:07:41 2012,http://mail-archives.apache.org/mod_mbox/ctakes-commits/201209.mbox/<20120924220607.3FFD12388C74@eris.apache.org>,chenpei
Mon Sep 24 22:07:41 2012,http://mail-archives.apache.org/mod_mbox/ctakes-commits/201209.mbox/<20120924220607.3FFD12388C74@eris.apache.org>,chenpei
Mon Sep 24 22:07:41 2012,http://mail-archives.apache.org/mod_mbox/ctakes-commits/201209.mbox/<20120924220607.3FFD12388C74@eris.apache.org>,chenpei
Mon Sep 24 22:07:41 2012,http://mail-archives.apache.org/mod_mbox/ctakes-commits/201209.mbox/<20120924220607.3FFD12388C74@eris.apache.org>,chenpei
Mon Sep 24 22:07:41 2012,http://mail-archives.apache.org/mod_mbox/ctakes-commits/201209.mbox/<20120924220607.3FFD12388C74@eris.apache.org>,chenpei
Mon Sep 24 22:07:41 2012,http://mail-archives.apache.org/mod_mbox/ctakes-commits/201209.mbox/<20120924220607.3FFD12388C74@eris.apache.org>,chenpei
Mon Sep 24 22:07:41 2012,http://mail-archives.apache.org/mod_mbox/ctakes-commits/201209.mbox/<20120924220607.3FFD12388C74@eris.apache.org>,chenpei
Mon Sep 24 22:07:41 2012,http://mail-archives.apache.org/mod_mbox/ctakes-commits/201209.mbox/<20120924220607.3FFD12388C74@eris.apache.org>,chenpei
Mon Sep 24 22:07:41 2012,http://mail-archives.apache.org/mod_mbox/ctakes-commits/201209.mbox/<20120924220607.3FFD12388C74@eris.apache.org>,chenpei
Mon Sep 24 22:07:41 2012,http://mail-archives.apache.org/mod_mbox/ctakes-commits/201209.mbox/<20120924220607.3FFD12388C74@eris.apache.org>,chenpei
Mon Sep 24 22:07:41 2012,http://mail-archives.apache.org/mod_mbox/ctakes-commits/201209.mbox/<20120924220607.3FFD12388C74@eris.apache.org>,chenpei
Mon Sep 24 22:07:41 2012,http://mail-archives.apache.org/mod_mbox/ctakes-commits/201209.mbox/<20120924220607.3FFD12388C74@eris.apache.org>,chenpei
Mon Sep 24 22:07:41 2012,http://mail-archives.apache.org/mod_mbox/ctakes-commits/201209.mbox/<20120924220607.3FFD12388C74@eris.apache.org>,chenpei
Mon Sep 24 22:07:41 2012,http://mail-archives.apache.org/mod_mbox/ctakes-commits/201209.mbox/<20120924220607.3FFD12388C74@eris.apache.org>,chenpei
Mon Sep 24 22:07:41 2012,http://mail-archives.apache.org/mod_mbox/ctakes-commits/201209.mbox/<20120924220607.3FFD12388C74@eris.apache.org>,chenpei
Mon Sep 24 22:07:41 2012,http://mail-archives.apache.org/mod_mbox/ctakes-commits/201209.mbox/<20120924220607.3FFD12388C74@eris.apache.org>,chenpei
Mon Sep 24 22:07:41 2012,http://mail-archives.apache.org/mod_mbox/ctakes-commits/201209.mbox/<20120924220607.3FFD12388C74@eris.apache.org>,chenpei
Mon Sep 24 22:07:41 2012,http://mail-archives.apache.org/mod_mbox/ctakes-commits/201209.mbox/<20120924220607.3FFD12388C74@eris.apache.org>,chenpei
Mon Sep 24 22:07:41 2012,http://mail-archives.apache.org/mod_mbox/ctakes-commits/201209.mbox/<20120924220607.3FFD12388C74@eris.apache.org>,chenpei
Mon Sep 24 22:07:41 2012,http://mail-archives.apache.org/mod_mbox/ctakes-commits/201209.mbox/<20120924220607.3FFD12388C74@eris.apache.org>,chenpei
Mon Sep 24 22:07:41 2012,http://mail-archives.apache.org/mod_mbox/ctakes-commits/201209.mbox/<20120924220607.3FFD12388C74@eris.apache.org>,chenpei
Mon Sep 24 22:07:41 2012,http://mail-archives.apache.org/mod_mbox/ctakes-commits/201209.mbox/<20120924220607.3FFD12388C74@eris.apache.org>,chenpei
Mon Sep 24 22:07:41 2012,http://mail-archives.apache.org/mod_mbox/ctakes-commits/201209.mbox/<20120924220607.3FFD12388C74@eris.apache.org>,chenpei
Mon Sep 24 22:07:41 2012,http://mail-archives.apache.org/mod_mbox/ctakes-commits/201209.mbox/<20120924220607.3FFD12388C74@eris.apache.org>,chenpei
Mon Sep 24 22:07:41 2012,http://mail-archives.apache.org/mod_mbox/ctakes-commits/201209.mbox/<20120924220607.3FFD12388C74@eris.apache.org>,chenpei
Mon Sep 24 22:07:41 2012,http://mail-archives.apache.org/mod_mbox/ctakes-commits/201209.mbox/<20120924220607.3FFD12388C74@eris.apache.org>,chenpei
Mon Sep 24 22:07:41 2012,http://mail-archives.apache.org/mod_mbox/ctakes-commits/201209.mbox/<20120924220607.3FFD12388C74@eris.apache.org>,chenpei
Mon Sep 24 22:07:41 2012,http://mail-archives.apache.org/mod_mbox/ctakes-commits/201209.mbox/<20120924220607.3FFD12388C74@eris.apache.org>,chenpei
Mon Sep 24 22:07:41 2012,http://mail-archives.apache.org/mod_mbox/ctakes-commits/201209.mbox/<20120924220607.3FFD12388C74@eris.apache.org>,chenpei
Mon Sep 24 22:07:41 2012,http://mail-archives.apache.org/mod_mbox/ctakes-commits/201209.mbox/<20120924220607.3FFD12388C74@eris.apache.org>,chenpei
Mon Sep 24 22:07:41 2012,http://mail-archives.apache.org/mod_mbox/ctakes-commits/201209.mbox/<20120924220607.3FFD12388C74@eris.apache.org>,chenpei
Mon Sep 24 22:07:41 2012,http://mail-archives.apache.org/mod_mbox/ctakes-commits/201209.mbox/<20120924220607.3FFD12388C74@eris.apache.org>,chenpei
Mon Sep 24 22:07:41 2012,http://mail-archives.apache.org/mod_mbox/ctakes-commits/201209.mbox/<20120924220607.3FFD12388C74@eris.apache.org>,chenpei
Mon Sep 24 22:07:41 2012,http://mail-archives.apache.org/mod_mbox/ctakes-commits/201209.mbox/<20120924220607.3FFD12388C74@eris.apache.org>,chenpei
Mon Sep 24 22:07:41 2012,http://mail-archives.apache.org/mod_mbox/ctakes-commits/201209.mbox/<20120924220607.3FFD12388C74@eris.apache.org>,chenpei
Mon Sep 24 22:07:41 2012,http://mail-archives.apache.org/mod_mbox/ctakes-commits/201209.mbox/<20120924220607.3FFD12388C74@eris.apache.org>,chenpei
Mon Sep 24 22:07:41 2012,http://mail-archives.apache.org/mod_mbox/ctakes-commits/201209.mbox/<20120924220607.3FFD12388C74@eris.apache.org>,chenpei
Mon Sep 24 22:07:41 2012,http://mail-archives.apache.org/mod_mbox/ctakes-commits/201209.mbox/<20120924220607.3FFD12388C74@eris.apache.org>,chenpei
Mon Sep 24 22:07:41 2012,http://mail-archives.apache.org/mod_mbox/ctakes-commits/201209.mbox/<20120924220607.3FFD12388C74@eris.apache.org>,chenpei
Mon Sep 24 22:07:41 2012,http://mail-archives.apache.org/mod_mbox/ctakes-commits/201209.mbox/<20120924220607.3FFD12388C74@eris.apache.org>,chenpei
Mon Sep 24 22:07:41 2012,http://mail-archives.apache.org/mod_mbox/ctakes-commits/201209.mbox/<20120924220607.3FFD12388C74@eris.apache.org>,chenpei
Mon Sep 24 22:07:41 2012,http://mail-archives.apache.org/mod_mbox/ctakes-commits/201209.mbox/<20120924220607.3FFD12388C74@eris.apache.org>,chenpei
Mon Sep 24 22:07:41 2012,http://mail-archives.apache.org/mod_mbox/ctakes-commits/201209.mbox/<20120924220607.3FFD12388C74@eris.apache.org>,chenpei
Mon Sep 24 22:07:41 2012,http://mail-archives.apache.org/mod_mbox/ctakes-commits/201209.mbox/<20120924220607.3FFD12388C74@eris.apache.org>,chenpei
Mon Sep 24 22:07:41 2012,http://mail-archives.apache.org/mod_mbox/ctakes-commits/201209.mbox/<20120924220607.3FFD12388C74@eris.apache.org>,chenpei
Mon Sep 24 22:07:41 2012,http://mail-archives.apache.org/mod_mbox/ctakes-commits/201209.mbox/<20120924220607.3FFD12388C74@eris.apache.org>,chenpei
Mon Sep 24 22:07:41 2012,http://mail-archives.apache.org/mod_mbox/ctakes-commits/201209.mbox/<20120924220607.3FFD12388C74@eris.apache.org>,chenpei
Mon Sep 24 22:07:41 2012,http://mail-archives.apache.org/mod_mbox/ctakes-commits/201209.mbox/<20120924220607.3FFD12388C74@eris.apache.org>,chenpei
Mon Sep 24 22:07:41 2012,http://mail-archives.apache.org/mod_mbox/ctakes-commits/201209.mbox/<20120924220607.3FFD12388C74@eris.apache.org>,chenpei
Mon Sep 24 22:07:41 2012,http://mail-archives.apache.org/mod_mbox/ctakes-commits/201209.mbox/<20120924220607.3FFD12388C74@eris.apache.org>,chenpei
Mon Sep 24 22:07:41 2012,http://mail-archives.apache.org/mod_mbox/ctakes-commits/201209.mbox/<20120924220607.3FFD12388C74@eris.apache.org>,chenpei
Mon Sep 24 22:07:41 2012,http://mail-archives.apache.org/mod_mbox/ctakes-commits/201209.mbox/<20120924220607.3FFD12388C74@eris.apache.org>,chenpei
Mon Sep 24 22:07:41 2012,http://mail-archives.apache.org/mod_mbox/ctakes-commits/201209.mbox/<20120924220607.3FFD12388C74@eris.apache.org>,chenpei
Mon Sep 24 22:07:41 2012,http://mail-archives.apache.org/mod_mbox/ctakes-commits/201209.mbox/<20120924220607.3FFD12388C74@eris.apache.org>,chenpei
Mon Sep 24 22:07:41 2012,http://mail-archives.apache.org/mod_mbox/ctakes-commits/201209.mbox/<20120924220607.3FFD12388C74@eris.apache.org>,chenpei
Mon Sep 24 22:07:41 2012,http://mail-archives.apache.org/mod_mbox/ctakes-commits/201209.mbox/<20120924220607.3FFD12388C74@eris.apache.org>,chenpei
Mon Sep 24 22:07:41 2012,http://mail-archives.apache.org/mod_mbox/ctakes-commits/201209.mbox/<20120924220607.3FFD12388C74@eris.apache.org>,chenpei
Mon Sep 24 22:07:41 2012,http://mail-archives.apache.org/mod_mbox/ctakes-commits/201209.mbox/<20120924220607.3FFD12388C74@eris.apache.org>,chenpei
Mon Sep 24 22:07:41 2012,http://mail-archives.apache.org/mod_mbox/ctakes-commits/201209.mbox/<20120924220607.3FFD12388C74@eris.apache.org>,chenpei
Mon Sep 24 22:07:41 2012,http://mail-archives.apache.org/mod_mbox/ctakes-commits/201209.mbox/<20120924220607.3FFD12388C74@eris.apache.org>,chenpei
Mon Sep 24 22:07:41 2012,http://mail-archives.apache.org/mod_mbox/ctakes-commits/201209.mbox/<20120924220607.3FFD12388C74@eris.apache.org>,chenpei
Mon Sep 24 22:07:41 2012,http://mail-archives.apache.org/mod_mbox/ctakes-commits/201209.mbox/<20120924220607.3FFD12388C74@eris.apache.org>,chenpei
Mon Sep 24 22:07:41 2012,http://mail-archives.apache.org/mod_mbox/ctakes-commits/201209.mbox/<20120924220607.3FFD12388C74@eris.apache.org>,chenpei
Mon Sep 24 22:07:41 2012,http://mail-archives.apache.org/mod_mbox/ctakes-commits/201209.mbox/<20120924220607.3FFD12388C74@eris.apache.org>,chenpei
Mon Sep 24 22:07:41 2012,http://mail-archives.apache.org/mod_mbox/ctakes-commits/201209.mbox/<20120924220607.3FFD12388C74@eris.apache.org>,chenpei
Mon Sep 24 22:07:41 2012,http://mail-archives.apache.org/mod_mbox/ctakes-commits/201209.mbox/<20120924220607.3FFD12388C74@eris.apache.org>,chenpei
Mon Sep 24 22:07:41 2012,http://mail-archives.apache.org/mod_mbox/ctakes-commits/201209.mbox/<20120924220607.3FFD12388C74@eris.apache.org>,chenpei
Mon Sep 24 22:07:41 2012,http://mail-archives.apache.org/mod_mbox/ctakes-commits/201209.mbox/<20120924220607.3FFD12388C74@eris.apache.org>,chenpei
Mon Sep 24 22:07:41 2012,http://mail-archives.apache.org/mod_mbox/ctakes-commits/201209.mbox/<20120924220607.3FFD12388C74@eris.apache.org>,chenpei
Mon Sep 24 22:07:41 2012,http://mail-archives.apache.org/mod_mbox/ctakes-commits/201209.mbox/<20120924220607.3FFD12388C74@eris.apache.org>,chenpei
Mon Sep 24 22:07:41 2012,http://mail-archives.apache.org/mod_mbox/ctakes-commits/201209.mbox/<20120924220607.3FFD12388C74@eris.apache.org>,chenpei
Mon Sep 24 22:07:41 2012,http://mail-archives.apache.org/mod_mbox/ctakes-commits/201209.mbox/<20120924220607.3FFD12388C74@eris.apache.org>,chenpei
Mon Sep 24 22:07:41 2012,http://mail-archives.apache.org/mod_mbox/ctakes-commits/201209.mbox/<20120924220607.3FFD12388C74@eris.apache.org>,chenpei
Mon Sep 24 22:07:41 2012,http://mail-archives.apache.org/mod_mbox/ctakes-commits/201209.mbox/<20120924220607.3FFD12388C74@eris.apache.org>,chenpei
Mon Sep 24 22:07:41 2012,http://mail-archives.apache.org/mod_mbox/ctakes-commits/201209.mbox/<20120924220607.3FFD12388C74@eris.apache.org>,chenpei
Mon Sep 24 22:07:41 2012,http://mail-archives.apache.org/mod_mbox/ctakes-commits/201209.mbox/<20120924220607.3FFD12388C74@eris.apache.org>,chenpei
Mon Sep 24 22:07:41 2012,http://mail-archives.apache.org/mod_mbox/ctakes-commits/201209.mbox/<20120924220607.3FFD12388C74@eris.apache.org>,chenpei
Mon Sep 24 22:07:41 2012,http://mail-archives.apache.org/mod_mbox/ctakes-commits/201209.mbox/<20120924220607.3FFD12388C74@eris.apache.org>,chenpei
Mon Sep 24 22:07:41 2012,http://mail-archives.apache.org/mod_mbox/ctakes-commits/201209.mbox/<20120924220607.3FFD12388C74@eris.apache.org>,chenpei
Mon Sep 24 22:07:41 2012,http://mail-archives.apache.org/mod_mbox/ctakes-commits/201209.mbox/<20120924220607.3FFD12388C74@eris.apache.org>,chenpei
Mon Sep 24 22:07:41 2012,http://mail-archives.apache.org/mod_mbox/ctakes-commits/201209.mbox/<20120924220607.3FFD12388C74@eris.apache.org>,chenpei
Mon Sep 24 22:07:41 2012,http://mail-archives.apache.org/mod_mbox/ctakes-commits/201209.mbox/<20120924220607.3FFD12388C74@eris.apache.org>,chenpei
Mon Sep 24 22:07:41 2012,http://mail-archives.apache.org/mod_mbox/ctakes-commits/201209.mbox/<20120924220607.3FFD12388C74@eris.apache.org>,chenpei
Mon Sep 24 22:07:41 2012,http://mail-archives.apache.org/mod_mbox/ctakes-commits/201209.mbox/<20120924220607.3FFD12388C74@eris.apache.org>,chenpei
Mon Sep 24 22:07:41 2012,http://mail-archives.apache.org/mod_mbox/ctakes-commits/201209.mbox/<20120924220607.3FFD12388C74@eris.apache.org>,chenpei
Mon Sep 24 22:07:41 2012,http://mail-archives.apache.org/mod_mbox/ctakes-commits/201209.mbox/<20120924220607.3FFD12388C74@eris.apache.org>,chenpei
Mon Sep 24 22:07:41 2012,http://mail-archives.apache.org/mod_mbox/ctakes-commits/201209.mbox/<20120924220607.3FFD12388C74@eris.apache.org>,chenpei
Mon Sep 24 22:07:41 2012,http://mail-archives.apache.org/mod_mbox/ctakes-commits/201209.mbox/<20120924220607.3FFD12388C74@eris.apache.org>,chenpei
Mon Sep 24 22:07:41 2012,http://mail-archives.apache.org/mod_mbox/ctakes-commits/201209.mbox/<20120924220607.3FFD12388C74@eris.apache.org>,chenpei
Mon Sep 24 22:07:41 2012,http://mail-archives.apache.org/mod_mbox/ctakes-commits/201209.mbox/<20120924220607.3FFD12388C74@eris.apache.org>,chenpei
Mon Sep 24 22:07:41 2012,http://mail-archives.apache.org/mod_mbox/ctakes-commits/201209.mbox/<20120924220607.3FFD12388C74@eris.apache.org>,chenpei
Mon Sep 24 22:07:41 2012,http://mail-archives.apache.org/mod_mbox/ctakes-commits/201209.mbox/<20120924220607.3FFD12388C74@eris.apache.org>,chenpei
Mon Sep 24 22:07:41 2012,http://mail-archives.apache.org/mod_mbox/ctakes-commits/201209.mbox/<20120924220607.3FFD12388C74@eris.apache.org>,chenpei
Mon Sep 24 22:07:41 2012,http://mail-archives.apache.org/mod_mbox/ctakes-commits/201209.mbox/<20120924220607.3FFD12388C74@eris.apache.org>,chenpei
Mon Sep 24 22:07:41 2012,http://mail-archives.apache.org/mod_mbox/ctakes-commits/201209.mbox/<20120924220607.3FFD12388C74@eris.apache.org>,chenpei
Mon Sep 24 22:07:41 2012,http://mail-archives.apache.org/mod_mbox/ctakes-commits/201209.mbox/<20120924220607.3FFD12388C74@eris.apache.org>,chenpei
Mon Sep 24 22:07:41 2012,http://mail-archives.apache.org/mod_mbox/ctakes-commits/201209.mbox/<20120924220607.3FFD12388C74@eris.apache.org>,chenpei
Mon Sep 24 22:07:41 2012,http://mail-archives.apache.org/mod_mbox/ctakes-commits/201209.mbox/<20120924220607.3FFD12388C74@eris.apache.org>,chenpei
Mon Sep 24 22:07:41 2012,http://mail-archives.apache.org/mod_mbox/ctakes-commits/201209.mbox/<20120924220607.3FFD12388C74@eris.apache.org>,chenpei
Mon Sep 24 22:07:41 2012,http://mail-archives.apache.org/mod_mbox/ctakes-commits/201209.mbox/<20120924220607.3FFD12388C74@eris.apache.org>,chenpei
Mon Sep 24 22:07:41 2012,http://mail-archives.apache.org/mod_mbox/ctakes-commits/201209.mbox/<20120924220607.3FFD12388C74@eris.apache.org>,chenpei
Mon Sep 24 22:07:41 2012,http://mail-archives.apache.org/mod_mbox/ctakes-commits/201209.mbox/<20120924220607.3FFD12388C74@eris.apache.org>,chenpei
Mon Sep 24 22:07:41 2012,http://mail-archives.apache.org/mod_mbox/ctakes-commits/201209.mbox/<20120924220607.3FFD12388C74@eris.apache.org>,chenpei
Mon Sep 24 22:07:41 2012,http://mail-archives.apache.org/mod_mbox/ctakes-commits/201209.mbox/<20120924220607.3FFD12388C74@eris.apache.org>,chenpei
Mon Sep 24 22:07:41 2012,http://mail-archives.apache.org/mod_mbox/ctakes-commits/201209.mbox/<20120924220607.3FFD12388C74@eris.apache.org>,chenpei
Mon Sep 24 22:07:41 2012,http://mail-archives.apache.org/mod_mbox/ctakes-commits/201209.mbox/<20120924220607.3FFD12388C74@eris.apache.org>,chenpei
Mon Sep 24 22:07:41 2012,http://mail-archives.apache.org/mod_mbox/ctakes-commits/201209.mbox/<20120924220607.3FFD12388C74@eris.apache.org>,chenpei
Mon Sep 24 22:07:41 2012,http://mail-archives.apache.org/mod_mbox/ctakes-commits/201209.mbox/<20120924220607.3FFD12388C74@eris.apache.org>,chenpei
Mon Sep 24 22:07:41 2012,http://mail-archives.apache.org/mod_mbox/ctakes-commits/201209.mbox/<20120924220607.3FFD12388C74@eris.apache.org>,chenpei
Mon Sep 24 22:07:41 2012,http://mail-archives.apache.org/mod_mbox/ctakes-commits/201209.mbox/<20120924220607.3FFD12388C74@eris.apache.org>,chenpei
Mon Sep 24 22:07:41 2012,http://mail-archives.apache.org/mod_mbox/ctakes-commits/201209.mbox/<20120924220607.3FFD12388C74@eris.apache.org>,chenpei
Mon Sep 24 22:07:41 2012,http://mail-archives.apache.org/mod_mbox/ctakes-commits/201209.mbox/<20120924220607.3FFD12388C74@eris.apache.org>,chenpei
Mon Sep 24 22:07:41 2012,http://mail-archives.apache.org/mod_mbox/ctakes-commits/201209.mbox/<20120924220607.3FFD12388C74@eris.apache.org>,chenpei
Mon Sep 24 22:07:41 2012,http://mail-archives.apache.org/mod_mbox/ctakes-commits/201209.mbox/<20120924220607.3FFD12388C74@eris.apache.org>,chenpei
Mon Sep 24 22:07:41 2012,http://mail-archives.apache.org/mod_mbox/ctakes-commits/201209.mbox/<20120924220607.3FFD12388C74@eris.apache.org>,chenpei
Mon Sep 24 22:07:41 2012,http://mail-archives.apache.org/mod_mbox/ctakes-commits/201209.mbox/<20120924220607.3FFD12388C74@eris.apache.org>,chenpei
Mon Sep 24 22:07:41 2012,http://mail-archives.apache.org/mod_mbox/ctakes-commits/201209.mbox/<20120924220607.3FFD12388C74@eris.apache.org>,chenpei
Mon Sep 24 22:07:41 2012,http://mail-archives.apache.org/mod_mbox/ctakes-commits/201209.mbox/<20120924220607.3FFD12388C74@eris.apache.org>,chenpei
Mon Sep 24 22:07:41 2012,http://mail-archives.apache.org/mod_mbox/ctakes-commits/201209.mbox/<20120924220607.3FFD12388C74@eris.apache.org>,chenpei
Mon Sep 24 22:07:41 2012,http://mail-archives.apache.org/mod_mbox/ctakes-commits/201209.mbox/<20120924220607.3FFD12388C74@eris.apache.org>,chenpei
Mon Sep 24 22:07:41 2012,http://mail-archives.apache.org/mod_mbox/ctakes-commits/201209.mbox/<20120924220607.3FFD12388C74@eris.apache.org>,chenpei
Mon Sep 24 22:07:41 2012,http://mail-archives.apache.org/mod_mbox/ctakes-commits/201209.mbox/<20120924220607.3FFD12388C74@eris.apache.org>,chenpei
Mon Sep 24 22:07:41 2012,http://mail-archives.apache.org/mod_mbox/ctakes-commits/201209.mbox/<20120924220607.3FFD12388C74@eris.apache.org>,chenpei
Mon Sep 24 22:07:41 2012,http://mail-archives.apache.org/mod_mbox/ctakes-commits/201209.mbox/<20120924220607.3FFD12388C74@eris.apache.org>,chenpei
Mon Sep 24 22:07:41 2012,http://mail-archives.apache.org/mod_mbox/ctakes-commits/201209.mbox/<20120924220607.3FFD12388C74@eris.apache.org>,chenpei
Mon Sep 24 22:07:41 2012,http://mail-archives.apache.org/mod_mbox/ctakes-commits/201209.mbox/<20120924220607.3FFD12388C74@eris.apache.org>,chenpei
Mon Sep 24 22:07:41 2012,http://mail-archives.apache.org/mod_mbox/ctakes-commits/201209.mbox/<20120924220607.3FFD12388C74@eris.apache.org>,chenpei
Mon Sep 24 22:07:41 2012,http://mail-archives.apache.org/mod_mbox/ctakes-commits/201209.mbox/<20120924220607.3FFD12388C74@eris.apache.org>,chenpei
Mon Sep 24 22:07:41 2012,http://mail-archives.apache.org/mod_mbox/ctakes-commits/201209.mbox/<20120924220607.3FFD12388C74@eris.apache.org>,chenpei
Mon Sep 24 22:07:41 2012,http://mail-archives.apache.org/mod_mbox/ctakes-commits/201209.mbox/<20120924220607.3FFD12388C74@eris.apache.org>,chenpei
Mon Sep 24 22:07:41 2012,http://mail-archives.apache.org/mod_mbox/ctakes-commits/201209.mbox/<20120924220607.3FFD12388C74@eris.apache.org>,chenpei
Mon Sep 24 22:07:41 2012,http://mail-archives.apache.org/mod_mbox/ctakes-commits/201209.mbox/<20120924220607.3FFD12388C74@eris.apache.org>,chenpei
Mon Sep 24 22:07:41 2012,http://mail-archives.apache.org/mod_mbox/ctakes-commits/201209.mbox/<20120924220607.3FFD12388C74@eris.apache.org>,chenpei
Mon Sep 24 22:07:41 2012,http://mail-archives.apache.org/mod_mbox/ctakes-commits/201209.mbox/<20120924220607.3FFD12388C74@eris.apache.org>,chenpei
Mon Sep 24 22:07:41 2012,http://mail-archives.apache.org/mod_mbox/ctakes-commits/201209.mbox/<20120924220607.3FFD12388C74@eris.apache.org>,chenpei
Mon Sep 24 22:07:41 2012,http://mail-archives.apache.org/mod_mbox/ctakes-commits/201209.mbox/<20120924220607.3FFD12388C74@eris.apache.org>,chenpei
Mon Sep 24 22:07:41 2012,http://mail-archives.apache.org/mod_mbox/ctakes-commits/201209.mbox/<20120924220607.3FFD12388C74@eris.apache.org>,chenpei
Mon Sep 24 22:07:41 2012,http://mail-archives.apache.org/mod_mbox/ctakes-commits/201209.mbox/<20120924220607.3FFD12388C74@eris.apache.org>,chenpei
Mon Sep 24 22:07:41 2012,http://mail-archives.apache.org/mod_mbox/ctakes-commits/201209.mbox/<20120924220607.3FFD12388C74@eris.apache.org>,chenpei
Mon Sep 24 22:07:41 2012,http://mail-archives.apache.org/mod_mbox/ctakes-commits/201209.mbox/<20120924220607.3FFD12388C74@eris.apache.org>,chenpei
Mon Sep 24 22:07:41 2012,http://mail-archives.apache.org/mod_mbox/ctakes-commits/201209.mbox/<20120924220607.3FFD12388C74@eris.apache.org>,chenpei
Mon Sep 24 22:07:41 2012,http://mail-archives.apache.org/mod_mbox/ctakes-commits/201209.mbox/<20120924220607.3FFD12388C74@eris.apache.org>,chenpei
Mon Sep 24 22:07:41 2012,http://mail-archives.apache.org/mod_mbox/ctakes-commits/201209.mbox/<20120924220607.3FFD12388C74@eris.apache.org>,chenpei
Mon Sep 24 22:07:41 2012,http://mail-archives.apache.org/mod_mbox/ctakes-commits/201209.mbox/<20120924220607.3FFD12388C74@eris.apache.org>,chenpei
Mon Sep 24 22:07:41 2012,http://mail-archives.apache.org/mod_mbox/ctakes-commits/201209.mbox/<20120924220607.3FFD12388C74@eris.apache.org>,chenpei
Mon Sep 24 22:07:41 2012,http://mail-archives.apache.org/mod_mbox/ctakes-commits/201209.mbox/<20120924220607.3FFD12388C74@eris.apache.org>,chenpei
Mon Sep 24 22:07:41 2012,http://mail-archives.apache.org/mod_mbox/ctakes-commits/201209.mbox/<20120924220607.3FFD12388C74@eris.apache.org>,chenpei
Mon Sep 24 22:07:41 2012,http://mail-archives.apache.org/mod_mbox/ctakes-commits/201209.mbox/<20120924220607.3FFD12388C74@eris.apache.org>,chenpei
Mon Sep 24 22:07:41 2012,http://mail-archives.apache.org/mod_mbox/ctakes-commits/201209.mbox/<20120924220607.3FFD12388C74@eris.apache.org>,chenpei
Mon Sep 24 22:07:41 2012,http://mail-archives.apache.org/mod_mbox/ctakes-commits/201209.mbox/<20120924220607.3FFD12388C74@eris.apache.org>,chenpei
Mon Sep 24 22:07:41 2012,http://mail-archives.apache.org/mod_mbox/ctakes-commits/201209.mbox/<20120924220607.3FFD12388C74@eris.apache.org>,chenpei
Mon Sep 24 22:07:41 2012,http://mail-archives.apache.org/mod_mbox/ctakes-commits/201209.mbox/<20120924220607.3FFD12388C74@eris.apache.org>,chenpei
Mon Sep 24 22:07:41 2012,http://mail-archives.apache.org/mod_mbox/ctakes-commits/201209.mbox/<20120924220607.3FFD12388C74@eris.apache.org>,chenpei
Mon Sep 24 22:07:41 2012,http://mail-archives.apache.org/mod_mbox/ctakes-commits/201209.mbox/<20120924220607.3FFD12388C74@eris.apache.org>,chenpei
Mon Sep 24 22:07:41 2012,http://mail-archives.apache.org/mod_mbox/ctakes-commits/201209.mbox/<20120924220607.3FFD12388C74@eris.apache.org>,chenpei
Mon Sep 24 22:07:41 2012,http://mail-archives.apache.org/mod_mbox/ctakes-commits/201209.mbox/<20120924220607.3FFD12388C74@eris.apache.org>,chenpei
Mon Sep 24 22:07:41 2012,http://mail-archives.apache.org/mod_mbox/ctakes-commits/201209.mbox/<20120924220607.3FFD12388C74@eris.apache.org>,chenpei
Mon Sep 24 22:07:41 2012,http://mail-archives.apache.org/mod_mbox/ctakes-commits/201209.mbox/<20120924220607.3FFD12388C74@eris.apache.org>,chenpei
Mon Sep 24 22:07:41 2012,http://mail-archives.apache.org/mod_mbox/ctakes-commits/201209.mbox/<20120924220607.3FFD12388C74@eris.apache.org>,chenpei
Mon Sep 24 22:07:41 2012,http://mail-archives.apache.org/mod_mbox/ctakes-commits/201209.mbox/<20120924220607.3FFD12388C74@eris.apache.org>,chenpei
Mon Sep 24 22:07:41 2012,http://mail-archives.apache.org/mod_mbox/ctakes-commits/201209.mbox/<20120924220607.3FFD12388C74@eris.apache.org>,chenpei
Mon Sep 24 22:07:41 2012,http://mail-archives.apache.org/mod_mbox/ctakes-commits/201209.mbox/<20120924220607.3FFD12388C74@eris.apache.org>,chenpei
Mon Sep 24 22:07:41 2012,http://mail-archives.apache.org/mod_mbox/ctakes-commits/201209.mbox/<20120924220607.3FFD12388C74@eris.apache.org>,chenpei
Mon Sep 24 22:07:41 2012,http://mail-archives.apache.org/mod_mbox/ctakes-commits/201209.mbox/<20120924220607.3FFD12388C74@eris.apache.org>,chenpei
Mon Sep 24 22:07:41 2012,http://mail-archives.apache.org/mod_mbox/ctakes-commits/201209.mbox/<20120924220607.3FFD12388C74@eris.apache.org>,chenpei
Mon Sep 24 22:07:41 2012,http://mail-archives.apache.org/mod_mbox/ctakes-commits/201209.mbox/<20120924220607.3FFD12388C74@eris.apache.org>,chenpei
Mon Sep 24 22:07:41 2012,http://mail-archives.apache.org/mod_mbox/ctakes-commits/201209.mbox/<20120924220607.3FFD12388C74@eris.apache.org>,chenpei
Mon Sep 24 22:07:41 2012,http://mail-archives.apache.org/mod_mbox/ctakes-commits/201209.mbox/<20120924220607.27C382388C6D@eris.apache.org>,chenpei
Mon Sep 24 22:07:41 2012,http://mail-archives.apache.org/mod_mbox/ctakes-commits/201209.mbox/<20120924220607.3FFD12388C74@eris.apache.org>,chenpei
Mon Sep 24 22:07:41 2012,http://mail-archives.apache.org/mod_mbox/ctakes-commits/201209.mbox/<20120924220607.3FFD12388C74@eris.apache.org>,chenpei
Mon Sep 24 22:07:41 2012,http://mail-archives.apache.org/mod_mbox/ctakes-commits/201209.mbox/<20120924220607.27C382388C6D@eris.apache.org>,chenpei
Mon Sep 24 22:07:41 2012,http://mail-archives.apache.org/mod_mbox/ctakes-commits/201209.mbox/<20120924220607.27C382388C6D@eris.apache.org>,chenpei
Mon Sep 24 22:07:41 2012,http://mail-archives.apache.org/mod_mbox/ctakes-commits/201209.mbox/<20120924220607.27C382388C6D@eris.apache.org>,chenpei
Mon Sep 24 22:07:41 2012,http://mail-archives.apache.org/mod_mbox/ctakes-commits/201209.mbox/<20120924220607.27C382388C6D@eris.apache.org>,chenpei
Mon Sep 24 22:07:41 2012,http://mail-archives.apache.org/mod_mbox/ctakes-commits/201209.mbox/<20120924220607.27C382388C6D@eris.apache.org>,chenpei
Mon Sep 24 22:07:41 2012,http://mail-archives.apache.org/mod_mbox/ctakes-commits/201209.mbox/<20120924220607.27C382388C6D@eris.apache.org>,chenpei
Mon Sep 24 22:07:41 2012,http://mail-archives.apache.org/mod_mbox/ctakes-commits/201209.mbox/<20120924220607.27C382388C6D@eris.apache.org>,chenpei
Mon Sep 24 22:07:41 2012,http://mail-archives.apache.org/mod_mbox/ctakes-commits/201209.mbox/<20120924220607.27C382388C6D@eris.apache.org>,chenpei
Mon Sep 24 22:07:41 2012,http://mail-archives.apache.org/mod_mbox/ctakes-commits/201209.mbox/<20120924220607.27C382388C6D@eris.apache.org>,chenpei
Mon Sep 24 22:07:41 2012,http://mail-archives.apache.org/mod_mbox/ctakes-commits/201209.mbox/<20120924220607.27C382388C6D@eris.apache.org>,chenpei
Mon Sep 24 22:07:41 2012,http://mail-archives.apache.org/mod_mbox/ctakes-commits/201209.mbox/<20120924220607.27C382388C6D@eris.apache.org>,chenpei
Mon Sep 24 22:07:41 2012,http://mail-archives.apache.org/mod_mbox/ctakes-commits/201209.mbox/<20120924220607.27C382388C6D@eris.apache.org>,chenpei
Mon Sep 24 22:07:41 2012,http://mail-archives.apache.org/mod_mbox/ctakes-commits/201209.mbox/<20120924220607.27C382388C6D@eris.apache.org>,chenpei
Mon Sep 24 22:07:41 2012,http://mail-archives.apache.org/mod_mbox/ctakes-commits/201209.mbox/<20120924220607.27C382388C6D@eris.apache.org>,chenpei
Mon Sep 24 22:07:41 2012,http://mail-archives.apache.org/mod_mbox/ctakes-commits/201209.mbox/<20120924220607.27C382388C6D@eris.apache.org>,chenpei
Mon Sep 24 22:07:41 2012,http://mail-archives.apache.org/mod_mbox/ctakes-commits/201209.mbox/<20120924220607.27C382388C6D@eris.apache.org>,chenpei
Mon Sep 24 22:07:41 2012,http://mail-archives.apache.org/mod_mbox/ctakes-commits/201209.mbox/<20120924220607.27C382388C6D@eris.apache.org>,chenpei
Mon Sep 24 22:07:41 2012,http://mail-archives.apache.org/mod_mbox/ctakes-commits/201209.mbox/<20120924220607.27C382388C6D@eris.apache.org>,chenpei
Mon Sep 24 22:07:41 2012,http://mail-archives.apache.org/mod_mbox/ctakes-commits/201209.mbox/<20120924220607.27C382388C6D@eris.apache.org>,chenpei
Mon Sep 24 22:07:41 2012,http://mail-archives.apache.org/mod_mbox/ctakes-commits/201209.mbox/<20120924220607.27C382388C6D@eris.apache.org>,chenpei
Mon Sep 24 22:07:41 2012,http://mail-archives.apache.org/mod_mbox/ctakes-commits/201209.mbox/<20120924220607.27C382388C6D@eris.apache.org>,chenpei
Mon Sep 24 22:07:41 2012,http://mail-archives.apache.org/mod_mbox/ctakes-commits/201209.mbox/<20120924220607.27C382388C6D@eris.apache.org>,chenpei
Mon Sep 24 22:07:41 2012,http://mail-archives.apache.org/mod_mbox/ctakes-commits/201209.mbox/<20120924220607.27C382388C6D@eris.apache.org>,chenpei
Mon Sep 24 22:07:41 2012,http://mail-archives.apache.org/mod_mbox/ctakes-commits/201209.mbox/<20120924220607.27C382388C6D@eris.apache.org>,chenpei
Mon Sep 24 22:07:41 2012,http://mail-archives.apache.org/mod_mbox/ctakes-commits/201209.mbox/<20120924220607.27C382388C6D@eris.apache.org>,chenpei
Mon Sep 24 22:07:41 2012,http://mail-archives.apache.org/mod_mbox/ctakes-commits/201209.mbox/<20120924220607.27C382388C6D@eris.apache.org>,chenpei
Mon Sep 24 22:07:41 2012,http://mail-archives.apache.org/mod_mbox/ctakes-commits/201209.mbox/<20120924220607.27C382388C6D@eris.apache.org>,chenpei
Mon Sep 24 22:07:41 2012,http://mail-archives.apache.org/mod_mbox/ctakes-commits/201209.mbox/<20120924220607.27C382388C6D@eris.apache.org>,chenpei
Mon Sep 24 22:07:41 2012,http://mail-archives.apache.org/mod_mbox/ctakes-commits/201209.mbox/<20120924220607.27C382388C6D@eris.apache.org>,chenpei
Mon Sep 24 22:07:41 2012,http://mail-archives.apache.org/mod_mbox/ctakes-commits/201209.mbox/<20120924220607.27C382388C6D@eris.apache.org>,chenpei
Mon Sep 24 22:07:41 2012,http://mail-archives.apache.org/mod_mbox/ctakes-commits/201209.mbox/<20120924220607.27C382388C6D@eris.apache.org>,chenpei
Mon Sep 24 22:07:41 2012,http://mail-archives.apache.org/mod_mbox/ctakes-commits/201209.mbox/<20120924220607.27C382388C6D@eris.apache.org>,chenpei
Mon Sep 24 22:07:41 2012,http://mail-archives.apache.org/mod_mbox/ctakes-commits/201209.mbox/<20120924220607.27C382388C6D@eris.apache.org>,chenpei
Mon Sep 24 22:07:41 2012,http://mail-archives.apache.org/mod_mbox/ctakes-commits/201209.mbox/<20120924220607.27C382388C6D@eris.apache.org>,chenpei
Mon Sep 24 22:07:41 2012,http://mail-archives.apache.org/mod_mbox/ctakes-commits/201209.mbox/<20120924220607.27C382388C6D@eris.apache.org>,chenpei
Mon Sep 24 22:07:41 2012,http://mail-archives.apache.org/mod_mbox/ctakes-commits/201209.mbox/<20120924220607.27C382388C6D@eris.apache.org>,chenpei
Mon Sep 24 22:07:41 2012,http://mail-archives.apache.org/mod_mbox/ctakes-commits/201209.mbox/<20120924220607.27C382388C6D@eris.apache.org>,chenpei
Mon Sep 24 22:07:41 2012,http://mail-archives.apache.org/mod_mbox/ctakes-commits/201209.mbox/<20120924220607.27C382388C6D@eris.apache.org>,chenpei
Mon Sep 24 22:07:41 2012,http://mail-archives.apache.org/mod_mbox/ctakes-commits/201209.mbox/<20120924220607.27C382388C6D@eris.apache.org>,chenpei
Mon Sep 24 22:07:41 2012,http://mail-archives.apache.org/mod_mbox/ctakes-commits/201209.mbox/<20120924220607.27C382388C6D@eris.apache.org>,chenpei
Mon Sep 24 22:07:41 2012,http://mail-archives.apache.org/mod_mbox/ctakes-commits/201209.mbox/<20120924220607.27C382388C6D@eris.apache.org>,chenpei
Mon Sep 24 22:07:41 2012,http://mail-archives.apache.org/mod_mbox/ctakes-commits/201209.mbox/<20120924220607.27C382388C6D@eris.apache.org>,chenpei
Mon Sep 24 22:07:41 2012,http://mail-archives.apache.org/mod_mbox/ctakes-commits/201209.mbox/<20120924220607.27C382388C6D@eris.apache.org>,chenpei
Mon Sep 24 22:07:41 2012,http://mail-archives.apache.org/mod_mbox/ctakes-commits/201209.mbox/<20120924220607.27C382388C6D@eris.apache.org>,chenpei
Mon Sep 24 22:07:41 2012,http://mail-archives.apache.org/mod_mbox/ctakes-commits/201209.mbox/<20120924220607.27C382388C6D@eris.apache.org>,chenpei
Mon Sep 24 22:07:41 2012,http://mail-archives.apache.org/mod_mbox/ctakes-commits/201209.mbox/<20120924220607.27C382388C6D@eris.apache.org>,chenpei
Mon Sep 24 22:07:41 2012,http://mail-archives.apache.org/mod_mbox/ctakes-commits/201209.mbox/<20120924220607.27C382388C6D@eris.apache.org>,chenpei
Mon Sep 24 22:07:41 2012,http://mail-archives.apache.org/mod_mbox/ctakes-commits/201209.mbox/<20120924220607.3FFD12388C74@eris.apache.org>,chenpei
Mon Sep 24 22:07:41 2012,http://mail-archives.apache.org/mod_mbox/ctakes-commits/201209.mbox/<20120924220607.3FFD12388C74@eris.apache.org>,chenpei
Mon Sep 24 22:07:41 2012,http://mail-archives.apache.org/mod_mbox/ctakes-commits/201209.mbox/<20120924220607.3FFD12388C74@eris.apache.org>,chenpei
Mon Sep 24 22:07:41 2012,http://mail-archives.apache.org/mod_mbox/ctakes-commits/201209.mbox/<20120924220607.3FFD12388C74@eris.apache.org>,chenpei
Mon Sep 24 22:07:41 2012,http://mail-archives.apache.org/mod_mbox/ctakes-commits/201209.mbox/<20120924220607.3FFD12388C74@eris.apache.org>,chenpei
Mon Sep 24 22:07:41 2012,http://mail-archives.apache.org/mod_mbox/ctakes-commits/201209.mbox/<20120924220607.3FFD12388C74@eris.apache.org>,chenpei
Mon Sep 24 22:07:41 2012,http://mail-archives.apache.org/mod_mbox/ctakes-commits/201209.mbox/<20120924220607.3FFD12388C74@eris.apache.org>,chenpei
Mon Sep 24 22:07:41 2012,http://mail-archives.apache.org/mod_mbox/ctakes-commits/201209.mbox/<20120924220607.3FFD12388C74@eris.apache.org>,chenpei
Mon Sep 24 22:07:41 2012,http://mail-archives.apache.org/mod_mbox/ctakes-commits/201209.mbox/<20120924220607.3FFD12388C74@eris.apache.org>,chenpei
Mon Sep 24 22:07:41 2012,http://mail-archives.apache.org/mod_mbox/ctakes-commits/201209.mbox/<20120924220607.3FFD12388C74@eris.apache.org>,chenpei
Mon Sep 24 22:07:41 2012,http://mail-archives.apache.org/mod_mbox/ctakes-commits/201209.mbox/<20120924220607.3FFD12388C74@eris.apache.org>,chenpei
Mon Sep 24 22:07:41 2012,http://mail-archives.apache.org/mod_mbox/ctakes-commits/201209.mbox/<20120924220607.3FFD12388C74@eris.apache.org>,chenpei
Mon Sep 24 22:07:41 2012,http://mail-archives.apache.org/mod_mbox/ctakes-commits/201209.mbox/<20120924220607.3FFD12388C74@eris.apache.org>,chenpei
Mon Sep 24 22:07:41 2012,http://mail-archives.apache.org/mod_mbox/ctakes-commits/201209.mbox/<20120924220607.3FFD12388C74@eris.apache.org>,chenpei
Mon Sep 24 22:07:41 2012,http://mail-archives.apache.org/mod_mbox/ctakes-commits/201209.mbox/<20120924220607.3FFD12388C74@eris.apache.org>,chenpei
Mon Sep 24 22:07:41 2012,http://mail-archives.apache.org/mod_mbox/ctakes-commits/201209.mbox/<20120924220607.3FFD12388C74@eris.apache.org>,chenpei
Mon Sep 24 22:07:41 2012,http://mail-archives.apache.org/mod_mbox/ctakes-commits/201209.mbox/<20120924220607.3FFD12388C74@eris.apache.org>,chenpei
Mon Sep 24 22:07:41 2012,http://mail-archives.apache.org/mod_mbox/ctakes-commits/201209.mbox/<20120924220607.3FFD12388C74@eris.apache.org>,chenpei
Mon Sep 24 22:07:41 2012,http://mail-archives.apache.org/mod_mbox/ctakes-commits/201209.mbox/<20120924220607.3FFD12388C74@eris.apache.org>,chenpei
Mon Sep 24 22:07:41 2012,http://mail-archives.apache.org/mod_mbox/ctakes-commits/201209.mbox/<20120924220607.3FFD12388C74@eris.apache.org>,chenpei
Mon Sep 24 22:07:41 2012,http://mail-archives.apache.org/mod_mbox/ctakes-commits/201209.mbox/<20120924220607.3FFD12388C74@eris.apache.org>,chenpei
Mon Sep 24 22:07:41 2012,http://mail-archives.apache.org/mod_mbox/ctakes-commits/201209.mbox/<20120924220607.3FFD12388C74@eris.apache.org>,chenpei
Mon Sep 24 22:07:41 2012,http://mail-archives.apache.org/mod_mbox/ctakes-commits/201209.mbox/<20120924220607.3FFD12388C74@eris.apache.org>,chenpei
Mon Sep 24 22:07:41 2012,http://mail-archives.apache.org/mod_mbox/ctakes-commits/201209.mbox/<20120924220607.3FFD12388C74@eris.apache.org>,chenpei
Mon Sep 24 22:07:41 2012,http://mail-archives.apache.org/mod_mbox/ctakes-commits/201209.mbox/<20120924220607.3FFD12388C74@eris.apache.org>,chenpei
Mon Sep 24 22:07:41 2012,http://mail-archives.apache.org/mod_mbox/ctakes-commits/201209.mbox/<20120924220607.3FFD12388C74@eris.apache.org>,chenpei
Mon Sep 24 22:07:41 2012,http://mail-archives.apache.org/mod_mbox/ctakes-commits/201209.mbox/<20120924220607.3FFD12388C74@eris.apache.org>,chenpei
Mon Sep 24 22:07:41 2012,http://mail-archives.apache.org/mod_mbox/ctakes-commits/201209.mbox/<20120924220607.3FFD12388C74@eris.apache.org>,chenpei
Mon Sep 24 22:07:41 2012,http://mail-archives.apache.org/mod_mbox/ctakes-commits/201209.mbox/<20120924220607.3FFD12388C74@eris.apache.org>,chenpei
Mon Sep 24 22:07:41 2012,http://mail-archives.apache.org/mod_mbox/ctakes-commits/201209.mbox/<20120924220607.3FFD12388C74@eris.apache.org>,chenpei
Mon Sep 24 22:07:41 2012,http://mail-archives.apache.org/mod_mbox/ctakes-commits/201209.mbox/<20120924220607.3FFD12388C74@eris.apache.org>,chenpei
Mon Sep 24 22:07:41 2012,http://mail-archives.apache.org/mod_mbox/ctakes-commits/201209.mbox/<20120924220607.3FFD12388C74@eris.apache.org>,chenpei
Mon Sep 24 22:07:41 2012,http://mail-archives.apache.org/mod_mbox/ctakes-commits/201209.mbox/<20120924220607.3FFD12388C74@eris.apache.org>,chenpei
Mon Sep 24 22:07:41 2012,http://mail-archives.apache.org/mod_mbox/ctakes-commits/201209.mbox/<20120924220607.3FFD12388C74@eris.apache.org>,chenpei
Mon Sep 24 22:07:41 2012,http://mail-archives.apache.org/mod_mbox/ctakes-commits/201209.mbox/<20120924220607.3FFD12388C74@eris.apache.org>,chenpei
Mon Sep 24 22:07:41 2012,http://mail-archives.apache.org/mod_mbox/ctakes-commits/201209.mbox/<20120924220607.3FFD12388C74@eris.apache.org>,chenpei
Mon Sep 24 22:07:41 2012,http://mail-archives.apache.org/mod_mbox/ctakes-commits/201209.mbox/<20120924220607.3FFD12388C74@eris.apache.org>,chenpei
Mon Sep 24 22:07:41 2012,http://mail-archives.apache.org/mod_mbox/ctakes-commits/201209.mbox/<20120924220607.3FFD12388C74@eris.apache.org>,chenpei
Mon Sep 24 22:07:41 2012,http://mail-archives.apache.org/mod_mbox/ctakes-commits/201209.mbox/<20120924220607.3FFD12388C74@eris.apache.org>,chenpei
Mon Sep 24 22:07:41 2012,http://mail-archives.apache.org/mod_mbox/ctakes-commits/201209.mbox/<20120924220607.3FFD12388C74@eris.apache.org>,chenpei
Mon Sep 24 22:07:41 2012,http://mail-archives.apache.org/mod_mbox/ctakes-commits/201209.mbox/<20120924220607.3FFD12388C74@eris.apache.org>,chenpei
Mon Sep 24 22:07:41 2012,http://mail-archives.apache.org/mod_mbox/ctakes-commits/201209.mbox/<20120924220607.3FFD12388C74@eris.apache.org>,chenpei
Mon Sep 24 22:07:41 2012,http://mail-archives.apache.org/mod_mbox/ctakes-commits/201209.mbox/<20120924220607.3FFD12388C74@eris.apache.org>,chenpei
Mon Sep 24 22:07:41 2012,http://mail-archives.apache.org/mod_mbox/ctakes-commits/201209.mbox/<20120924220607.3FFD12388C74@eris.apache.org>,chenpei
Mon Sep 24 22:07:41 2012,http://mail-archives.apache.org/mod_mbox/ctakes-commits/201209.mbox/<20120924220607.3FFD12388C74@eris.apache.org>,chenpei
Mon Sep 24 22:07:41 2012,http://mail-archives.apache.org/mod_mbox/ctakes-commits/201209.mbox/<20120924220607.3FFD12388C74@eris.apache.org>,chenpei
Mon Sep 24 22:07:41 2012,http://mail-archives.apache.org/mod_mbox/ctakes-commits/201209.mbox/<20120924220607.3FFD12388C74@eris.apache.org>,chenpei
Mon Sep 24 22:07:41 2012,http://mail-archives.apache.org/mod_mbox/ctakes-commits/201209.mbox/<20120924220607.27C382388C6D@eris.apache.org>,chenpei
Mon Sep 24 22:07:41 2012,http://mail-archives.apache.org/mod_mbox/ctakes-commits/201209.mbox/<20120924220607.27C382388C6D@eris.apache.org>,chenpei
Mon Sep 24 22:07:41 2012,http://mail-archives.apache.org/mod_mbox/ctakes-commits/201209.mbox/<20120924220607.27C382388C6D@eris.apache.org>,chenpei
Mon Sep 24 22:07:41 2012,http://mail-archives.apache.org/mod_mbox/ctakes-commits/201209.mbox/<20120924220607.27C382388C6D@eris.apache.org>,chenpei
Mon Sep 24 22:07:41 2012,http://mail-archives.apache.org/mod_mbox/ctakes-commits/201209.mbox/<20120924220607.27C382388C6D@eris.apache.org>,chenpei
Mon Sep 24 22:07:41 2012,http://mail-archives.apache.org/mod_mbox/ctakes-commits/201209.mbox/<20120924220607.27C382388C6D@eris.apache.org>,chenpei
Mon Sep 24 22:07:41 2012,http://mail-archives.apache.org/mod_mbox/ctakes-commits/201209.mbox/<20120924220607.27C382388C6D@eris.apache.org>,chenpei
Mon Sep 24 22:07:41 2012,http://mail-archives.apache.org/mod_mbox/ctakes-commits/201209.mbox/<20120924220607.27C382388C6D@eris.apache.org>,chenpei
Mon Sep 24 22:07:41 2012,http://mail-archives.apache.org/mod_mbox/ctakes-commits/201209.mbox/<20120924220607.27C382388C6D@eris.apache.org>,chenpei
Mon Sep 24 22:07:41 2012,http://mail-archives.apache.org/mod_mbox/ctakes-commits/201209.mbox/<20120924220607.27C382388C6D@eris.apache.org>,chenpei
Mon Sep 24 22:07:41 2012,http://mail-archives.apache.org/mod_mbox/ctakes-commits/201209.mbox/<20120924220607.27C382388C6D@eris.apache.org>,chenpei
Mon Sep 24 22:07:41 2012,http://mail-archives.apache.org/mod_mbox/ctakes-commits/201209.mbox/<20120924220607.2E7312388C70@eris.apache.org>,chenpei
Mon Sep 24 22:07:41 2012,http://mail-archives.apache.org/mod_mbox/ctakes-commits/201209.mbox/<20120924220607.27C382388C6D@eris.apache.org>,chenpei
Mon Sep 24 22:07:41 2012,http://mail-archives.apache.org/mod_mbox/ctakes-commits/201209.mbox/<20120924220607.27C382388C6D@eris.apache.org>,chenpei
Mon Sep 24 22:07:41 2012,http://mail-archives.apache.org/mod_mbox/ctakes-commits/201209.mbox/<20120924220607.27C382388C6D@eris.apache.org>,chenpei
Mon Sep 24 22:07:41 2012,http://mail-archives.apache.org/mod_mbox/ctakes-commits/201209.mbox/<20120924220607.27C382388C6D@eris.apache.org>,chenpei
Mon Sep 24 22:07:41 2012,http://mail-archives.apache.org/mod_mbox/ctakes-commits/201209.mbox/<20120924220607.27C382388C6D@eris.apache.org>,chenpei
Mon Sep 24 22:07:41 2012,http://mail-archives.apache.org/mod_mbox/ctakes-commits/201209.mbox/<20120924220607.27C382388C6D@eris.apache.org>,chenpei
Mon Sep 24 22:07:41 2012,http://mail-archives.apache.org/mod_mbox/ctakes-commits/201209.mbox/<20120924220607.27C382388C6D@eris.apache.org>,chenpei
Mon Sep 24 22:07:41 2012,http://mail-archives.apache.org/mod_mbox/ctakes-commits/201209.mbox/<20120924220607.27C382388C6D@eris.apache.org>,chenpei
Mon Sep 24 22:07:41 2012,http://mail-archives.apache.org/mod_mbox/ctakes-commits/201209.mbox/<20120924220607.27C382388C6D@eris.apache.org>,chenpei
Mon Sep 24 22:07:41 2012,http://mail-archives.apache.org/mod_mbox/ctakes-commits/201209.mbox/<20120924220607.27C382388C6D@eris.apache.org>,chenpei
Mon Sep 24 22:07:41 2012,http://mail-archives.apache.org/mod_mbox/ctakes-commits/201209.mbox/<20120924220607.27C382388C6D@eris.apache.org>,chenpei
Mon Sep 24 22:07:41 2012,http://mail-archives.apache.org/mod_mbox/ctakes-commits/201209.mbox/<20120924220607.27C382388C6D@eris.apache.org>,chenpei
Mon Sep 24 22:07:41 2012,http://mail-archives.apache.org/mod_mbox/ctakes-commits/201209.mbox/<20120924220607.27C382388C6D@eris.apache.org>,chenpei
Mon Sep 24 22:07:41 2012,http://mail-archives.apache.org/mod_mbox/ctakes-commits/201209.mbox/<20120924220607.27C382388C6D@eris.apache.org>,chenpei
Mon Sep 24 22:07:41 2012,http://mail-archives.apache.org/mod_mbox/ctakes-commits/201209.mbox/<20120924220607.27C382388C6D@eris.apache.org>,chenpei
Mon Sep 24 22:07:41 2012,http://mail-archives.apache.org/mod_mbox/ctakes-commits/201209.mbox/<20120924220607.27C382388C6D@eris.apache.org>,chenpei
Mon Sep 24 22:07:41 2012,http://mail-archives.apache.org/mod_mbox/ctakes-commits/201209.mbox/<20120924220607.27C382388C6D@eris.apache.org>,chenpei
Mon Sep 24 22:07:41 2012,http://mail-archives.apache.org/mod_mbox/ctakes-commits/201209.mbox/<20120924220607.27C382388C6D@eris.apache.org>,chenpei
Mon Sep 24 22:07:41 2012,http://mail-archives.apache.org/mod_mbox/ctakes-commits/201209.mbox/<20120924220607.27C382388C6D@eris.apache.org>,chenpei
Mon Sep 24 22:07:41 2012,http://mail-archives.apache.org/mod_mbox/ctakes-commits/201209.mbox/<20120924220607.27C382388C6D@eris.apache.org>,chenpei
Mon Sep 24 22:07:41 2012,http://mail-archives.apache.org/mod_mbox/ctakes-commits/201209.mbox/<20120924220607.27C382388C6D@eris.apache.org>,chenpei
Mon Sep 24 22:07:41 2012,http://mail-archives.apache.org/mod_mbox/ctakes-commits/201209.mbox/<20120924220607.27C382388C6D@eris.apache.org>,chenpei
Mon Sep 24 22:07:41 2012,http://mail-archives.apache.org/mod_mbox/ctakes-commits/201209.mbox/<20120924220607.27C382388C6D@eris.apache.org>,chenpei
Mon Sep 24 22:07:41 2012,http://mail-archives.apache.org/mod_mbox/ctakes-commits/201209.mbox/<20120924220607.27C382388C6D@eris.apache.org>,chenpei
Mon Sep 24 22:07:41 2012,http://mail-archives.apache.org/mod_mbox/ctakes-commits/201209.mbox/<20120924220607.27C382388C6D@eris.apache.org>,chenpei
Mon Sep 24 22:07:41 2012,http://mail-archives.apache.org/mod_mbox/ctakes-commits/201209.mbox/<20120924220607.27C382388C6D@eris.apache.org>,chenpei
Mon Sep 24 22:07:41 2012,http://mail-archives.apache.org/mod_mbox/ctakes-commits/201209.mbox/<20120924220607.27C382388C6D@eris.apache.org>,chenpei
Mon Sep 24 22:07:41 2012,http://mail-archives.apache.org/mod_mbox/ctakes-commits/201209.mbox/<20120924220607.27C382388C6D@eris.apache.org>,chenpei
Mon Sep 24 22:07:41 2012,http://mail-archives.apache.org/mod_mbox/ctakes-commits/201209.mbox/<20120924220607.27C382388C6D@eris.apache.org>,chenpei
Mon Sep 24 22:07:41 2012,http://mail-archives.apache.org/mod_mbox/ctakes-commits/201209.mbox/<20120924220607.27C382388C6D@eris.apache.org>,chenpei
Mon Sep 24 22:07:41 2012,http://mail-archives.apache.org/mod_mbox/ctakes-commits/201209.mbox/<20120924220607.27C382388C6D@eris.apache.org>,chenpei
Mon Sep 24 22:07:41 2012,http://mail-archives.apache.org/mod_mbox/ctakes-commits/201209.mbox/<20120924220607.27C382388C6D@eris.apache.org>,chenpei
Mon Sep 24 22:07:41 2012,http://mail-archives.apache.org/mod_mbox/ctakes-commits/201209.mbox/<20120924220607.27C382388C6D@eris.apache.org>,chenpei
Mon Sep 24 22:07:41 2012,http://mail-archives.apache.org/mod_mbox/ctakes-commits/201209.mbox/<20120924220607.27C382388C6D@eris.apache.org>,chenpei
Mon Sep 24 22:07:41 2012,http://mail-archives.apache.org/mod_mbox/ctakes-commits/201209.mbox/<20120924220607.27C382388C6D@eris.apache.org>,chenpei
Mon Sep 24 22:07:41 2012,http://mail-archives.apache.org/mod_mbox/ctakes-commits/201209.mbox/<20120924220607.27C382388C6D@eris.apache.org>,chenpei
Mon Sep 24 22:07:41 2012,http://mail-archives.apache.org/mod_mbox/ctakes-commits/201209.mbox/<20120924220607.27C382388C6D@eris.apache.org>,chenpei
Mon Sep 24 22:07:41 2012,http://mail-archives.apache.org/mod_mbox/ctakes-commits/201209.mbox/<20120924220607.27C382388C6D@eris.apache.org>,chenpei
Mon Sep 24 22:07:41 2012,http://mail-archives.apache.org/mod_mbox/ctakes-commits/201209.mbox/<20120924220607.27C382388C6D@eris.apache.org>,chenpei
Mon Sep 24 22:07:41 2012,http://mail-archives.apache.org/mod_mbox/ctakes-commits/201209.mbox/<20120924220607.27C382388C6D@eris.apache.org>,chenpei
Mon Sep 24 22:07:41 2012,http://mail-archives.apache.org/mod_mbox/ctakes-commits/201209.mbox/<20120924220607.27C382388C6D@eris.apache.org>,chenpei
Mon Sep 24 22:07:41 2012,http://mail-archives.apache.org/mod_mbox/ctakes-commits/201209.mbox/<20120924220607.27C382388C6D@eris.apache.org>,chenpei
Mon Sep 24 22:07:41 2012,http://mail-archives.apache.org/mod_mbox/ctakes-commits/201209.mbox/<20120924220607.27C382388C6D@eris.apache.org>,chenpei
Mon Sep 24 22:07:41 2012,http://mail-archives.apache.org/mod_mbox/ctakes-commits/201209.mbox/<20120924220607.27C382388C6D@eris.apache.org>,chenpei
Mon Sep 24 22:07:41 2012,http://mail-archives.apache.org/mod_mbox/ctakes-commits/201209.mbox/<20120924220607.27C382388C6D@eris.apache.org>,chenpei
Mon Sep 24 22:07:41 2012,http://mail-archives.apache.org/mod_mbox/ctakes-commits/201209.mbox/<20120924220607.27C382388C6D@eris.apache.org>,chenpei
Mon Sep 24 22:07:41 2012,http://mail-archives.apache.org/mod_mbox/ctakes-commits/201209.mbox/<20120924220607.27C382388C6D@eris.apache.org>,chenpei
Mon Sep 24 22:07:41 2012,http://mail-archives.apache.org/mod_mbox/ctakes-commits/201209.mbox/<20120924220607.27C382388C6D@eris.apache.org>,chenpei
Mon Sep 24 22:07:41 2012,http://mail-archives.apache.org/mod_mbox/ctakes-commits/201209.mbox/<20120924220607.27C382388C6D@eris.apache.org>,chenpei
Mon Sep 24 22:07:41 2012,http://mail-archives.apache.org/mod_mbox/ctakes-commits/201209.mbox/<20120924220607.27C382388C6D@eris.apache.org>,chenpei
Mon Sep 24 22:07:41 2012,http://mail-archives.apache.org/mod_mbox/ctakes-commits/201209.mbox/<20120924220607.27C382388C6D@eris.apache.org>,chenpei
Mon Sep 24 22:07:41 2012,http://mail-archives.apache.org/mod_mbox/ctakes-commits/201209.mbox/<20120924220607.27C382388C6D@eris.apache.org>,chenpei
Mon Sep 24 22:07:41 2012,http://mail-archives.apache.org/mod_mbox/ctakes-commits/201209.mbox/<20120924220607.27C382388C6D@eris.apache.org>,chenpei
Mon Sep 24 22:07:41 2012,http://mail-archives.apache.org/mod_mbox/ctakes-commits/201209.mbox/<20120924220607.27C382388C6D@eris.apache.org>,chenpei
Mon Sep 24 22:07:41 2012,http://mail-archives.apache.org/mod_mbox/ctakes-commits/201209.mbox/<20120924220607.27C382388C6D@eris.apache.org>,chenpei
Mon Sep 24 22:07:41 2012,http://mail-archives.apache.org/mod_mbox/ctakes-commits/201209.mbox/<20120924220607.27C382388C6D@eris.apache.org>,chenpei
Mon Sep 24 22:07:41 2012,http://mail-archives.apache.org/mod_mbox/ctakes-commits/201209.mbox/<20120924220607.27C382388C6D@eris.apache.org>,chenpei
Mon Sep 24 22:07:41 2012,http://mail-archives.apache.org/mod_mbox/ctakes-commits/201209.mbox/<20120924220607.27C382388C6D@eris.apache.org>,chenpei
Mon Sep 24 22:07:41 2012,http://mail-archives.apache.org/mod_mbox/ctakes-commits/201209.mbox/<20120924220607.27C382388C6D@eris.apache.org>,chenpei
Mon Sep 24 22:07:41 2012,http://mail-archives.apache.org/mod_mbox/ctakes-commits/201209.mbox/<20120924220607.27C382388C6D@eris.apache.org>,chenpei
Mon Sep 24 22:07:41 2012,http://mail-archives.apache.org/mod_mbox/ctakes-commits/201209.mbox/<20120924220607.27C382388C6D@eris.apache.org>,chenpei
Mon Sep 24 22:07:41 2012,http://mail-archives.apache.org/mod_mbox/ctakes-commits/201209.mbox/<20120924220607.27C382388C6D@eris.apache.org>,chenpei
Mon Sep 24 22:07:41 2012,http://mail-archives.apache.org/mod_mbox/ctakes-commits/201209.mbox/<20120924220607.27C382388C6D@eris.apache.org>,chenpei
Mon Sep 24 22:07:41 2012,http://mail-archives.apache.org/mod_mbox/ctakes-commits/201209.mbox/<20120924220607.27C382388C6D@eris.apache.org>,chenpei
Mon Sep 24 22:07:41 2012,http://mail-archives.apache.org/mod_mbox/ctakes-commits/201209.mbox/<20120924220607.27C382388C6D@eris.apache.org>,chenpei
Mon Sep 24 22:07:41 2012,http://mail-archives.apache.org/mod_mbox/ctakes-commits/201209.mbox/<20120924220607.27C382388C6D@eris.apache.org>,chenpei
Mon Sep 24 22:07:41 2012,http://mail-archives.apache.org/mod_mbox/ctakes-commits/201209.mbox/<20120924220607.27C382388C6D@eris.apache.org>,chenpei
Mon Sep 24 22:07:41 2012,http://mail-archives.apache.org/mod_mbox/ctakes-commits/201209.mbox/<20120924220607.27C382388C6D@eris.apache.org>,chenpei
Mon Sep 24 22:07:41 2012,http://mail-archives.apache.org/mod_mbox/ctakes-commits/201209.mbox/<20120924220607.27C382388C6D@eris.apache.org>,chenpei
Mon Sep 24 22:07:41 2012,http://mail-archives.apache.org/mod_mbox/ctakes-commits/201209.mbox/<20120924220607.27C382388C6D@eris.apache.org>,chenpei
Mon Sep 24 22:07:41 2012,http://mail-archives.apache.org/mod_mbox/ctakes-commits/201209.mbox/<20120924220607.27C382388C6D@eris.apache.org>,chenpei
Mon Sep 24 22:07:41 2012,http://mail-archives.apache.org/mod_mbox/ctakes-commits/201209.mbox/<20120924220607.27C382388C6D@eris.apache.org>,chenpei
Mon Sep 24 22:07:41 2012,http://mail-archives.apache.org/mod_mbox/ctakes-commits/201209.mbox/<20120924220607.27C382388C6D@eris.apache.org>,chenpei
Mon Sep 24 22:07:41 2012,http://mail-archives.apache.org/mod_mbox/ctakes-commits/201209.mbox/<20120924220607.27C382388C6D@eris.apache.org>,chenpei
Mon Sep 24 22:07:41 2012,http://mail-archives.apache.org/mod_mbox/ctakes-commits/201209.mbox/<20120924220607.27C382388C6D@eris.apache.org>,chenpei
Mon Sep 24 22:07:41 2012,http://mail-archives.apache.org/mod_mbox/ctakes-commits/201209.mbox/<20120924220607.27C382388C6D@eris.apache.org>,chenpei
Mon Sep 24 22:07:41 2012,http://mail-archives.apache.org/mod_mbox/ctakes-commits/201209.mbox/<20120924220607.27C382388C6D@eris.apache.org>,chenpei
Mon Sep 24 22:07:41 2012,http://mail-archives.apache.org/mod_mbox/ctakes-commits/201209.mbox/<20120924220607.27C382388C6D@eris.apache.org>,chenpei
Mon Sep 24 22:07:41 2012,http://mail-archives.apache.org/mod_mbox/ctakes-commits/201209.mbox/<20120924220607.27C382388C6D@eris.apache.org>,chenpei
Mon Sep 24 22:07:41 2012,http://mail-archives.apache.org/mod_mbox/ctakes-commits/201209.mbox/<20120924220607.27C382388C6D@eris.apache.org>,chenpei
Mon Sep 24 22:07:41 2012,http://mail-archives.apache.org/mod_mbox/ctakes-commits/201209.mbox/<20120924220607.27C382388C6D@eris.apache.org>,chenpei
Mon Sep 24 22:07:41 2012,http://mail-archives.apache.org/mod_mbox/ctakes-commits/201209.mbox/<20120924220607.27C382388C6D@eris.apache.org>,chenpei
Mon Sep 24 22:07:41 2012,http://mail-archives.apache.org/mod_mbox/ctakes-commits/201209.mbox/<20120924220607.27C382388C6D@eris.apache.org>,chenpei
Mon Sep 24 22:07:41 2012,http://mail-archives.apache.org/mod_mbox/ctakes-commits/201209.mbox/<20120924220607.3FFD12388C74@eris.apache.org>,chenpei
Mon Sep 24 22:07:41 2012,http://mail-archives.apache.org/mod_mbox/ctakes-commits/201209.mbox/<20120924220607.3FFD12388C74@eris.apache.org>,chenpei
Mon Sep 24 22:07:41 2012,http://mail-archives.apache.org/mod_mbox/ctakes-commits/201209.mbox/<20120924220607.3FFD12388C74@eris.apache.org>,chenpei
Mon Sep 24 22:07:41 2012,http://mail-archives.apache.org/mod_mbox/ctakes-commits/201209.mbox/<20120924220607.3FFD12388C74@eris.apache.org>,chenpei
Mon Sep 24 22:07:41 2012,http://mail-archives.apache.org/mod_mbox/ctakes-commits/201209.mbox/<20120924220607.3FFD12388C74@eris.apache.org>,chenpei
Mon Sep 24 22:07:41 2012,http://mail-archives.apache.org/mod_mbox/ctakes-commits/201209.mbox/<20120924220607.3FFD12388C74@eris.apache.org>,chenpei
Mon Sep 24 22:07:41 2012,http://mail-archives.apache.org/mod_mbox/ctakes-commits/201209.mbox/<20120924220607.3FFD12388C74@eris.apache.org>,chenpei
Mon Sep 24 22:07:41 2012,http://mail-archives.apache.org/mod_mbox/ctakes-commits/201209.mbox/<20120924220607.3FFD12388C74@eris.apache.org>,chenpei
Mon Sep 24 22:07:41 2012,http://mail-archives.apache.org/mod_mbox/ctakes-commits/201209.mbox/<20120924220607.3FFD12388C74@eris.apache.org>,chenpei
Mon Sep 24 22:07:41 2012,http://mail-archives.apache.org/mod_mbox/ctakes-commits/201209.mbox/<20120924220607.3FFD12388C74@eris.apache.org>,chenpei
Mon Sep 24 22:07:41 2012,http://mail-archives.apache.org/mod_mbox/ctakes-commits/201209.mbox/<20120924220607.3FFD12388C74@eris.apache.org>,chenpei
Mon Sep 24 22:07:41 2012,http://mail-archives.apache.org/mod_mbox/ctakes-commits/201209.mbox/<20120924220607.3FFD12388C74@eris.apache.org>,chenpei
Mon Sep 24 22:07:41 2012,http://mail-archives.apache.org/mod_mbox/ctakes-commits/201209.mbox/<20120924220607.3FFD12388C74@eris.apache.org>,chenpei
Mon Sep 24 22:07:41 2012,http://mail-archives.apache.org/mod_mbox/ctakes-commits/201209.mbox/<20120924220607.3FFD12388C74@eris.apache.org>,chenpei
Mon Sep 24 22:07:41 2012,http://mail-archives.apache.org/mod_mbox/ctakes-commits/201209.mbox/<20120924220607.3FFD12388C74@eris.apache.org>,chenpei
Mon Sep 24 22:07:41 2012,http://mail-archives.apache.org/mod_mbox/ctakes-commits/201209.mbox/<20120924220607.3FFD12388C74@eris.apache.org>,chenpei
Mon Sep 24 22:07:41 2012,http://mail-archives.apache.org/mod_mbox/ctakes-commits/201209.mbox/<20120924220607.3FFD12388C74@eris.apache.org>,chenpei
Mon Sep 24 22:07:41 2012,http://mail-archives.apache.org/mod_mbox/ctakes-commits/201209.mbox/<20120924220607.3FFD12388C74@eris.apache.org>,chenpei
Mon Sep 24 22:07:41 2012,http://mail-archives.apache.org/mod_mbox/ctakes-commits/201209.mbox/<20120924220607.3FFD12388C74@eris.apache.org>,chenpei
Mon Sep 24 22:07:41 2012,http://mail-archives.apache.org/mod_mbox/ctakes-commits/201209.mbox/<20120924220607.3FFD12388C74@eris.apache.org>,chenpei
Mon Sep 24 22:07:41 2012,http://mail-archives.apache.org/mod_mbox/ctakes-commits/201209.mbox/<20120924220607.3FFD12388C74@eris.apache.org>,chenpei
Mon Sep 24 22:07:41 2012,http://mail-archives.apache.org/mod_mbox/ctakes-commits/201209.mbox/<20120924220607.3FFD12388C74@eris.apache.org>,chenpei
Mon Sep 24 22:07:41 2012,http://mail-archives.apache.org/mod_mbox/ctakes-commits/201209.mbox/<20120924220607.3FFD12388C74@eris.apache.org>,chenpei
Mon Sep 24 22:07:41 2012,http://mail-archives.apache.org/mod_mbox/ctakes-commits/201209.mbox/<20120924220607.3FFD12388C74@eris.apache.org>,chenpei
Mon Sep 24 22:07:41 2012,http://mail-archives.apache.org/mod_mbox/ctakes-commits/201209.mbox/<20120924220607.3FFD12388C74@eris.apache.org>,chenpei
Mon Sep 24 22:07:41 2012,http://mail-archives.apache.org/mod_mbox/ctakes-commits/201209.mbox/<20120924220607.3FFD12388C74@eris.apache.org>,chenpei
Mon Sep 24 22:07:41 2012,http://mail-archives.apache.org/mod_mbox/ctakes-commits/201209.mbox/<20120924220607.3FFD12388C74@eris.apache.org>,chenpei
Mon Sep 24 22:07:41 2012,http://mail-archives.apache.org/mod_mbox/ctakes-commits/201209.mbox/<20120924220607.3FFD12388C74@eris.apache.org>,chenpei
Mon Sep 24 22:07:41 2012,http://mail-archives.apache.org/mod_mbox/ctakes-commits/201209.mbox/<20120924220607.3FFD12388C74@eris.apache.org>,chenpei
Mon Sep 24 22:07:41 2012,http://mail-archives.apache.org/mod_mbox/ctakes-commits/201209.mbox/<20120924220607.3FFD12388C74@eris.apache.org>,chenpei
Mon Sep 24 22:07:41 2012,http://mail-archives.apache.org/mod_mbox/ctakes-commits/201209.mbox/<20120924220607.3FFD12388C74@eris.apache.org>,chenpei
Mon Sep 24 22:07:41 2012,http://mail-archives.apache.org/mod_mbox/ctakes-commits/201209.mbox/<20120924220607.3FFD12388C74@eris.apache.org>,chenpei
Mon Sep 24 22:07:41 2012,http://mail-archives.apache.org/mod_mbox/ctakes-commits/201209.mbox/<20120924220607.3FFD12388C74@eris.apache.org>,chenpei
Mon Sep 24 22:07:41 2012,http://mail-archives.apache.org/mod_mbox/ctakes-commits/201209.mbox/<20120924220607.3FFD12388C74@eris.apache.org>,chenpei
Mon Sep 24 22:07:41 2012,http://mail-archives.apache.org/mod_mbox/ctakes-commits/201209.mbox/<20120924220607.3FFD12388C74@eris.apache.org>,chenpei
Mon Sep 24 22:07:41 2012,http://mail-archives.apache.org/mod_mbox/ctakes-commits/201209.mbox/<20120924220607.3FFD12388C74@eris.apache.org>,chenpei
Mon Sep 24 22:07:41 2012,http://mail-archives.apache.org/mod_mbox/ctakes-commits/201209.mbox/<20120924220607.3FFD12388C74@eris.apache.org>,chenpei
Mon Sep 24 22:07:41 2012,http://mail-archives.apache.org/mod_mbox/ctakes-commits/201209.mbox/<20120924220607.3FFD12388C74@eris.apache.org>,chenpei
Mon Sep 24 22:07:41 2012,http://mail-archives.apache.org/mod_mbox/ctakes-commits/201209.mbox/<20120924220607.3FFD12388C74@eris.apache.org>,chenpei
Mon Sep 24 22:07:41 2012,http://mail-archives.apache.org/mod_mbox/ctakes-commits/201209.mbox/<20120924220607.3FFD12388C74@eris.apache.org>,chenpei
Mon Sep 24 22:07:41 2012,http://mail-archives.apache.org/mod_mbox/ctakes-commits/201209.mbox/<20120924220607.3FFD12388C74@eris.apache.org>,chenpei
Mon Sep 24 22:07:41 2012,http://mail-archives.apache.org/mod_mbox/ctakes-commits/201209.mbox/<20120924220607.3FFD12388C74@eris.apache.org>,chenpei
Mon Sep 24 22:07:41 2012,http://mail-archives.apache.org/mod_mbox/ctakes-commits/201209.mbox/<20120924220607.3FFD12388C74@eris.apache.org>,chenpei
Mon Sep 24 22:07:41 2012,http://mail-archives.apache.org/mod_mbox/ctakes-commits/201209.mbox/<20120924220607.3FFD12388C74@eris.apache.org>,chenpei
Mon Sep 24 22:07:41 2012,http://mail-archives.apache.org/mod_mbox/ctakes-commits/201209.mbox/<20120924220607.3FFD12388C74@eris.apache.org>,chenpei
Mon Sep 24 22:07:41 2012,http://mail-archives.apache.org/mod_mbox/ctakes-commits/201209.mbox/<20120924220607.3FFD12388C74@eris.apache.org>,chenpei
Mon Sep 24 22:07:41 2012,http://mail-archives.apache.org/mod_mbox/ctakes-commits/201209.mbox/<20120924220607.3FFD12388C74@eris.apache.org>,chenpei
Mon Sep 24 22:07:41 2012,http://mail-archives.apache.org/mod_mbox/ctakes-commits/201209.mbox/<20120924220607.3FFD12388C74@eris.apache.org>,chenpei
Mon Sep 24 22:07:41 2012,http://mail-archives.apache.org/mod_mbox/ctakes-commits/201209.mbox/<20120924220607.3FFD12388C74@eris.apache.org>,chenpei
Mon Sep 24 22:07:41 2012,http://mail-archives.apache.org/mod_mbox/ctakes-commits/201209.mbox/<20120924220607.3FFD12388C74@eris.apache.org>,chenpei
Mon Sep 24 22:07:41 2012,http://mail-archives.apache.org/mod_mbox/ctakes-commits/201209.mbox/<20120924220607.3FFD12388C74@eris.apache.org>,chenpei
Mon Sep 24 22:07:41 2012,http://mail-archives.apache.org/mod_mbox/ctakes-commits/201209.mbox/<20120924220607.3FFD12388C74@eris.apache.org>,chenpei
Mon Sep 24 22:07:41 2012,http://mail-archives.apache.org/mod_mbox/ctakes-commits/201209.mbox/<20120924220607.3FFD12388C74@eris.apache.org>,chenpei
Mon Sep 24 22:07:41 2012,http://mail-archives.apache.org/mod_mbox/ctakes-commits/201209.mbox/<20120924220607.3FFD12388C74@eris.apache.org>,chenpei
Mon Sep 24 22:07:41 2012,http://mail-archives.apache.org/mod_mbox/ctakes-commits/201209.mbox/<20120924220607.3FFD12388C74@eris.apache.org>,chenpei
Mon Sep 24 22:07:41 2012,http://mail-archives.apache.org/mod_mbox/ctakes-commits/201209.mbox/<20120924220607.3FFD12388C74@eris.apache.org>,chenpei
Mon Sep 24 22:07:41 2012,http://mail-archives.apache.org/mod_mbox/ctakes-commits/201209.mbox/<20120924220607.3FFD12388C74@eris.apache.org>,chenpei
Mon Sep 24 22:07:41 2012,http://mail-archives.apache.org/mod_mbox/ctakes-commits/201209.mbox/<20120924220607.3FFD12388C74@eris.apache.org>,chenpei
Mon Sep 24 22:07:41 2012,http://mail-archives.apache.org/mod_mbox/ctakes-commits/201209.mbox/<20120924220607.3FFD12388C74@eris.apache.org>,chenpei
Mon Sep 24 22:07:41 2012,http://mail-archives.apache.org/mod_mbox/ctakes-commits/201209.mbox/<20120924220607.3FFD12388C74@eris.apache.org>,chenpei
Mon Sep 24 22:07:41 2012,http://mail-archives.apache.org/mod_mbox/ctakes-commits/201209.mbox/<20120924220607.3FFD12388C74@eris.apache.org>,chenpei
Mon Sep 24 22:07:41 2012,http://mail-archives.apache.org/mod_mbox/ctakes-commits/201209.mbox/<20120924220607.3FFD12388C74@eris.apache.org>,chenpei
Mon Sep 24 22:07:41 2012,http://mail-archives.apache.org/mod_mbox/ctakes-commits/201209.mbox/<20120924220607.3FFD12388C74@eris.apache.org>,chenpei
Mon Sep 24 22:07:41 2012,http://mail-archives.apache.org/mod_mbox/ctakes-commits/201209.mbox/<20120924220607.3FFD12388C74@eris.apache.org>,chenpei
Mon Sep 24 22:07:41 2012,http://mail-archives.apache.org/mod_mbox/ctakes-commits/201209.mbox/<20120924220607.3FFD12388C74@eris.apache.org>,chenpei
Mon Sep 24 22:07:41 2012,http://mail-archives.apache.org/mod_mbox/ctakes-commits/201209.mbox/<20120924220607.3FFD12388C74@eris.apache.org>,chenpei
Mon Sep 24 22:07:41 2012,http://mail-archives.apache.org/mod_mbox/ctakes-commits/201209.mbox/<20120924220607.3FFD12388C74@eris.apache.org>,chenpei
Mon Sep 24 22:07:41 2012,http://mail-archives.apache.org/mod_mbox/ctakes-commits/201209.mbox/<20120924220607.3FFD12388C74@eris.apache.org>,chenpei
Mon Sep 24 22:07:41 2012,http://mail-archives.apache.org/mod_mbox/ctakes-commits/201209.mbox/<20120924220607.3FFD12388C74@eris.apache.org>,chenpei
Mon Sep 24 22:07:41 2012,http://mail-archives.apache.org/mod_mbox/ctakes-commits/201209.mbox/<20120924220607.3FFD12388C74@eris.apache.org>,chenpei
Mon Sep 24 22:07:41 2012,http://mail-archives.apache.org/mod_mbox/ctakes-commits/201209.mbox/<20120924220607.3FFD12388C74@eris.apache.org>,chenpei
Mon Sep 24 22:07:41 2012,http://mail-archives.apache.org/mod_mbox/ctakes-commits/201209.mbox/<20120924220607.3FFD12388C74@eris.apache.org>,chenpei
Mon Sep 24 22:07:41 2012,http://mail-archives.apache.org/mod_mbox/ctakes-commits/201209.mbox/<20120924220607.3FFD12388C74@eris.apache.org>,chenpei
Mon Sep 24 22:07:41 2012,http://mail-archives.apache.org/mod_mbox/ctakes-commits/201209.mbox/<20120924220607.3FFD12388C74@eris.apache.org>,chenpei
Mon Sep 24 22:07:41 2012,http://mail-archives.apache.org/mod_mbox/ctakes-commits/201209.mbox/<20120924220607.3FFD12388C74@eris.apache.org>,chenpei
Mon Sep 24 22:07:41 2012,http://mail-archives.apache.org/mod_mbox/ctakes-commits/201209.mbox/<20120924220607.3FFD12388C74@eris.apache.org>,chenpei
Mon Sep 24 22:07:41 2012,http://mail-archives.apache.org/mod_mbox/ctakes-commits/201209.mbox/<20120924220607.3FFD12388C74@eris.apache.org>,chenpei
Mon Sep 24 22:07:41 2012,http://mail-archives.apache.org/mod_mbox/ctakes-commits/201209.mbox/<20120924220607.3FFD12388C74@eris.apache.org>,chenpei
Mon Sep 24 22:07:41 2012,http://mail-archives.apache.org/mod_mbox/ctakes-commits/201209.mbox/<20120924220607.3FFD12388C74@eris.apache.org>,chenpei
Mon Sep 24 22:07:41 2012,http://mail-archives.apache.org/mod_mbox/ctakes-commits/201209.mbox/<20120924220607.3FFD12388C74@eris.apache.org>,chenpei
Mon Sep 24 22:07:41 2012,http://mail-archives.apache.org/mod_mbox/ctakes-commits/201209.mbox/<20120924220607.3FFD12388C74@eris.apache.org>,chenpei
Mon Sep 24 22:07:41 2012,http://mail-archives.apache.org/mod_mbox/ctakes-commits/201209.mbox/<20120924220607.3FFD12388C74@eris.apache.org>,chenpei
Mon Sep 24 22:07:41 2012,http://mail-archives.apache.org/mod_mbox/ctakes-commits/201209.mbox/<20120924220607.3FFD12388C74@eris.apache.org>,chenpei
Mon Sep 24 22:07:41 2012,http://mail-archives.apache.org/mod_mbox/ctakes-commits/201209.mbox/<20120924220607.3FFD12388C74@eris.apache.org>,chenpei
Mon Sep 24 22:07:41 2012,http://mail-archives.apache.org/mod_mbox/ctakes-commits/201209.mbox/<20120924220607.3FFD12388C74@eris.apache.org>,chenpei
Mon Sep 24 22:07:41 2012,http://mail-archives.apache.org/mod_mbox/ctakes-commits/201209.mbox/<20120924220607.3FFD12388C74@eris.apache.org>,chenpei
Mon Sep 24 22:07:41 2012,http://mail-archives.apache.org/mod_mbox/ctakes-commits/201209.mbox/<20120924220607.3FFD12388C74@eris.apache.org>,chenpei
Mon Sep 24 22:07:41 2012,http://mail-archives.apache.org/mod_mbox/ctakes-commits/201209.mbox/<20120924220607.3FFD12388C74@eris.apache.org>,chenpei
Mon Sep 24 22:07:41 2012,http://mail-archives.apache.org/mod_mbox/ctakes-commits/201209.mbox/<20120924220607.3FFD12388C74@eris.apache.org>,chenpei
Mon Sep 24 22:07:41 2012,http://mail-archives.apache.org/mod_mbox/ctakes-commits/201209.mbox/<20120924220607.3FFD12388C74@eris.apache.org>,chenpei
Mon Sep 24 22:07:41 2012,http://mail-archives.apache.org/mod_mbox/ctakes-commits/201209.mbox/<20120924220607.3FFD12388C74@eris.apache.org>,chenpei
Mon Sep 24 22:07:41 2012,http://mail-archives.apache.org/mod_mbox/ctakes-commits/201209.mbox/<20120924220607.3FFD12388C74@eris.apache.org>,chenpei
Mon Sep 24 22:07:41 2012,http://mail-archives.apache.org/mod_mbox/ctakes-commits/201209.mbox/<20120924220607.3FFD12388C74@eris.apache.org>,chenpei
Mon Sep 24 22:07:41 2012,http://mail-archives.apache.org/mod_mbox/ctakes-commits/201209.mbox/<20120924220607.3FFD12388C74@eris.apache.org>,chenpei
Mon Sep 24 22:07:41 2012,http://mail-archives.apache.org/mod_mbox/ctakes-commits/201209.mbox/<20120924220607.3FFD12388C74@eris.apache.org>,chenpei
Mon Sep 24 22:07:41 2012,http://mail-archives.apache.org/mod_mbox/ctakes-commits/201209.mbox/<20120924220607.3FFD12388C74@eris.apache.org>,chenpei
Mon Sep 24 22:07:41 2012,http://mail-archives.apache.org/mod_mbox/ctakes-commits/201209.mbox/<20120924220607.3FFD12388C74@eris.apache.org>,chenpei
Mon Sep 24 22:07:41 2012,http://mail-archives.apache.org/mod_mbox/ctakes-commits/201209.mbox/<20120924220607.3FFD12388C74@eris.apache.org>,chenpei
Mon Sep 24 22:07:41 2012,http://mail-archives.apache.org/mod_mbox/ctakes-commits/201209.mbox/<20120924220607.3FFD12388C74@eris.apache.org>,chenpei
Mon Sep 24 22:07:41 2012,http://mail-archives.apache.org/mod_mbox/ctakes-commits/201209.mbox/<20120924220607.3FFD12388C74@eris.apache.org>,chenpei
Mon Sep 24 22:07:41 2012,http://mail-archives.apache.org/mod_mbox/ctakes-commits/201209.mbox/<20120924220607.3FFD12388C74@eris.apache.org>,chenpei
Mon Sep 24 22:07:41 2012,http://mail-archives.apache.org/mod_mbox/ctakes-commits/201209.mbox/<20120924220607.3FFD12388C74@eris.apache.org>,chenpei
Mon Sep 24 22:07:41 2012,http://mail-archives.apache.org/mod_mbox/ctakes-commits/201209.mbox/<20120924220607.3FFD12388C74@eris.apache.org>,chenpei
Mon Sep 24 22:07:41 2012,http://mail-archives.apache.org/mod_mbox/ctakes-commits/201209.mbox/<20120924220607.3FFD12388C74@eris.apache.org>,chenpei
Mon Sep 24 22:07:41 2012,http://mail-archives.apache.org/mod_mbox/ctakes-commits/201209.mbox/<20120924220607.3FFD12388C74@eris.apache.org>,chenpei
Mon Sep 24 22:07:41 2012,http://mail-archives.apache.org/mod_mbox/ctakes-commits/201209.mbox/<20120924220607.3FFD12388C74@eris.apache.org>,chenpei
Mon Sep 24 22:07:41 2012,http://mail-archives.apache.org/mod_mbox/ctakes-commits/201209.mbox/<20120924220607.3FFD12388C74@eris.apache.org>,chenpei
Mon Sep 24 22:07:41 2012,http://mail-archives.apache.org/mod_mbox/ctakes-commits/201209.mbox/<20120924220607.3FFD12388C74@eris.apache.org>,chenpei
Mon Sep 24 22:07:41 2012,http://mail-archives.apache.org/mod_mbox/ctakes-commits/201209.mbox/<20120924220607.3FFD12388C74@eris.apache.org>,chenpei
Mon Sep 24 22:07:41 2012,http://mail-archives.apache.org/mod_mbox/ctakes-commits/201209.mbox/<20120924220607.3FFD12388C74@eris.apache.org>,chenpei
Mon Sep 24 22:07:41 2012,http://mail-archives.apache.org/mod_mbox/ctakes-commits/201209.mbox/<20120924220607.3FFD12388C74@eris.apache.org>,chenpei
Mon Sep 24 22:07:41 2012,http://mail-archives.apache.org/mod_mbox/ctakes-commits/201209.mbox/<20120924220607.3FFD12388C74@eris.apache.org>,chenpei
Mon Sep 24 22:07:41 2012,http://mail-archives.apache.org/mod_mbox/ctakes-commits/201209.mbox/<20120924220607.3FFD12388C74@eris.apache.org>,chenpei
Mon Sep 24 22:07:41 2012,http://mail-archives.apache.org/mod_mbox/ctakes-commits/201209.mbox/<20120924220607.3FFD12388C74@eris.apache.org>,chenpei
Mon Sep 24 22:07:41 2012,http://mail-archives.apache.org/mod_mbox/ctakes-commits/201209.mbox/<20120924220607.3FFD12388C74@eris.apache.org>,chenpei
Mon Sep 24 22:07:41 2012,http://mail-archives.apache.org/mod_mbox/ctakes-commits/201209.mbox/<20120924220607.3FFD12388C74@eris.apache.org>,chenpei
Mon Sep 24 22:07:41 2012,http://mail-archives.apache.org/mod_mbox/ctakes-commits/201209.mbox/<20120924220607.3FFD12388C74@eris.apache.org>,chenpei
Mon Sep 24 22:07:41 2012,http://mail-archives.apache.org/mod_mbox/ctakes-commits/201209.mbox/<20120924220607.3FFD12388C74@eris.apache.org>,chenpei
Mon Sep 24 22:07:41 2012,http://mail-archives.apache.org/mod_mbox/ctakes-commits/201209.mbox/<20120924220607.3FFD12388C74@eris.apache.org>,chenpei
Mon Sep 24 22:07:41 2012,http://mail-archives.apache.org/mod_mbox/ctakes-commits/201209.mbox/<20120924220607.3FFD12388C74@eris.apache.org>,chenpei
Mon Sep 24 22:07:41 2012,http://mail-archives.apache.org/mod_mbox/ctakes-commits/201209.mbox/<20120924220607.3FFD12388C74@eris.apache.org>,chenpei
Mon Sep 24 22:07:41 2012,http://mail-archives.apache.org/mod_mbox/ctakes-commits/201209.mbox/<20120924220607.3FFD12388C74@eris.apache.org>,chenpei
Mon Sep 24 22:07:41 2012,http://mail-archives.apache.org/mod_mbox/ctakes-commits/201209.mbox/<20120924220607.3FFD12388C74@eris.apache.org>,chenpei
Mon Sep 24 22:07:41 2012,http://mail-archives.apache.org/mod_mbox/ctakes-commits/201209.mbox/<20120924220607.3FFD12388C74@eris.apache.org>,chenpei
Mon Sep 24 22:07:41 2012,http://mail-archives.apache.org/mod_mbox/ctakes-commits/201209.mbox/<20120924220607.3FFD12388C74@eris.apache.org>,chenpei
Mon Sep 24 22:07:41 2012,http://mail-archives.apache.org/mod_mbox/ctakes-commits/201209.mbox/<20120924220607.3FFD12388C74@eris.apache.org>,chenpei
Mon Sep 24 22:07:41 2012,http://mail-archives.apache.org/mod_mbox/ctakes-commits/201209.mbox/<20120924220607.3FFD12388C74@eris.apache.org>,chenpei
Mon Sep 24 22:07:41 2012,http://mail-archives.apache.org/mod_mbox/ctakes-commits/201209.mbox/<20120924220607.3FFD12388C74@eris.apache.org>,chenpei
Mon Sep 24 22:07:41 2012,http://mail-archives.apache.org/mod_mbox/ctakes-commits/201209.mbox/<20120924220607.3FFD12388C74@eris.apache.org>,chenpei
Mon Sep 24 22:07:41 2012,http://mail-archives.apache.org/mod_mbox/ctakes-commits/201209.mbox/<20120924220607.3FFD12388C74@eris.apache.org>,chenpei
Mon Sep 24 22:07:41 2012,http://mail-archives.apache.org/mod_mbox/ctakes-commits/201209.mbox/<20120924220607.3FFD12388C74@eris.apache.org>,chenpei
Mon Sep 24 22:07:41 2012,http://mail-archives.apache.org/mod_mbox/ctakes-commits/201209.mbox/<20120924220607.3FFD12388C74@eris.apache.org>,chenpei
Mon Sep 24 22:07:41 2012,http://mail-archives.apache.org/mod_mbox/ctakes-commits/201209.mbox/<20120924220607.3FFD12388C74@eris.apache.org>,chenpei
Mon Sep 24 22:07:41 2012,http://mail-archives.apache.org/mod_mbox/ctakes-commits/201209.mbox/<20120924220607.3FFD12388C74@eris.apache.org>,chenpei
Mon Sep 24 22:07:41 2012,http://mail-archives.apache.org/mod_mbox/ctakes-commits/201209.mbox/<20120924220607.3FFD12388C74@eris.apache.org>,chenpei
Mon Sep 24 22:07:41 2012,http://mail-archives.apache.org/mod_mbox/ctakes-commits/201209.mbox/<20120924220607.3FFD12388C74@eris.apache.org>,chenpei
Mon Sep 24 22:07:41 2012,http://mail-archives.apache.org/mod_mbox/ctakes-commits/201209.mbox/<20120924220607.3FFD12388C74@eris.apache.org>,chenpei
Mon Sep 24 22:07:41 2012,http://mail-archives.apache.org/mod_mbox/ctakes-commits/201209.mbox/<20120924220607.3FFD12388C74@eris.apache.org>,chenpei
Mon Sep 24 22:07:41 2012,http://mail-archives.apache.org/mod_mbox/ctakes-commits/201209.mbox/<20120924220607.3FFD12388C74@eris.apache.org>,chenpei
Mon Sep 24 22:07:41 2012,http://mail-archives.apache.org/mod_mbox/ctakes-commits/201209.mbox/<20120924220607.3FFD12388C74@eris.apache.org>,chenpei
Mon Sep 24 22:07:41 2012,http://mail-archives.apache.org/mod_mbox/ctakes-commits/201209.mbox/<20120924220607.3FFD12388C74@eris.apache.org>,chenpei
Mon Sep 24 22:07:41 2012,http://mail-archives.apache.org/mod_mbox/ctakes-commits/201209.mbox/<20120924220607.3FFD12388C74@eris.apache.org>,chenpei
Mon Sep 24 22:07:41 2012,http://mail-archives.apache.org/mod_mbox/ctakes-commits/201209.mbox/<20120924220607.3FFD12388C74@eris.apache.org>,chenpei
Mon Sep 24 22:07:41 2012,http://mail-archives.apache.org/mod_mbox/ctakes-commits/201209.mbox/<20120924220607.3FFD12388C74@eris.apache.org>,chenpei
Mon Sep 24 22:07:41 2012,http://mail-archives.apache.org/mod_mbox/ctakes-commits/201209.mbox/<20120924220607.3FFD12388C74@eris.apache.org>,chenpei
Mon Sep 24 22:07:41 2012,http://mail-archives.apache.org/mod_mbox/ctakes-commits/201209.mbox/<20120924220607.3FFD12388C74@eris.apache.org>,chenpei
Mon Sep 24 22:07:41 2012,http://mail-archives.apache.org/mod_mbox/ctakes-commits/201209.mbox/<20120924220607.3FFD12388C74@eris.apache.org>,chenpei
Mon Sep 24 22:07:41 2012,http://mail-archives.apache.org/mod_mbox/ctakes-commits/201209.mbox/<20120924220607.3FFD12388C74@eris.apache.org>,chenpei
Mon Sep 24 22:07:41 2012,http://mail-archives.apache.org/mod_mbox/ctakes-commits/201209.mbox/<20120924220607.3FFD12388C74@eris.apache.org>,chenpei
Mon Sep 24 22:07:41 2012,http://mail-archives.apache.org/mod_mbox/ctakes-commits/201209.mbox/<20120924220607.3FFD12388C74@eris.apache.org>,chenpei
Mon Sep 24 22:07:41 2012,http://mail-archives.apache.org/mod_mbox/ctakes-commits/201209.mbox/<20120924220607.3FFD12388C74@eris.apache.org>,chenpei
Mon Sep 24 22:07:41 2012,http://mail-archives.apache.org/mod_mbox/ctakes-commits/201209.mbox/<20120924220607.3FFD12388C74@eris.apache.org>,chenpei
Mon Sep 24 22:07:41 2012,http://mail-archives.apache.org/mod_mbox/ctakes-commits/201209.mbox/<20120924220607.3FFD12388C74@eris.apache.org>,chenpei
Mon Sep 24 22:07:41 2012,http://mail-archives.apache.org/mod_mbox/ctakes-commits/201209.mbox/<20120924220607.3FFD12388C74@eris.apache.org>,chenpei
Mon Sep 24 22:07:41 2012,http://mail-archives.apache.org/mod_mbox/ctakes-commits/201209.mbox/<20120924220607.3FFD12388C74@eris.apache.org>,chenpei
Mon Sep 24 22:07:41 2012,http://mail-archives.apache.org/mod_mbox/ctakes-commits/201209.mbox/<20120924220607.3FFD12388C74@eris.apache.org>,chenpei
Mon Sep 24 22:07:41 2012,http://mail-archives.apache.org/mod_mbox/ctakes-commits/201209.mbox/<20120924220607.3FFD12388C74@eris.apache.org>,chenpei
Mon Sep 24 22:07:41 2012,http://mail-archives.apache.org/mod_mbox/ctakes-commits/201209.mbox/<20120924220607.3FFD12388C74@eris.apache.org>,chenpei
Mon Sep 24 22:07:41 2012,http://mail-archives.apache.org/mod_mbox/ctakes-commits/201209.mbox/<20120924220607.3FFD12388C74@eris.apache.org>,chenpei
Mon Sep 24 22:07:41 2012,http://mail-archives.apache.org/mod_mbox/ctakes-commits/201209.mbox/<20120924220607.3FFD12388C74@eris.apache.org>,chenpei
Mon Sep 24 22:07:41 2012,http://mail-archives.apache.org/mod_mbox/ctakes-commits/201209.mbox/<20120924220607.3FFD12388C74@eris.apache.org>,chenpei
Mon Sep 24 22:07:41 2012,http://mail-archives.apache.org/mod_mbox/ctakes-commits/201209.mbox/<20120924220607.3FFD12388C74@eris.apache.org>,chenpei
Mon Sep 24 22:07:41 2012,http://mail-archives.apache.org/mod_mbox/ctakes-commits/201209.mbox/<20120924220607.3FFD12388C74@eris.apache.org>,chenpei
Mon Sep 24 22:07:41 2012,http://mail-archives.apache.org/mod_mbox/ctakes-commits/201209.mbox/<20120924220607.3FFD12388C74@eris.apache.org>,chenpei
Mon Sep 24 22:07:41 2012,http://mail-archives.apache.org/mod_mbox/ctakes-commits/201209.mbox/<20120924220607.3FFD12388C74@eris.apache.org>,chenpei
Mon Sep 24 22:07:41 2012,http://mail-archives.apache.org/mod_mbox/ctakes-commits/201209.mbox/<20120924220607.3FFD12388C74@eris.apache.org>,chenpei
Mon Sep 24 22:07:41 2012,http://mail-archives.apache.org/mod_mbox/ctakes-commits/201209.mbox/<20120924220607.3FFD12388C74@eris.apache.org>,chenpei
Mon Sep 24 22:07:41 2012,http://mail-archives.apache.org/mod_mbox/ctakes-commits/201209.mbox/<20120924220607.3FFD12388C74@eris.apache.org>,chenpei
Mon Sep 24 22:07:41 2012,http://mail-archives.apache.org/mod_mbox/ctakes-commits/201209.mbox/<20120924220607.3FFD12388C74@eris.apache.org>,chenpei
Mon Sep 24 22:07:41 2012,http://mail-archives.apache.org/mod_mbox/ctakes-commits/201209.mbox/<20120924220607.3FFD12388C74@eris.apache.org>,chenpei
Mon Sep 24 22:07:41 2012,http://mail-archives.apache.org/mod_mbox/ctakes-commits/201209.mbox/<20120924220607.3FFD12388C74@eris.apache.org>,chenpei
Mon Sep 24 22:07:41 2012,http://mail-archives.apache.org/mod_mbox/ctakes-commits/201209.mbox/<20120924220607.3FFD12388C74@eris.apache.org>,chenpei
Mon Sep 24 22:07:41 2012,http://mail-archives.apache.org/mod_mbox/ctakes-commits/201209.mbox/<20120924220607.3FFD12388C74@eris.apache.org>,chenpei
Mon Sep 24 22:07:41 2012,http://mail-archives.apache.org/mod_mbox/ctakes-commits/201209.mbox/<20120924220607.3FFD12388C74@eris.apache.org>,chenpei
Mon Sep 24 22:07:41 2012,http://mail-archives.apache.org/mod_mbox/ctakes-commits/201209.mbox/<20120924220607.3FFD12388C74@eris.apache.org>,chenpei
Mon Sep 24 22:07:41 2012,http://mail-archives.apache.org/mod_mbox/ctakes-commits/201209.mbox/<20120924220607.3FFD12388C74@eris.apache.org>,chenpei
Mon Sep 24 22:07:41 2012,http://mail-archives.apache.org/mod_mbox/ctakes-commits/201209.mbox/<20120924220607.3FFD12388C74@eris.apache.org>,chenpei
Mon Sep 24 22:07:41 2012,http://mail-archives.apache.org/mod_mbox/ctakes-commits/201209.mbox/<20120924220607.3FFD12388C74@eris.apache.org>,chenpei
Mon Sep 24 22:07:41 2012,http://mail-archives.apache.org/mod_mbox/ctakes-commits/201209.mbox/<20120924220607.3FFD12388C74@eris.apache.org>,chenpei
Mon Sep 24 22:07:41 2012,http://mail-archives.apache.org/mod_mbox/ctakes-commits/201209.mbox/<20120924220607.3FFD12388C74@eris.apache.org>,chenpei
Mon Sep 24 22:07:41 2012,http://mail-archives.apache.org/mod_mbox/ctakes-commits/201209.mbox/<20120924220607.3FFD12388C74@eris.apache.org>,chenpei
Mon Sep 24 22:07:41 2012,http://mail-archives.apache.org/mod_mbox/ctakes-commits/201209.mbox/<20120924220607.3FFD12388C74@eris.apache.org>,chenpei
Mon Sep 24 22:07:41 2012,http://mail-archives.apache.org/mod_mbox/ctakes-commits/201209.mbox/<20120924220607.3FFD12388C74@eris.apache.org>,chenpei
Mon Sep 24 22:07:41 2012,http://mail-archives.apache.org/mod_mbox/ctakes-commits/201209.mbox/<20120924220607.3FFD12388C74@eris.apache.org>,chenpei
Mon Sep 24 22:07:41 2012,http://mail-archives.apache.org/mod_mbox/ctakes-commits/201209.mbox/<20120924220607.3FFD12388C74@eris.apache.org>,chenpei
Mon Sep 24 22:07:41 2012,http://mail-archives.apache.org/mod_mbox/ctakes-commits/201209.mbox/<20120924220607.3FFD12388C74@eris.apache.org>,chenpei
Mon Sep 24 22:07:41 2012,http://mail-archives.apache.org/mod_mbox/ctakes-commits/201209.mbox/<20120924220607.3FFD12388C74@eris.apache.org>,chenpei
Mon Sep 24 22:07:41 2012,http://mail-archives.apache.org/mod_mbox/ctakes-commits/201209.mbox/<20120924220607.3FFD12388C74@eris.apache.org>,chenpei
Mon Sep 24 22:07:41 2012,http://mail-archives.apache.org/mod_mbox/ctakes-commits/201209.mbox/<20120924220607.3FFD12388C74@eris.apache.org>,chenpei
Mon Sep 24 22:07:41 2012,http://mail-archives.apache.org/mod_mbox/ctakes-commits/201209.mbox/<20120924220607.3FFD12388C74@eris.apache.org>,chenpei
Mon Sep 24 22:07:41 2012,http://mail-archives.apache.org/mod_mbox/ctakes-commits/201209.mbox/<20120924220607.3FFD12388C74@eris.apache.org>,chenpei
Mon Sep 24 22:07:41 2012,http://mail-archives.apache.org/mod_mbox/ctakes-commits/201209.mbox/<20120924220607.3FFD12388C74@eris.apache.org>,chenpei
Mon Sep 24 22:07:41 2012,http://mail-archives.apache.org/mod_mbox/ctakes-commits/201209.mbox/<20120924220607.2E7312388C70@eris.apache.org>,chenpei
Mon Sep 24 22:07:41 2012,http://mail-archives.apache.org/mod_mbox/ctakes-commits/201209.mbox/<20120924220607.27C382388C6D@eris.apache.org>,chenpei
Mon Sep 24 22:07:41 2012,http://mail-archives.apache.org/mod_mbox/ctakes-commits/201209.mbox/<20120924220607.2E7312388C70@eris.apache.org>,chenpei
Mon Sep 24 22:07:41 2012,http://mail-archives.apache.org/mod_mbox/ctakes-commits/201209.mbox/<20120924220607.2E7312388C70@eris.apache.org>,chenpei
Mon Sep 24 22:07:41 2012,http://mail-archives.apache.org/mod_mbox/ctakes-commits/201209.mbox/<20120924220607.2E7312388C70@eris.apache.org>,chenpei
Mon Sep 24 22:07:41 2012,http://mail-archives.apache.org/mod_mbox/ctakes-commits/201209.mbox/<20120924220607.2E7312388C70@eris.apache.org>,chenpei
Mon Sep 24 22:07:41 2012,http://mail-archives.apache.org/mod_mbox/ctakes-commits/201209.mbox/<20120924220607.2E7312388C70@eris.apache.org>,chenpei
Mon Sep 24 22:07:41 2012,http://mail-archives.apache.org/mod_mbox/ctakes-commits/201209.mbox/<20120924220607.2E7312388C70@eris.apache.org>,chenpei
Mon Sep 24 22:07:41 2012,http://mail-archives.apache.org/mod_mbox/ctakes-commits/201209.mbox/<20120924220607.2E7312388C70@eris.apache.org>,chenpei
Mon Sep 24 22:07:41 2012,http://mail-archives.apache.org/mod_mbox/ctakes-commits/201209.mbox/<20120924220607.2E7312388C70@eris.apache.org>,chenpei
Mon Sep 24 22:07:41 2012,http://mail-archives.apache.org/mod_mbox/ctakes-commits/201209.mbox/<20120924220607.2E7312388C70@eris.apache.org>,chenpei
Mon Sep 24 22:07:41 2012,http://mail-archives.apache.org/mod_mbox/ctakes-commits/201209.mbox/<20120924220607.2E7312388C70@eris.apache.org>,chenpei
Mon Sep 24 22:07:41 2012,http://mail-archives.apache.org/mod_mbox/ctakes-commits/201209.mbox/<20120924220607.2E7312388C70@eris.apache.org>,chenpei
Mon Sep 24 22:07:41 2012,http://mail-archives.apache.org/mod_mbox/ctakes-commits/201209.mbox/<20120924220607.2E7312388C70@eris.apache.org>,chenpei
Mon Sep 24 22:07:41 2012,http://mail-archives.apache.org/mod_mbox/ctakes-commits/201209.mbox/<20120924220607.2E7312388C70@eris.apache.org>,chenpei
Mon Sep 24 22:07:41 2012,http://mail-archives.apache.org/mod_mbox/ctakes-commits/201209.mbox/<20120924220607.2E7312388C70@eris.apache.org>,chenpei
Mon Sep 24 22:07:41 2012,http://mail-archives.apache.org/mod_mbox/ctakes-commits/201209.mbox/<20120924220607.2E7312388C70@eris.apache.org>,chenpei
Mon Sep 24 22:07:41 2012,http://mail-archives.apache.org/mod_mbox/ctakes-commits/201209.mbox/<20120924220607.2E7312388C70@eris.apache.org>,chenpei
Mon Sep 24 22:07:41 2012,http://mail-archives.apache.org/mod_mbox/ctakes-commits/201209.mbox/<20120924220607.2E7312388C70@eris.apache.org>,chenpei
Mon Sep 24 22:07:41 2012,http://mail-archives.apache.org/mod_mbox/ctakes-commits/201209.mbox/<20120924220607.2E7312388C70@eris.apache.org>,chenpei
Mon Sep 24 22:07:41 2012,http://mail-archives.apache.org/mod_mbox/ctakes-commits/201209.mbox/<20120924220607.2E7312388C70@eris.apache.org>,chenpei
Mon Sep 24 22:07:41 2012,http://mail-archives.apache.org/mod_mbox/ctakes-commits/201209.mbox/<20120924220607.2E7312388C70@eris.apache.org>,chenpei
Mon Sep 24 22:07:41 2012,http://mail-archives.apache.org/mod_mbox/ctakes-commits/201209.mbox/<20120924220607.2E7312388C70@eris.apache.org>,chenpei
Mon Sep 24 22:07:41 2012,http://mail-archives.apache.org/mod_mbox/ctakes-commits/201209.mbox/<20120924220607.2E7312388C70@eris.apache.org>,chenpei
Mon Sep 24 22:07:41 2012,http://mail-archives.apache.org/mod_mbox/ctakes-commits/201209.mbox/<20120924220607.2E7312388C70@eris.apache.org>,chenpei
Mon Sep 24 22:07:41 2012,http://mail-archives.apache.org/mod_mbox/ctakes-commits/201209.mbox/<20120924220607.2E7312388C70@eris.apache.org>,chenpei
Mon Sep 24 22:07:41 2012,http://mail-archives.apache.org/mod_mbox/ctakes-commits/201209.mbox/<20120924220607.2E7312388C70@eris.apache.org>,chenpei
Mon Sep 24 22:07:41 2012,http://mail-archives.apache.org/mod_mbox/ctakes-commits/201209.mbox/<20120924220607.2E7312388C70@eris.apache.org>,chenpei
Mon Sep 24 22:07:41 2012,http://mail-archives.apache.org/mod_mbox/ctakes-commits/201209.mbox/<20120924220607.2E7312388C70@eris.apache.org>,chenpei
Mon Sep 24 22:07:41 2012,http://mail-archives.apache.org/mod_mbox/ctakes-commits/201209.mbox/<20120924220607.2E7312388C70@eris.apache.org>,chenpei
Mon Sep 24 22:07:41 2012,http://mail-archives.apache.org/mod_mbox/ctakes-commits/201209.mbox/<20120924220607.2E7312388C70@eris.apache.org>,chenpei
Mon Sep 24 22:07:41 2012,http://mail-archives.apache.org/mod_mbox/ctakes-commits/201209.mbox/<20120924220607.2E7312388C70@eris.apache.org>,chenpei
Mon Sep 24 22:07:41 2012,http://mail-archives.apache.org/mod_mbox/ctakes-commits/201209.mbox/<20120924220607.2E7312388C70@eris.apache.org>,chenpei
Mon Sep 24 22:07:41 2012,http://mail-archives.apache.org/mod_mbox/ctakes-commits/201209.mbox/<20120924220607.2E7312388C70@eris.apache.org>,chenpei
Mon Sep 24 22:07:41 2012,http://mail-archives.apache.org/mod_mbox/ctakes-commits/201209.mbox/<20120924220607.2E7312388C70@eris.apache.org>,chenpei
Mon Sep 24 22:07:41 2012,http://mail-archives.apache.org/mod_mbox/ctakes-commits/201209.mbox/<20120924220607.2E7312388C70@eris.apache.org>,chenpei
Mon Sep 24 22:07:41 2012,http://mail-archives.apache.org/mod_mbox/ctakes-commits/201209.mbox/<20120924220607.2E7312388C70@eris.apache.org>,chenpei
Mon Sep 24 22:07:41 2012,http://mail-archives.apache.org/mod_mbox/ctakes-commits/201209.mbox/<20120924220607.2E7312388C70@eris.apache.org>,chenpei
Mon Sep 24 22:07:41 2012,http://mail-archives.apache.org/mod_mbox/ctakes-commits/201209.mbox/<20120924220607.2E7312388C70@eris.apache.org>,chenpei
Mon Sep 24 22:07:41 2012,http://mail-archives.apache.org/mod_mbox/ctakes-commits/201209.mbox/<20120924220607.2E7312388C70@eris.apache.org>,chenpei
Mon Sep 24 22:07:41 2012,http://mail-archives.apache.org/mod_mbox/ctakes-commits/201209.mbox/<20120924220607.2E7312388C70@eris.apache.org>,chenpei
Mon Sep 24 22:07:41 2012,http://mail-archives.apache.org/mod_mbox/ctakes-commits/201209.mbox/<20120924220607.2E7312388C70@eris.apache.org>,chenpei
Mon Sep 24 22:07:41 2012,http://mail-archives.apache.org/mod_mbox/ctakes-commits/201209.mbox/<20120924220607.2E7312388C70@eris.apache.org>,chenpei
Mon Sep 24 22:07:41 2012,http://mail-archives.apache.org/mod_mbox/ctakes-commits/201209.mbox/<20120924220607.2E7312388C70@eris.apache.org>,chenpei
Mon Sep 24 22:07:41 2012,http://mail-archives.apache.org/mod_mbox/ctakes-commits/201209.mbox/<20120924220607.2E7312388C70@eris.apache.org>,chenpei
Mon Sep 24 22:07:41 2012,http://mail-archives.apache.org/mod_mbox/ctakes-commits/201209.mbox/<20120924220607.2E7312388C70@eris.apache.org>,chenpei
Mon Sep 24 22:07:41 2012,http://mail-archives.apache.org/mod_mbox/ctakes-commits/201209.mbox/<20120924220607.2E7312388C70@eris.apache.org>,chenpei
Mon Sep 24 22:07:41 2012,http://mail-archives.apache.org/mod_mbox/ctakes-commits/201209.mbox/<20120924220607.2E7312388C70@eris.apache.org>,chenpei
Mon Sep 24 22:07:41 2012,http://mail-archives.apache.org/mod_mbox/ctakes-commits/201209.mbox/<20120924220607.2E7312388C70@eris.apache.org>,chenpei
Mon Sep 24 22:07:41 2012,http://mail-archives.apache.org/mod_mbox/ctakes-commits/201209.mbox/<20120924220607.2E7312388C70@eris.apache.org>,chenpei
Mon Sep 24 22:07:41 2012,http://mail-archives.apache.org/mod_mbox/ctakes-commits/201209.mbox/<20120924220607.2E7312388C70@eris.apache.org>,chenpei
Mon Sep 24 22:07:41 2012,http://mail-archives.apache.org/mod_mbox/ctakes-commits/201209.mbox/<20120924220607.2E7312388C70@eris.apache.org>,chenpei
Mon Sep 24 22:07:41 2012,http://mail-archives.apache.org/mod_mbox/ctakes-commits/201209.mbox/<20120924220607.2E7312388C70@eris.apache.org>,chenpei
Mon Sep 24 22:07:41 2012,http://mail-archives.apache.org/mod_mbox/ctakes-commits/201209.mbox/<20120924220607.2E7312388C70@eris.apache.org>,chenpei
Mon Sep 24 22:07:41 2012,http://mail-archives.apache.org/mod_mbox/ctakes-commits/201209.mbox/<20120924220607.2E7312388C70@eris.apache.org>,chenpei
Mon Sep 24 22:07:41 2012,http://mail-archives.apache.org/mod_mbox/ctakes-commits/201209.mbox/<20120924220607.2E7312388C70@eris.apache.org>,chenpei
Mon Sep 24 22:07:41 2012,http://mail-archives.apache.org/mod_mbox/ctakes-commits/201209.mbox/<20120924220607.2E7312388C70@eris.apache.org>,chenpei
Mon Sep 24 22:07:41 2012,http://mail-archives.apache.org/mod_mbox/ctakes-commits/201209.mbox/<20120924220607.2E7312388C70@eris.apache.org>,chenpei
Mon Sep 24 22:07:41 2012,http://mail-archives.apache.org/mod_mbox/ctakes-commits/201209.mbox/<20120924220607.2E7312388C70@eris.apache.org>,chenpei
Mon Sep 24 22:07:41 2012,http://mail-archives.apache.org/mod_mbox/ctakes-commits/201209.mbox/<20120924220607.2E7312388C70@eris.apache.org>,chenpei
Mon Sep 24 22:07:41 2012,http://mail-archives.apache.org/mod_mbox/ctakes-commits/201209.mbox/<20120924220607.2E7312388C70@eris.apache.org>,chenpei
Mon Sep 24 22:07:41 2012,http://mail-archives.apache.org/mod_mbox/ctakes-commits/201209.mbox/<20120924220607.2E7312388C70@eris.apache.org>,chenpei
Mon Sep 24 22:07:41 2012,http://mail-archives.apache.org/mod_mbox/ctakes-commits/201209.mbox/<20120924220607.2E7312388C70@eris.apache.org>,chenpei
Mon Sep 24 22:07:41 2012,http://mail-archives.apache.org/mod_mbox/ctakes-commits/201209.mbox/<20120924220607.2E7312388C70@eris.apache.org>,chenpei
Mon Sep 24 22:07:41 2012,http://mail-archives.apache.org/mod_mbox/ctakes-commits/201209.mbox/<20120924220607.2E7312388C70@eris.apache.org>,chenpei
Mon Sep 24 22:07:41 2012,http://mail-archives.apache.org/mod_mbox/ctakes-commits/201209.mbox/<20120924220607.2E7312388C70@eris.apache.org>,chenpei
Mon Sep 24 22:07:41 2012,http://mail-archives.apache.org/mod_mbox/ctakes-commits/201209.mbox/<20120924220607.2E7312388C70@eris.apache.org>,chenpei
Mon Sep 24 22:07:41 2012,http://mail-archives.apache.org/mod_mbox/ctakes-commits/201209.mbox/<20120924220607.2E7312388C70@eris.apache.org>,chenpei
Mon Sep 24 22:07:41 2012,http://mail-archives.apache.org/mod_mbox/ctakes-commits/201209.mbox/<20120924220607.2E7312388C70@eris.apache.org>,chenpei
Mon Sep 24 22:07:41 2012,http://mail-archives.apache.org/mod_mbox/ctakes-commits/201209.mbox/<20120924220607.2E7312388C70@eris.apache.org>,chenpei
Mon Sep 24 22:07:41 2012,http://mail-archives.apache.org/mod_mbox/ctakes-commits/201209.mbox/<20120924220607.2E7312388C70@eris.apache.org>,chenpei
Mon Sep 24 22:07:41 2012,http://mail-archives.apache.org/mod_mbox/ctakes-commits/201209.mbox/<20120924220607.2E7312388C70@eris.apache.org>,chenpei
Mon Sep 24 22:07:41 2012,http://mail-archives.apache.org/mod_mbox/ctakes-commits/201209.mbox/<20120924220607.2E7312388C70@eris.apache.org>,chenpei
Mon Sep 24 22:07:41 2012,http://mail-archives.apache.org/mod_mbox/ctakes-commits/201209.mbox/<20120924220607.2E7312388C70@eris.apache.org>,chenpei
Mon Sep 24 22:07:41 2012,http://mail-archives.apache.org/mod_mbox/ctakes-commits/201209.mbox/<20120924220607.2E7312388C70@eris.apache.org>,chenpei
Mon Sep 24 22:07:41 2012,http://mail-archives.apache.org/mod_mbox/ctakes-commits/201209.mbox/<20120924220607.2E7312388C70@eris.apache.org>,chenpei
Mon Sep 24 22:07:41 2012,http://mail-archives.apache.org/mod_mbox/ctakes-commits/201209.mbox/<20120924220607.2E7312388C70@eris.apache.org>,chenpei
Mon Sep 24 22:07:41 2012,http://mail-archives.apache.org/mod_mbox/ctakes-commits/201209.mbox/<20120924220607.2E7312388C70@eris.apache.org>,chenpei
Mon Sep 24 22:07:41 2012,http://mail-archives.apache.org/mod_mbox/ctakes-commits/201209.mbox/<20120924220607.2E7312388C70@eris.apache.org>,chenpei
Mon Sep 24 22:07:41 2012,http://mail-archives.apache.org/mod_mbox/ctakes-commits/201209.mbox/<20120924220607.2E7312388C70@eris.apache.org>,chenpei
Mon Sep 24 22:07:41 2012,http://mail-archives.apache.org/mod_mbox/ctakes-commits/201209.mbox/<20120924220607.2E7312388C70@eris.apache.org>,chenpei
Mon Sep 24 22:07:41 2012,http://mail-archives.apache.org/mod_mbox/ctakes-commits/201209.mbox/<20120924220607.2E7312388C70@eris.apache.org>,chenpei
Mon Sep 24 22:07:41 2012,http://mail-archives.apache.org/mod_mbox/ctakes-commits/201209.mbox/<20120924220607.2E7312388C70@eris.apache.org>,chenpei
Mon Sep 24 22:07:41 2012,http://mail-archives.apache.org/mod_mbox/ctakes-commits/201209.mbox/<20120924220607.2E7312388C70@eris.apache.org>,chenpei
Mon Sep 24 22:07:41 2012,http://mail-archives.apache.org/mod_mbox/ctakes-commits/201209.mbox/<20120924220607.2E7312388C70@eris.apache.org>,chenpei
Mon Sep 24 22:07:41 2012,http://mail-archives.apache.org/mod_mbox/ctakes-commits/201209.mbox/<20120924220607.2E7312388C70@eris.apache.org>,chenpei
Mon Sep 24 22:07:41 2012,http://mail-archives.apache.org/mod_mbox/ctakes-commits/201209.mbox/<20120924220607.2E7312388C70@eris.apache.org>,chenpei
Mon Sep 24 22:07:41 2012,http://mail-archives.apache.org/mod_mbox/ctakes-commits/201209.mbox/<20120924220607.2E7312388C70@eris.apache.org>,chenpei
Mon Sep 24 22:07:41 2012,http://mail-archives.apache.org/mod_mbox/ctakes-commits/201209.mbox/<20120924220607.2E7312388C70@eris.apache.org>,chenpei
Mon Sep 24 22:07:41 2012,http://mail-archives.apache.org/mod_mbox/ctakes-commits/201209.mbox/<20120924220607.2E7312388C70@eris.apache.org>,chenpei
Mon Sep 24 22:07:41 2012,http://mail-archives.apache.org/mod_mbox/ctakes-commits/201209.mbox/<20120924220607.2E7312388C70@eris.apache.org>,chenpei
Mon Sep 24 22:07:41 2012,http://mail-archives.apache.org/mod_mbox/ctakes-commits/201209.mbox/<20120924220607.2E7312388C70@eris.apache.org>,chenpei
Mon Sep 24 22:07:41 2012,http://mail-archives.apache.org/mod_mbox/ctakes-commits/201209.mbox/<20120924220607.2E7312388C70@eris.apache.org>,chenpei
Mon Sep 24 22:07:41 2012,http://mail-archives.apache.org/mod_mbox/ctakes-commits/201209.mbox/<20120924220607.2E7312388C70@eris.apache.org>,chenpei
Mon Sep 24 22:07:41 2012,http://mail-archives.apache.org/mod_mbox/ctakes-commits/201209.mbox/<20120924220607.2E7312388C70@eris.apache.org>,chenpei
Mon Sep 24 22:07:41 2012,http://mail-archives.apache.org/mod_mbox/ctakes-commits/201209.mbox/<20120924220607.2E7312388C70@eris.apache.org>,chenpei
Mon Sep 24 22:07:41 2012,http://mail-archives.apache.org/mod_mbox/ctakes-commits/201209.mbox/<20120924220607.2E7312388C70@eris.apache.org>,chenpei
Mon Sep 24 22:07:41 2012,http://mail-archives.apache.org/mod_mbox/ctakes-commits/201209.mbox/<20120924220607.2E7312388C70@eris.apache.org>,chenpei
Mon Sep 24 22:07:41 2012,http://mail-archives.apache.org/mod_mbox/ctakes-commits/201209.mbox/<20120924220607.2E7312388C70@eris.apache.org>,chenpei
Mon Sep 24 22:07:41 2012,http://mail-archives.apache.org/mod_mbox/ctakes-commits/201209.mbox/<20120924220607.2E7312388C70@eris.apache.org>,chenpei
Mon Sep 24 22:07:41 2012,http://mail-archives.apache.org/mod_mbox/ctakes-commits/201209.mbox/<20120924220607.2E7312388C70@eris.apache.org>,chenpei
Mon Sep 24 22:07:41 2012,http://mail-archives.apache.org/mod_mbox/ctakes-commits/201209.mbox/<20120924220607.2E7312388C70@eris.apache.org>,chenpei
Mon Sep 24 22:07:41 2012,http://mail-archives.apache.org/mod_mbox/ctakes-commits/201209.mbox/<20120924220607.2E7312388C70@eris.apache.org>,chenpei
Mon Sep 24 22:07:41 2012,http://mail-archives.apache.org/mod_mbox/ctakes-commits/201209.mbox/<20120924220607.2E7312388C70@eris.apache.org>,chenpei
Mon Sep 24 22:07:41 2012,http://mail-archives.apache.org/mod_mbox/ctakes-commits/201209.mbox/<20120924220607.2E7312388C70@eris.apache.org>,chenpei
Mon Sep 24 22:07:41 2012,http://mail-archives.apache.org/mod_mbox/ctakes-commits/201209.mbox/<20120924220607.2E7312388C70@eris.apache.org>,chenpei
Mon Sep 24 22:07:41 2012,http://mail-archives.apache.org/mod_mbox/ctakes-commits/201209.mbox/<20120924220607.2E7312388C70@eris.apache.org>,chenpei
Mon Sep 24 22:07:41 2012,http://mail-archives.apache.org/mod_mbox/ctakes-commits/201209.mbox/<20120924220607.2E7312388C70@eris.apache.org>,chenpei
Mon Sep 24 22:07:41 2012,http://mail-archives.apache.org/mod_mbox/ctakes-commits/201209.mbox/<20120924220607.2E7312388C70@eris.apache.org>,chenpei
Mon Sep 24 22:07:41 2012,http://mail-archives.apache.org/mod_mbox/ctakes-commits/201209.mbox/<20120924220607.2E7312388C70@eris.apache.org>,chenpei
Mon Sep 24 22:07:41 2012,http://mail-archives.apache.org/mod_mbox/ctakes-commits/201209.mbox/<20120924220607.2E7312388C70@eris.apache.org>,chenpei
Mon Sep 24 22:07:41 2012,http://mail-archives.apache.org/mod_mbox/ctakes-commits/201209.mbox/<20120924220607.2E7312388C70@eris.apache.org>,chenpei
Mon Sep 24 22:07:41 2012,http://mail-archives.apache.org/mod_mbox/ctakes-commits/201209.mbox/<20120924220607.2E7312388C70@eris.apache.org>,chenpei
Mon Sep 24 22:07:41 2012,http://mail-archives.apache.org/mod_mbox/ctakes-commits/201209.mbox/<20120924220607.2E7312388C70@eris.apache.org>,chenpei
Mon Sep 24 22:07:41 2012,http://mail-archives.apache.org/mod_mbox/ctakes-commits/201209.mbox/<20120924220607.2E7312388C70@eris.apache.org>,chenpei
Mon Sep 24 22:07:41 2012,http://mail-archives.apache.org/mod_mbox/ctakes-commits/201209.mbox/<20120924220607.2E7312388C70@eris.apache.org>,chenpei
Mon Sep 24 22:07:41 2012,http://mail-archives.apache.org/mod_mbox/ctakes-commits/201209.mbox/<20120924220607.2E7312388C70@eris.apache.org>,chenpei
Mon Sep 24 22:07:41 2012,http://mail-archives.apache.org/mod_mbox/ctakes-commits/201209.mbox/<20120924220607.2E7312388C70@eris.apache.org>,chenpei
Mon Sep 24 22:07:41 2012,http://mail-archives.apache.org/mod_mbox/ctakes-commits/201209.mbox/<20120924220607.2E7312388C70@eris.apache.org>,chenpei
Mon Sep 24 22:07:41 2012,http://mail-archives.apache.org/mod_mbox/ctakes-commits/201209.mbox/<20120924220607.2E7312388C70@eris.apache.org>,chenpei
Mon Sep 24 22:07:41 2012,http://mail-archives.apache.org/mod_mbox/ctakes-commits/201209.mbox/<20120924220607.2E7312388C70@eris.apache.org>,chenpei
Mon Sep 24 22:07:41 2012,http://mail-archives.apache.org/mod_mbox/ctakes-commits/201209.mbox/<20120924220607.2E7312388C70@eris.apache.org>,chenpei
Mon Sep 24 22:07:41 2012,http://mail-archives.apache.org/mod_mbox/ctakes-commits/201209.mbox/<20120924220607.2E7312388C70@eris.apache.org>,chenpei
Mon Sep 24 22:07:41 2012,http://mail-archives.apache.org/mod_mbox/ctakes-commits/201209.mbox/<20120924220607.2E7312388C70@eris.apache.org>,chenpei
Mon Sep 24 22:07:41 2012,http://mail-archives.apache.org/mod_mbox/ctakes-commits/201209.mbox/<20120924220607.2E7312388C70@eris.apache.org>,chenpei
Mon Sep 24 22:07:41 2012,http://mail-archives.apache.org/mod_mbox/ctakes-commits/201209.mbox/<20120924220607.2E7312388C70@eris.apache.org>,chenpei
Mon Sep 24 22:07:41 2012,http://mail-archives.apache.org/mod_mbox/ctakes-commits/201209.mbox/<20120924220607.2E7312388C70@eris.apache.org>,chenpei
Mon Sep 24 22:07:41 2012,http://mail-archives.apache.org/mod_mbox/ctakes-commits/201209.mbox/<20120924220607.2E7312388C70@eris.apache.org>,chenpei
Mon Sep 24 22:07:41 2012,http://mail-archives.apache.org/mod_mbox/ctakes-commits/201209.mbox/<20120924220607.2E7312388C70@eris.apache.org>,chenpei
Mon Sep 24 22:07:41 2012,http://mail-archives.apache.org/mod_mbox/ctakes-commits/201209.mbox/<20120924220607.2E7312388C70@eris.apache.org>,chenpei
Mon Sep 24 22:07:41 2012,http://mail-archives.apache.org/mod_mbox/ctakes-commits/201209.mbox/<20120924220607.2E7312388C70@eris.apache.org>,chenpei
Mon Sep 24 22:07:41 2012,http://mail-archives.apache.org/mod_mbox/ctakes-commits/201209.mbox/<20120924220607.2E7312388C70@eris.apache.org>,chenpei
Mon Sep 24 22:07:41 2012,http://mail-archives.apache.org/mod_mbox/ctakes-commits/201209.mbox/<20120924220607.2E7312388C70@eris.apache.org>,chenpei
Mon Sep 24 22:07:41 2012,http://mail-archives.apache.org/mod_mbox/ctakes-commits/201209.mbox/<20120924220607.2E7312388C70@eris.apache.org>,chenpei
Mon Sep 24 22:07:41 2012,http://mail-archives.apache.org/mod_mbox/ctakes-commits/201209.mbox/<20120924220607.2E7312388C70@eris.apache.org>,chenpei
Mon Sep 24 22:07:41 2012,http://mail-archives.apache.org/mod_mbox/ctakes-commits/201209.mbox/<20120924220607.2E7312388C70@eris.apache.org>,chenpei
Mon Sep 24 22:07:41 2012,http://mail-archives.apache.org/mod_mbox/ctakes-commits/201209.mbox/<20120924220607.2E7312388C70@eris.apache.org>,chenpei
Mon Sep 24 22:07:41 2012,http://mail-archives.apache.org/mod_mbox/ctakes-commits/201209.mbox/<20120924220607.2E7312388C70@eris.apache.org>,chenpei
Mon Sep 24 22:07:41 2012,http://mail-archives.apache.org/mod_mbox/ctakes-commits/201209.mbox/<20120924220607.2E7312388C70@eris.apache.org>,chenpei
Mon Sep 24 22:07:41 2012,http://mail-archives.apache.org/mod_mbox/ctakes-commits/201209.mbox/<20120924220607.2E7312388C70@eris.apache.org>,chenpei
Mon Sep 24 22:07:41 2012,http://mail-archives.apache.org/mod_mbox/ctakes-commits/201209.mbox/<20120924220607.2E7312388C70@eris.apache.org>,chenpei
Mon Sep 24 22:07:41 2012,http://mail-archives.apache.org/mod_mbox/ctakes-commits/201209.mbox/<20120924220607.2E7312388C70@eris.apache.org>,chenpei
Mon Sep 24 22:07:41 2012,http://mail-archives.apache.org/mod_mbox/ctakes-commits/201209.mbox/<20120924220607.2E7312388C70@eris.apache.org>,chenpei
Mon Sep 24 22:07:41 2012,http://mail-archives.apache.org/mod_mbox/ctakes-commits/201209.mbox/<20120924220607.2E7312388C70@eris.apache.org>,chenpei
Mon Sep 24 22:07:41 2012,http://mail-archives.apache.org/mod_mbox/ctakes-commits/201209.mbox/<20120924220607.2E7312388C70@eris.apache.org>,chenpei
Mon Sep 24 22:07:41 2012,http://mail-archives.apache.org/mod_mbox/ctakes-commits/201209.mbox/<20120924220607.2E7312388C70@eris.apache.org>,chenpei
Mon Sep 24 22:07:41 2012,http://mail-archives.apache.org/mod_mbox/ctakes-commits/201209.mbox/<20120924220607.2E7312388C70@eris.apache.org>,chenpei
Mon Sep 24 22:07:41 2012,http://mail-archives.apache.org/mod_mbox/ctakes-commits/201209.mbox/<20120924220607.2E7312388C70@eris.apache.org>,chenpei
Mon Sep 24 22:07:41 2012,http://mail-archives.apache.org/mod_mbox/ctakes-commits/201209.mbox/<20120924220607.2E7312388C70@eris.apache.org>,chenpei
Mon Sep 24 22:07:41 2012,http://mail-archives.apache.org/mod_mbox/ctakes-commits/201209.mbox/<20120924220607.2E7312388C70@eris.apache.org>,chenpei
Mon Sep 24 22:07:41 2012,http://mail-archives.apache.org/mod_mbox/ctakes-commits/201209.mbox/<20120924220607.2E7312388C70@eris.apache.org>,chenpei
Mon Sep 24 22:07:41 2012,http://mail-archives.apache.org/mod_mbox/ctakes-commits/201209.mbox/<20120924220607.2E7312388C70@eris.apache.org>,chenpei
Mon Sep 24 22:07:41 2012,http://mail-archives.apache.org/mod_mbox/ctakes-commits/201209.mbox/<20120924220607.2E7312388C70@eris.apache.org>,chenpei
Mon Sep 24 22:07:41 2012,http://mail-archives.apache.org/mod_mbox/ctakes-commits/201209.mbox/<20120924220607.2E7312388C70@eris.apache.org>,chenpei
Mon Sep 24 22:07:41 2012,http://mail-archives.apache.org/mod_mbox/ctakes-commits/201209.mbox/<20120924220607.2E7312388C70@eris.apache.org>,chenpei
Mon Sep 24 22:07:41 2012,http://mail-archives.apache.org/mod_mbox/ctakes-commits/201209.mbox/<20120924220607.2E7312388C70@eris.apache.org>,chenpei
Mon Sep 24 22:07:41 2012,http://mail-archives.apache.org/mod_mbox/ctakes-commits/201209.mbox/<20120924220607.2E7312388C70@eris.apache.org>,chenpei
Mon Sep 24 22:07:41 2012,http://mail-archives.apache.org/mod_mbox/ctakes-commits/201209.mbox/<20120924220607.2E7312388C70@eris.apache.org>,chenpei
Mon Sep 24 22:07:41 2012,http://mail-archives.apache.org/mod_mbox/ctakes-commits/201209.mbox/<20120924220607.2E7312388C70@eris.apache.org>,chenpei
Mon Sep 24 22:07:41 2012,http://mail-archives.apache.org/mod_mbox/ctakes-commits/201209.mbox/<20120924220607.2E7312388C70@eris.apache.org>,chenpei
Mon Sep 24 22:07:41 2012,http://mail-archives.apache.org/mod_mbox/ctakes-commits/201209.mbox/<20120924220607.2E7312388C70@eris.apache.org>,chenpei
Mon Sep 24 22:07:41 2012,http://mail-archives.apache.org/mod_mbox/ctakes-commits/201209.mbox/<20120924220607.2E7312388C70@eris.apache.org>,chenpei
Mon Sep 24 22:07:41 2012,http://mail-archives.apache.org/mod_mbox/ctakes-commits/201209.mbox/<20120924220607.2E7312388C70@eris.apache.org>,chenpei
Mon Sep 24 22:07:41 2012,http://mail-archives.apache.org/mod_mbox/ctakes-commits/201209.mbox/<20120924220607.2E7312388C70@eris.apache.org>,chenpei
Mon Sep 24 22:07:41 2012,http://mail-archives.apache.org/mod_mbox/ctakes-commits/201209.mbox/<20120924220607.2E7312388C70@eris.apache.org>,chenpei
Mon Sep 24 22:07:41 2012,http://mail-archives.apache.org/mod_mbox/ctakes-commits/201209.mbox/<20120924220607.2E7312388C70@eris.apache.org>,chenpei
Mon Sep 24 22:07:41 2012,http://mail-archives.apache.org/mod_mbox/ctakes-commits/201209.mbox/<20120924220607.2E7312388C70@eris.apache.org>,chenpei
Mon Sep 24 22:07:41 2012,http://mail-archives.apache.org/mod_mbox/ctakes-commits/201209.mbox/<20120924220607.2E7312388C70@eris.apache.org>,chenpei
Mon Sep 24 22:07:41 2012,http://mail-archives.apache.org/mod_mbox/ctakes-commits/201209.mbox/<20120924220607.2E7312388C70@eris.apache.org>,chenpei
Mon Sep 24 22:07:41 2012,http://mail-archives.apache.org/mod_mbox/ctakes-commits/201209.mbox/<20120924220607.2E7312388C70@eris.apache.org>,chenpei
Mon Sep 24 22:07:41 2012,http://mail-archives.apache.org/mod_mbox/ctakes-commits/201209.mbox/<20120924220607.2E7312388C70@eris.apache.org>,chenpei
Mon Sep 24 22:07:41 2012,http://mail-archives.apache.org/mod_mbox/ctakes-commits/201209.mbox/<20120924220607.2E7312388C70@eris.apache.org>,chenpei
Mon Sep 24 22:07:41 2012,http://mail-archives.apache.org/mod_mbox/ctakes-commits/201209.mbox/<20120924220607.2E7312388C70@eris.apache.org>,chenpei
Mon Sep 24 22:07:41 2012,http://mail-archives.apache.org/mod_mbox/ctakes-commits/201209.mbox/<20120924220607.2E7312388C70@eris.apache.org>,chenpei
Mon Sep 24 22:07:41 2012,http://mail-archives.apache.org/mod_mbox/ctakes-commits/201209.mbox/<20120924220607.2E7312388C70@eris.apache.org>,chenpei
Mon Sep 24 22:07:41 2012,http://mail-archives.apache.org/mod_mbox/ctakes-commits/201209.mbox/<20120924220607.2E7312388C70@eris.apache.org>,chenpei
Mon Sep 24 22:07:41 2012,http://mail-archives.apache.org/mod_mbox/ctakes-commits/201209.mbox/<20120924220607.2E7312388C70@eris.apache.org>,chenpei
Mon Sep 24 22:07:41 2012,http://mail-archives.apache.org/mod_mbox/ctakes-commits/201209.mbox/<20120924220607.2E7312388C70@eris.apache.org>,chenpei
Mon Sep 24 22:07:41 2012,http://mail-archives.apache.org/mod_mbox/ctakes-commits/201209.mbox/<20120924220607.2E7312388C70@eris.apache.org>,chenpei
Mon Sep 24 22:07:41 2012,http://mail-archives.apache.org/mod_mbox/ctakes-commits/201209.mbox/<20120924220607.2E7312388C70@eris.apache.org>,chenpei
Mon Sep 24 22:07:41 2012,http://mail-archives.apache.org/mod_mbox/ctakes-commits/201209.mbox/<20120924220607.2E7312388C70@eris.apache.org>,chenpei
Mon Sep 24 22:07:41 2012,http://mail-archives.apache.org/mod_mbox/ctakes-commits/201209.mbox/<20120924220607.2E7312388C70@eris.apache.org>,chenpei
Mon Sep 24 22:07:41 2012,http://mail-archives.apache.org/mod_mbox/ctakes-commits/201209.mbox/<20120924220607.2E7312388C70@eris.apache.org>,chenpei
Mon Sep 24 22:07:41 2012,http://mail-archives.apache.org/mod_mbox/ctakes-commits/201209.mbox/<20120924220607.2E7312388C70@eris.apache.org>,chenpei
Mon Sep 24 22:07:41 2012,http://mail-archives.apache.org/mod_mbox/ctakes-commits/201209.mbox/<20120924220607.2E7312388C70@eris.apache.org>,chenpei
Mon Sep 24 22:07:41 2012,http://mail-archives.apache.org/mod_mbox/ctakes-commits/201209.mbox/<20120924220607.2E7312388C70@eris.apache.org>,chenpei
Mon Sep 24 22:07:41 2012,http://mail-archives.apache.org/mod_mbox/ctakes-commits/201209.mbox/<20120924220607.2E7312388C70@eris.apache.org>,chenpei
Mon Sep 24 22:07:41 2012,http://mail-archives.apache.org/mod_mbox/ctakes-commits/201209.mbox/<20120924220607.2E7312388C70@eris.apache.org>,chenpei
Mon Sep 24 22:07:41 2012,http://mail-archives.apache.org/mod_mbox/ctakes-commits/201209.mbox/<20120924220607.2E7312388C70@eris.apache.org>,chenpei
Mon Sep 24 22:07:41 2012,http://mail-archives.apache.org/mod_mbox/ctakes-commits/201209.mbox/<20120924220607.2E7312388C70@eris.apache.org>,chenpei
Mon Sep 24 22:07:41 2012,http://mail-archives.apache.org/mod_mbox/ctakes-commits/201209.mbox/<20120924220607.2E7312388C70@eris.apache.org>,chenpei
Mon Sep 24 22:07:41 2012,http://mail-archives.apache.org/mod_mbox/ctakes-commits/201209.mbox/<20120924220607.2E7312388C70@eris.apache.org>,chenpei
Mon Sep 24 22:07:41 2012,http://mail-archives.apache.org/mod_mbox/ctakes-commits/201209.mbox/<20120924220607.2E7312388C70@eris.apache.org>,chenpei
Mon Sep 24 22:07:41 2012,http://mail-archives.apache.org/mod_mbox/ctakes-commits/201209.mbox/<20120924220607.2E7312388C70@eris.apache.org>,chenpei
Mon Sep 24 22:07:41 2012,http://mail-archives.apache.org/mod_mbox/ctakes-commits/201209.mbox/<20120924220607.2E7312388C70@eris.apache.org>,chenpei
Mon Sep 24 22:07:41 2012,http://mail-archives.apache.org/mod_mbox/ctakes-commits/201209.mbox/<20120924220607.2E7312388C70@eris.apache.org>,chenpei
Mon Sep 24 22:07:41 2012,http://mail-archives.apache.org/mod_mbox/ctakes-commits/201209.mbox/<20120924220607.2E7312388C70@eris.apache.org>,chenpei
Mon Sep 24 22:07:41 2012,http://mail-archives.apache.org/mod_mbox/ctakes-commits/201209.mbox/<20120924220607.2E7312388C70@eris.apache.org>,chenpei
Mon Sep 24 22:07:41 2012,http://mail-archives.apache.org/mod_mbox/ctakes-commits/201209.mbox/<20120924220607.2E7312388C70@eris.apache.org>,chenpei
Mon Sep 24 22:07:41 2012,http://mail-archives.apache.org/mod_mbox/ctakes-commits/201209.mbox/<20120924220607.2E7312388C70@eris.apache.org>,chenpei
Mon Sep 24 22:07:41 2012,http://mail-archives.apache.org/mod_mbox/ctakes-commits/201209.mbox/<20120924220607.2E7312388C70@eris.apache.org>,chenpei
Mon Sep 24 22:07:41 2012,http://mail-archives.apache.org/mod_mbox/ctakes-commits/201209.mbox/<20120924220607.2E7312388C70@eris.apache.org>,chenpei
Mon Sep 24 22:07:41 2012,http://mail-archives.apache.org/mod_mbox/ctakes-commits/201209.mbox/<20120924220607.2E7312388C70@eris.apache.org>,chenpei
Mon Sep 24 22:07:41 2012,http://mail-archives.apache.org/mod_mbox/ctakes-commits/201209.mbox/<20120924220607.2E7312388C70@eris.apache.org>,chenpei
Mon Sep 24 22:07:41 2012,http://mail-archives.apache.org/mod_mbox/ctakes-commits/201209.mbox/<20120924220607.2E7312388C70@eris.apache.org>,chenpei
Mon Sep 24 22:07:41 2012,http://mail-archives.apache.org/mod_mbox/ctakes-commits/201209.mbox/<20120924220607.2E7312388C70@eris.apache.org>,chenpei
Mon Sep 24 22:07:41 2012,http://mail-archives.apache.org/mod_mbox/ctakes-commits/201209.mbox/<20120924220607.2E7312388C70@eris.apache.org>,chenpei
Mon Sep 24 22:07:41 2012,http://mail-archives.apache.org/mod_mbox/ctakes-commits/201209.mbox/<20120924220607.2E7312388C70@eris.apache.org>,chenpei
Mon Sep 24 22:07:41 2012,http://mail-archives.apache.org/mod_mbox/ctakes-commits/201209.mbox/<20120924220607.2E7312388C70@eris.apache.org>,chenpei
Mon Sep 24 22:07:41 2012,http://mail-archives.apache.org/mod_mbox/ctakes-commits/201209.mbox/<20120924220607.2E7312388C70@eris.apache.org>,chenpei
Mon Sep 24 22:07:41 2012,http://mail-archives.apache.org/mod_mbox/ctakes-commits/201209.mbox/<20120924220607.2E7312388C70@eris.apache.org>,chenpei
Mon Sep 24 22:07:41 2012,http://mail-archives.apache.org/mod_mbox/ctakes-commits/201209.mbox/<20120924220607.2E7312388C70@eris.apache.org>,chenpei
Mon Sep 24 22:07:41 2012,http://mail-archives.apache.org/mod_mbox/ctakes-commits/201209.mbox/<20120924220607.2E7312388C70@eris.apache.org>,chenpei
Mon Sep 24 22:07:41 2012,http://mail-archives.apache.org/mod_mbox/ctakes-commits/201209.mbox/<20120924220607.2E7312388C70@eris.apache.org>,chenpei
Mon Sep 24 22:07:41 2012,http://mail-archives.apache.org/mod_mbox/ctakes-commits/201209.mbox/<20120924220607.2E7312388C70@eris.apache.org>,chenpei
Mon Sep 24 22:07:41 2012,http://mail-archives.apache.org/mod_mbox/ctakes-commits/201209.mbox/<20120924220607.2E7312388C70@eris.apache.org>,chenpei
Mon Sep 24 22:07:41 2012,http://mail-archives.apache.org/mod_mbox/ctakes-commits/201209.mbox/<20120924220607.2E7312388C70@eris.apache.org>,chenpei
Mon Sep 24 22:07:41 2012,http://mail-archives.apache.org/mod_mbox/ctakes-commits/201209.mbox/<20120924220607.2E7312388C70@eris.apache.org>,chenpei
Mon Sep 24 22:07:41 2012,http://mail-archives.apache.org/mod_mbox/ctakes-commits/201209.mbox/<20120924220607.2E7312388C70@eris.apache.org>,chenpei
Mon Sep 24 22:07:41 2012,http://mail-archives.apache.org/mod_mbox/ctakes-commits/201209.mbox/<20120924220607.2E7312388C70@eris.apache.org>,chenpei
Mon Sep 24 22:07:41 2012,http://mail-archives.apache.org/mod_mbox/ctakes-commits/201209.mbox/<20120924220607.2E7312388C70@eris.apache.org>,chenpei
Mon Sep 24 22:07:41 2012,http://mail-archives.apache.org/mod_mbox/ctakes-commits/201209.mbox/<20120924220607.2E7312388C70@eris.apache.org>,chenpei
Mon Sep 24 22:07:41 2012,http://mail-archives.apache.org/mod_mbox/ctakes-commits/201209.mbox/<20120924220607.2E7312388C70@eris.apache.org>,chenpei
Mon Sep 24 22:07:41 2012,http://mail-archives.apache.org/mod_mbox/ctakes-commits/201209.mbox/<20120924220607.2E7312388C70@eris.apache.org>,chenpei
Mon Sep 24 22:07:41 2012,http://mail-archives.apache.org/mod_mbox/ctakes-commits/201209.mbox/<20120924220607.2E7312388C70@eris.apache.org>,chenpei
Mon Sep 24 22:07:41 2012,http://mail-archives.apache.org/mod_mbox/ctakes-commits/201209.mbox/<20120924220607.2E7312388C70@eris.apache.org>,chenpei
Mon Sep 24 22:07:41 2012,http://mail-archives.apache.org/mod_mbox/ctakes-commits/201209.mbox/<20120924220607.2E7312388C70@eris.apache.org>,chenpei
Mon Sep 24 22:07:41 2012,http://mail-archives.apache.org/mod_mbox/ctakes-commits/201209.mbox/<20120924220607.2E7312388C70@eris.apache.org>,chenpei
Mon Sep 24 22:07:41 2012,http://mail-archives.apache.org/mod_mbox/ctakes-commits/201209.mbox/<20120924220607.2E7312388C70@eris.apache.org>,chenpei
Mon Sep 24 22:07:41 2012,http://mail-archives.apache.org/mod_mbox/ctakes-commits/201209.mbox/<20120924220607.2E7312388C70@eris.apache.org>,chenpei
Mon Sep 24 22:07:41 2012,http://mail-archives.apache.org/mod_mbox/ctakes-commits/201209.mbox/<20120924220607.2E7312388C70@eris.apache.org>,chenpei
Mon Sep 24 22:07:41 2012,http://mail-archives.apache.org/mod_mbox/ctakes-commits/201209.mbox/<20120924220607.2E7312388C70@eris.apache.org>,chenpei
Mon Sep 24 22:07:41 2012,http://mail-archives.apache.org/mod_mbox/ctakes-commits/201209.mbox/<20120924220607.2E7312388C70@eris.apache.org>,chenpei
Mon Sep 24 22:07:41 2012,http://mail-archives.apache.org/mod_mbox/ctakes-commits/201209.mbox/<20120924220607.2E7312388C70@eris.apache.org>,chenpei
Mon Sep 24 22:07:41 2012,http://mail-archives.apache.org/mod_mbox/ctakes-commits/201209.mbox/<20120924220607.2E7312388C70@eris.apache.org>,chenpei
Mon Sep 24 22:07:41 2012,http://mail-archives.apache.org/mod_mbox/ctakes-commits/201209.mbox/<20120924220607.2E7312388C70@eris.apache.org>,chenpei
Mon Sep 24 22:07:41 2012,http://mail-archives.apache.org/mod_mbox/ctakes-commits/201209.mbox/<20120924220607.2E7312388C70@eris.apache.org>,chenpei
Mon Sep 24 22:07:41 2012,http://mail-archives.apache.org/mod_mbox/ctakes-commits/201209.mbox/<20120924220607.2E7312388C70@eris.apache.org>,chenpei
Mon Sep 24 22:07:41 2012,http://mail-archives.apache.org/mod_mbox/ctakes-commits/201209.mbox/<20120924220607.2E7312388C70@eris.apache.org>,chenpei
Mon Sep 24 22:07:41 2012,http://mail-archives.apache.org/mod_mbox/ctakes-commits/201209.mbox/<20120924220607.2E7312388C70@eris.apache.org>,chenpei
Mon Sep 24 22:07:41 2012,http://mail-archives.apache.org/mod_mbox/ctakes-commits/201209.mbox/<20120924220607.2E7312388C70@eris.apache.org>,chenpei
Mon Sep 24 22:07:41 2012,http://mail-archives.apache.org/mod_mbox/ctakes-commits/201209.mbox/<20120924220607.2E7312388C70@eris.apache.org>,chenpei
Mon Sep 24 22:07:41 2012,http://mail-archives.apache.org/mod_mbox/ctakes-commits/201209.mbox/<20120924220607.2E7312388C70@eris.apache.org>,chenpei
Mon Sep 24 22:07:41 2012,http://mail-archives.apache.org/mod_mbox/ctakes-commits/201209.mbox/<20120924220607.2E7312388C70@eris.apache.org>,chenpei
Mon Sep 24 22:07:41 2012,http://mail-archives.apache.org/mod_mbox/ctakes-commits/201209.mbox/<20120924220607.2E7312388C70@eris.apache.org>,chenpei
Mon Sep 24 22:07:41 2012,http://mail-archives.apache.org/mod_mbox/ctakes-commits/201209.mbox/<20120924220607.2E7312388C70@eris.apache.org>,chenpei
Mon Sep 24 22:07:41 2012,http://mail-archives.apache.org/mod_mbox/ctakes-commits/201209.mbox/<20120924220607.2E7312388C70@eris.apache.org>,chenpei
Mon Sep 24 22:07:41 2012,http://mail-archives.apache.org/mod_mbox/ctakes-commits/201209.mbox/<20120924220607.2E7312388C70@eris.apache.org>,chenpei
Mon Sep 24 22:07:41 2012,http://mail-archives.apache.org/mod_mbox/ctakes-commits/201209.mbox/<20120924220607.2E7312388C70@eris.apache.org>,chenpei
Mon Sep 24 22:07:41 2012,http://mail-archives.apache.org/mod_mbox/ctakes-commits/201209.mbox/<20120924220607.2E7312388C70@eris.apache.org>,chenpei
Mon Sep 24 22:07:41 2012,http://mail-archives.apache.org/mod_mbox/ctakes-commits/201209.mbox/<20120924220607.2E7312388C70@eris.apache.org>,chenpei
Mon Sep 24 22:07:41 2012,http://mail-archives.apache.org/mod_mbox/ctakes-commits/201209.mbox/<20120924220607.2E7312388C70@eris.apache.org>,chenpei
Mon Sep 24 22:07:41 2012,http://mail-archives.apache.org/mod_mbox/ctakes-commits/201209.mbox/<20120924220607.2E7312388C70@eris.apache.org>,chenpei
Mon Sep 24 22:07:41 2012,http://mail-archives.apache.org/mod_mbox/ctakes-commits/201209.mbox/<20120924220607.2E7312388C70@eris.apache.org>,chenpei
Mon Sep 24 22:07:41 2012,http://mail-archives.apache.org/mod_mbox/ctakes-commits/201209.mbox/<20120924220607.2E7312388C70@eris.apache.org>,chenpei
Mon Sep 24 22:07:41 2012,http://mail-archives.apache.org/mod_mbox/ctakes-commits/201209.mbox/<20120924220607.2E7312388C70@eris.apache.org>,chenpei
Mon Sep 24 22:07:41 2012,http://mail-archives.apache.org/mod_mbox/ctakes-commits/201209.mbox/<20120924220607.2E7312388C70@eris.apache.org>,chenpei
Mon Sep 24 22:07:41 2012,http://mail-archives.apache.org/mod_mbox/ctakes-commits/201209.mbox/<20120924220607.2E7312388C70@eris.apache.org>,chenpei
Mon Sep 24 22:07:41 2012,http://mail-archives.apache.org/mod_mbox/ctakes-commits/201209.mbox/<20120924220607.2E7312388C70@eris.apache.org>,chenpei
Mon Sep 24 22:07:41 2012,http://mail-archives.apache.org/mod_mbox/ctakes-commits/201209.mbox/<20120924220607.2E7312388C70@eris.apache.org>,chenpei
Mon Sep 24 22:07:41 2012,http://mail-archives.apache.org/mod_mbox/ctakes-commits/201209.mbox/<20120924220607.2E7312388C70@eris.apache.org>,chenpei
Mon Sep 24 22:07:41 2012,http://mail-archives.apache.org/mod_mbox/ctakes-commits/201209.mbox/<20120924220607.2E7312388C70@eris.apache.org>,chenpei
Mon Sep 24 22:07:41 2012,http://mail-archives.apache.org/mod_mbox/ctakes-commits/201209.mbox/<20120924220607.2E7312388C70@eris.apache.org>,chenpei
Mon Sep 24 22:07:41 2012,http://mail-archives.apache.org/mod_mbox/ctakes-commits/201209.mbox/<20120924220607.2E7312388C70@eris.apache.org>,chenpei
Mon Sep 24 22:07:41 2012,http://mail-archives.apache.org/mod_mbox/ctakes-commits/201209.mbox/<20120924220607.2E7312388C70@eris.apache.org>,chenpei
Mon Sep 24 22:07:41 2012,http://mail-archives.apache.org/mod_mbox/ctakes-commits/201209.mbox/<20120924220607.2E7312388C70@eris.apache.org>,chenpei
Mon Sep 24 22:07:41 2012,http://mail-archives.apache.org/mod_mbox/ctakes-commits/201209.mbox/<20120924220607.2E7312388C70@eris.apache.org>,chenpei
Mon Sep 24 22:07:41 2012,http://mail-archives.apache.org/mod_mbox/ctakes-commits/201209.mbox/<20120924220607.2E7312388C70@eris.apache.org>,chenpei
Mon Sep 24 22:07:41 2012,http://mail-archives.apache.org/mod_mbox/ctakes-commits/201209.mbox/<20120924220607.2E7312388C70@eris.apache.org>,chenpei
Mon Sep 24 22:07:41 2012,http://mail-archives.apache.org/mod_mbox/ctakes-commits/201209.mbox/<20120924220607.2E7312388C70@eris.apache.org>,chenpei
Mon Sep 24 22:07:41 2012,http://mail-archives.apache.org/mod_mbox/ctakes-commits/201209.mbox/<20120924220607.2E7312388C70@eris.apache.org>,chenpei
Mon Sep 24 22:07:41 2012,http://mail-archives.apache.org/mod_mbox/ctakes-commits/201209.mbox/<20120924220607.2E7312388C70@eris.apache.org>,chenpei
Mon Sep 24 22:07:41 2012,http://mail-archives.apache.org/mod_mbox/ctakes-commits/201209.mbox/<20120924220607.2E7312388C70@eris.apache.org>,chenpei
Mon Sep 24 22:07:41 2012,http://mail-archives.apache.org/mod_mbox/ctakes-commits/201209.mbox/<20120924220607.2E7312388C70@eris.apache.org>,chenpei
Mon Sep 24 22:07:41 2012,http://mail-archives.apache.org/mod_mbox/ctakes-commits/201209.mbox/<20120924220607.2E7312388C70@eris.apache.org>,chenpei
Mon Sep 24 22:07:41 2012,http://mail-archives.apache.org/mod_mbox/ctakes-commits/201209.mbox/<20120924220607.2E7312388C70@eris.apache.org>,chenpei
Mon Sep 24 22:07:41 2012,http://mail-archives.apache.org/mod_mbox/ctakes-commits/201209.mbox/<20120924220607.2E7312388C70@eris.apache.org>,chenpei
Mon Sep 24 22:07:41 2012,http://mail-archives.apache.org/mod_mbox/ctakes-commits/201209.mbox/<20120924220607.2E7312388C70@eris.apache.org>,chenpei
Mon Sep 24 22:07:41 2012,http://mail-archives.apache.org/mod_mbox/ctakes-commits/201209.mbox/<20120924220607.2E7312388C70@eris.apache.org>,chenpei
Mon Sep 24 22:07:41 2012,http://mail-archives.apache.org/mod_mbox/ctakes-commits/201209.mbox/<20120924220607.2E7312388C70@eris.apache.org>,chenpei
Mon Sep 24 22:07:41 2012,http://mail-archives.apache.org/mod_mbox/ctakes-commits/201209.mbox/<20120924220607.2E7312388C70@eris.apache.org>,chenpei
Mon Sep 24 22:07:41 2012,http://mail-archives.apache.org/mod_mbox/ctakes-commits/201209.mbox/<20120924220607.2E7312388C70@eris.apache.org>,chenpei
Mon Sep 24 22:07:41 2012,http://mail-archives.apache.org/mod_mbox/ctakes-commits/201209.mbox/<20120924220607.2E7312388C70@eris.apache.org>,chenpei
Mon Sep 24 22:07:41 2012,http://mail-archives.apache.org/mod_mbox/ctakes-commits/201209.mbox/<20120924220607.2E7312388C70@eris.apache.org>,chenpei
Mon Sep 24 22:07:41 2012,http://mail-archives.apache.org/mod_mbox/ctakes-commits/201209.mbox/<20120924220607.2E7312388C70@eris.apache.org>,chenpei
Mon Sep 24 22:07:41 2012,http://mail-archives.apache.org/mod_mbox/ctakes-commits/201209.mbox/<20120924220607.2E7312388C70@eris.apache.org>,chenpei
Mon Sep 24 22:07:41 2012,http://mail-archives.apache.org/mod_mbox/ctakes-commits/201209.mbox/<20120924220607.2E7312388C70@eris.apache.org>,chenpei
Mon Sep 24 22:07:41 2012,http://mail-archives.apache.org/mod_mbox/ctakes-commits/201209.mbox/<20120924220607.2E7312388C70@eris.apache.org>,chenpei
Mon Sep 24 22:07:41 2012,http://mail-archives.apache.org/mod_mbox/ctakes-commits/201209.mbox/<20120924220607.2E7312388C70@eris.apache.org>,chenpei
Mon Sep 24 22:07:41 2012,http://mail-archives.apache.org/mod_mbox/ctakes-commits/201209.mbox/<20120924220607.2E7312388C70@eris.apache.org>,chenpei
Mon Sep 24 22:07:41 2012,http://mail-archives.apache.org/mod_mbox/ctakes-commits/201209.mbox/<20120924220607.2E7312388C70@eris.apache.org>,chenpei
Mon Sep 24 22:07:41 2012,http://mail-archives.apache.org/mod_mbox/ctakes-commits/201209.mbox/<20120924220607.2E7312388C70@eris.apache.org>,chenpei
Mon Sep 24 22:07:41 2012,http://mail-archives.apache.org/mod_mbox/ctakes-commits/201209.mbox/<20120924220607.2E7312388C70@eris.apache.org>,chenpei
Mon Sep 24 22:07:41 2012,http://mail-archives.apache.org/mod_mbox/ctakes-commits/201209.mbox/<20120924220607.2E7312388C70@eris.apache.org>,chenpei
Mon Sep 24 22:07:41 2012,http://mail-archives.apache.org/mod_mbox/ctakes-commits/201209.mbox/<20120924220607.2E7312388C70@eris.apache.org>,chenpei
Mon Sep 24 22:07:41 2012,http://mail-archives.apache.org/mod_mbox/ctakes-commits/201209.mbox/<20120924220607.2E7312388C70@eris.apache.org>,chenpei
Mon Sep 24 22:07:49 2012,http://mail-archives.apache.org/mod_mbox/ctakes-commits/201209.mbox/<20120924220607.3A18E2388C73@eris.apache.org>,chenpei
Mon Sep 24 22:07:49 2012,http://mail-archives.apache.org/mod_mbox/ctakes-commits/201209.mbox/<20120924220607.3A18E2388C73@eris.apache.org>,chenpei
Mon Sep 24 22:07:49 2012,http://mail-archives.apache.org/mod_mbox/ctakes-commits/201209.mbox/<20120924220607.3A18E2388C73@eris.apache.org>,chenpei
Mon Sep 24 22:07:49 2012,http://mail-archives.apache.org/mod_mbox/ctakes-commits/201209.mbox/<20120924220607.3A18E2388C73@eris.apache.org>,chenpei
Mon Sep 24 22:07:49 2012,http://mail-archives.apache.org/mod_mbox/ctakes-commits/201209.mbox/<20120924220607.3A18E2388C73@eris.apache.org>,chenpei
Mon Sep 24 22:07:49 2012,http://mail-archives.apache.org/mod_mbox/ctakes-commits/201209.mbox/<20120924220607.3A18E2388C73@eris.apache.org>,chenpei
Mon Sep 24 22:07:49 2012,http://mail-archives.apache.org/mod_mbox/ctakes-commits/201209.mbox/<20120924220607.3A18E2388C73@eris.apache.org>,chenpei
Mon Sep 24 22:07:49 2012,http://mail-archives.apache.org/mod_mbox/ctakes-commits/201209.mbox/<20120924220607.3A18E2388C73@eris.apache.org>,chenpei
Mon Sep 24 22:07:49 2012,http://mail-archives.apache.org/mod_mbox/ctakes-commits/201209.mbox/<20120924220607.3A18E2388C73@eris.apache.org>,chenpei
Mon Sep 24 22:07:49 2012,http://mail-archives.apache.org/mod_mbox/ctakes-commits/201209.mbox/<20120924220607.3A18E2388C73@eris.apache.org>,chenpei
Mon Sep 24 22:07:49 2012,http://mail-archives.apache.org/mod_mbox/ctakes-commits/201209.mbox/<20120924220607.3A18E2388C73@eris.apache.org>,chenpei
Mon Sep 24 22:07:49 2012,http://mail-archives.apache.org/mod_mbox/ctakes-commits/201209.mbox/<20120924220607.3A18E2388C73@eris.apache.org>,chenpei
Mon Sep 24 22:07:49 2012,http://mail-archives.apache.org/mod_mbox/ctakes-commits/201209.mbox/<20120924220607.3A18E2388C73@eris.apache.org>,chenpei
Mon Sep 24 22:07:49 2012,http://mail-archives.apache.org/mod_mbox/ctakes-commits/201209.mbox/<20120924220607.3A18E2388C73@eris.apache.org>,chenpei
Mon Sep 24 22:07:49 2012,http://mail-archives.apache.org/mod_mbox/ctakes-commits/201209.mbox/<20120924220607.3A18E2388C73@eris.apache.org>,chenpei
Mon Sep 24 22:07:49 2012,http://mail-archives.apache.org/mod_mbox/ctakes-commits/201209.mbox/<20120924220607.3A18E2388C73@eris.apache.org>,chenpei
Mon Sep 24 22:07:49 2012,http://mail-archives.apache.org/mod_mbox/ctakes-commits/201209.mbox/<20120924220607.3A18E2388C73@eris.apache.org>,chenpei
Mon Sep 24 22:07:49 2012,http://mail-archives.apache.org/mod_mbox/ctakes-commits/201209.mbox/<20120924220607.3A18E2388C73@eris.apache.org>,chenpei
Mon Sep 24 22:07:49 2012,http://mail-archives.apache.org/mod_mbox/ctakes-commits/201209.mbox/<20120924220607.3A18E2388C73@eris.apache.org>,chenpei
Mon Sep 24 22:07:49 2012,http://mail-archives.apache.org/mod_mbox/ctakes-commits/201209.mbox/<20120924220607.3A18E2388C73@eris.apache.org>,chenpei
Mon Sep 24 22:07:49 2012,http://mail-archives.apache.org/mod_mbox/ctakes-commits/201209.mbox/<20120924220607.3A18E2388C73@eris.apache.org>,chenpei
Mon Sep 24 22:07:49 2012,http://mail-archives.apache.org/mod_mbox/ctakes-commits/201209.mbox/<20120924220607.3A18E2388C73@eris.apache.org>,chenpei
Mon Sep 24 22:07:49 2012,http://mail-archives.apache.org/mod_mbox/ctakes-commits/201209.mbox/<20120924220607.3A18E2388C73@eris.apache.org>,chenpei
Mon Sep 24 22:07:49 2012,http://mail-archives.apache.org/mod_mbox/ctakes-commits/201209.mbox/<20120924220607.3A18E2388C73@eris.apache.org>,chenpei
Mon Sep 24 22:07:49 2012,http://mail-archives.apache.org/mod_mbox/ctakes-commits/201209.mbox/<20120924220607.3A18E2388C73@eris.apache.org>,chenpei
Mon Sep 24 22:07:49 2012,http://mail-archives.apache.org/mod_mbox/ctakes-commits/201209.mbox/<20120924220607.3A18E2388C73@eris.apache.org>,chenpei
Mon Sep 24 22:07:49 2012,http://mail-archives.apache.org/mod_mbox/ctakes-commits/201209.mbox/<20120924220607.3A18E2388C73@eris.apache.org>,chenpei
Mon Sep 24 22:07:49 2012,http://mail-archives.apache.org/mod_mbox/ctakes-commits/201209.mbox/<20120924220607.3A18E2388C73@eris.apache.org>,chenpei
Mon Sep 24 22:07:49 2012,http://mail-archives.apache.org/mod_mbox/ctakes-commits/201209.mbox/<20120924220607.3A18E2388C73@eris.apache.org>,chenpei
Mon Sep 24 22:07:49 2012,http://mail-archives.apache.org/mod_mbox/ctakes-commits/201209.mbox/<20120924220607.3A18E2388C73@eris.apache.org>,chenpei
Mon Sep 24 22:07:49 2012,http://mail-archives.apache.org/mod_mbox/ctakes-commits/201209.mbox/<20120924220607.3A18E2388C73@eris.apache.org>,chenpei
Mon Sep 24 22:07:49 2012,http://mail-archives.apache.org/mod_mbox/ctakes-commits/201209.mbox/<20120924220607.3A18E2388C73@eris.apache.org>,chenpei
Mon Sep 24 22:07:49 2012,http://mail-archives.apache.org/mod_mbox/ctakes-commits/201209.mbox/<20120924220607.3A18E2388C73@eris.apache.org>,chenpei
Mon Sep 24 22:07:49 2012,http://mail-archives.apache.org/mod_mbox/ctakes-commits/201209.mbox/<20120924220607.3A18E2388C73@eris.apache.org>,chenpei
Mon Sep 24 22:07:49 2012,http://mail-archives.apache.org/mod_mbox/ctakes-commits/201209.mbox/<20120924220607.3A18E2388C73@eris.apache.org>,chenpei
Mon Sep 24 22:07:49 2012,http://mail-archives.apache.org/mod_mbox/ctakes-commits/201209.mbox/<20120924220607.3A18E2388C73@eris.apache.org>,chenpei
Mon Sep 24 22:07:49 2012,http://mail-archives.apache.org/mod_mbox/ctakes-commits/201209.mbox/<20120924220607.3A18E2388C73@eris.apache.org>,chenpei
Mon Sep 24 22:07:49 2012,http://mail-archives.apache.org/mod_mbox/ctakes-commits/201209.mbox/<20120924220607.3A18E2388C73@eris.apache.org>,chenpei
Mon Sep 24 22:07:49 2012,http://mail-archives.apache.org/mod_mbox/ctakes-commits/201209.mbox/<20120924220607.3A18E2388C73@eris.apache.org>,chenpei
Mon Sep 24 22:07:49 2012,http://mail-archives.apache.org/mod_mbox/ctakes-commits/201209.mbox/<20120924220607.3A18E2388C73@eris.apache.org>,chenpei
Mon Sep 24 22:07:49 2012,http://mail-archives.apache.org/mod_mbox/ctakes-commits/201209.mbox/<20120924220607.3A18E2388C73@eris.apache.org>,chenpei
Mon Sep 24 22:07:49 2012,http://mail-archives.apache.org/mod_mbox/ctakes-commits/201209.mbox/<20120924220607.3A18E2388C73@eris.apache.org>,chenpei
Mon Sep 24 22:07:49 2012,http://mail-archives.apache.org/mod_mbox/ctakes-commits/201209.mbox/<20120924220607.3A18E2388C73@eris.apache.org>,chenpei
Mon Sep 24 22:07:49 2012,http://mail-archives.apache.org/mod_mbox/ctakes-commits/201209.mbox/<20120924220607.3A18E2388C73@eris.apache.org>,chenpei
Mon Sep 24 22:07:49 2012,http://mail-archives.apache.org/mod_mbox/ctakes-commits/201209.mbox/<20120924220607.3A18E2388C73@eris.apache.org>,chenpei
Mon Sep 24 22:07:49 2012,http://mail-archives.apache.org/mod_mbox/ctakes-commits/201209.mbox/<20120924220607.3A18E2388C73@eris.apache.org>,chenpei
Mon Sep 24 22:07:49 2012,http://mail-archives.apache.org/mod_mbox/ctakes-commits/201209.mbox/<20120924220607.3A18E2388C73@eris.apache.org>,chenpei
Mon Sep 24 22:07:49 2012,http://mail-archives.apache.org/mod_mbox/ctakes-commits/201209.mbox/<20120924220607.3A18E2388C73@eris.apache.org>,chenpei
Mon Sep 24 22:07:49 2012,http://mail-archives.apache.org/mod_mbox/ctakes-commits/201209.mbox/<20120924220607.3A18E2388C73@eris.apache.org>,chenpei
Mon Sep 24 22:07:49 2012,http://mail-archives.apache.org/mod_mbox/ctakes-commits/201209.mbox/<20120924220607.3A18E2388C73@eris.apache.org>,chenpei
Mon Sep 24 22:07:49 2012,http://mail-archives.apache.org/mod_mbox/ctakes-commits/201209.mbox/<20120924220607.3A18E2388C73@eris.apache.org>,chenpei
Mon Sep 24 22:07:49 2012,http://mail-archives.apache.org/mod_mbox/ctakes-commits/201209.mbox/<20120924220607.3A18E2388C73@eris.apache.org>,chenpei
Mon Sep 24 22:07:49 2012,http://mail-archives.apache.org/mod_mbox/ctakes-commits/201209.mbox/<20120924220607.3A18E2388C73@eris.apache.org>,chenpei
Mon Sep 24 22:07:49 2012,http://mail-archives.apache.org/mod_mbox/ctakes-commits/201209.mbox/<20120924220607.3A18E2388C73@eris.apache.org>,chenpei
Mon Sep 24 22:07:49 2012,http://mail-archives.apache.org/mod_mbox/ctakes-commits/201209.mbox/<20120924220607.3A18E2388C73@eris.apache.org>,chenpei
Mon Sep 24 22:07:49 2012,http://mail-archives.apache.org/mod_mbox/ctakes-commits/201209.mbox/<20120924220607.3A18E2388C73@eris.apache.org>,chenpei
Mon Sep 24 22:07:49 2012,http://mail-archives.apache.org/mod_mbox/ctakes-commits/201209.mbox/<20120924220607.3A18E2388C73@eris.apache.org>,chenpei
Mon Sep 24 22:07:49 2012,http://mail-archives.apache.org/mod_mbox/ctakes-commits/201209.mbox/<20120924220607.3A18E2388C73@eris.apache.org>,chenpei
Mon Sep 24 22:07:49 2012,http://mail-archives.apache.org/mod_mbox/ctakes-commits/201209.mbox/<20120924220607.3A18E2388C73@eris.apache.org>,chenpei
Mon Sep 24 22:07:49 2012,http://mail-archives.apache.org/mod_mbox/ctakes-commits/201209.mbox/<20120924220607.3A18E2388C73@eris.apache.org>,chenpei
Mon Sep 24 22:07:49 2012,http://mail-archives.apache.org/mod_mbox/ctakes-commits/201209.mbox/<20120924220607.3A18E2388C73@eris.apache.org>,chenpei
Mon Sep 24 22:07:49 2012,http://mail-archives.apache.org/mod_mbox/ctakes-commits/201209.mbox/<20120924220607.3A18E2388C73@eris.apache.org>,chenpei
Mon Sep 24 22:07:49 2012,http://mail-archives.apache.org/mod_mbox/ctakes-commits/201209.mbox/<20120924220607.3A18E2388C73@eris.apache.org>,chenpei
Mon Sep 24 22:07:49 2012,http://mail-archives.apache.org/mod_mbox/ctakes-commits/201209.mbox/<20120924220607.3A18E2388C73@eris.apache.org>,chenpei
Mon Sep 24 22:07:49 2012,http://mail-archives.apache.org/mod_mbox/ctakes-commits/201209.mbox/<20120924220607.3A18E2388C73@eris.apache.org>,chenpei
Mon Sep 24 22:07:49 2012,http://mail-archives.apache.org/mod_mbox/ctakes-commits/201209.mbox/<20120924220607.3A18E2388C73@eris.apache.org>,chenpei
Mon Sep 24 22:07:49 2012,http://mail-archives.apache.org/mod_mbox/ctakes-commits/201209.mbox/<20120924220607.3A18E2388C73@eris.apache.org>,chenpei
Mon Sep 24 22:07:49 2012,http://mail-archives.apache.org/mod_mbox/ctakes-commits/201209.mbox/<20120924220607.3A18E2388C73@eris.apache.org>,chenpei
Mon Sep 24 22:07:49 2012,http://mail-archives.apache.org/mod_mbox/ctakes-commits/201209.mbox/<20120924220607.3A18E2388C73@eris.apache.org>,chenpei
Mon Sep 24 22:07:49 2012,http://mail-archives.apache.org/mod_mbox/ctakes-commits/201209.mbox/<20120924220607.3A18E2388C73@eris.apache.org>,chenpei
Mon Sep 24 22:07:49 2012,http://mail-archives.apache.org/mod_mbox/ctakes-commits/201209.mbox/<20120924220607.3A18E2388C73@eris.apache.org>,chenpei
Mon Sep 24 22:07:49 2012,http://mail-archives.apache.org/mod_mbox/ctakes-commits/201209.mbox/<20120924220607.3A18E2388C73@eris.apache.org>,chenpei
Mon Sep 24 22:07:49 2012,http://mail-archives.apache.org/mod_mbox/ctakes-commits/201209.mbox/<20120924220607.3A18E2388C73@eris.apache.org>,chenpei
Mon Sep 24 22:07:49 2012,http://mail-archives.apache.org/mod_mbox/ctakes-commits/201209.mbox/<20120924220607.3A18E2388C73@eris.apache.org>,chenpei
Mon Sep 24 22:07:49 2012,http://mail-archives.apache.org/mod_mbox/ctakes-commits/201209.mbox/<20120924220607.3A18E2388C73@eris.apache.org>,chenpei
Mon Sep 24 22:07:49 2012,http://mail-archives.apache.org/mod_mbox/ctakes-commits/201209.mbox/<20120924220607.3A18E2388C73@eris.apache.org>,chenpei
Mon Sep 24 22:07:49 2012,http://mail-archives.apache.org/mod_mbox/ctakes-commits/201209.mbox/<20120924220607.3A18E2388C73@eris.apache.org>,chenpei
Mon Sep 24 22:07:49 2012,http://mail-archives.apache.org/mod_mbox/ctakes-commits/201209.mbox/<20120924220607.3A18E2388C73@eris.apache.org>,chenpei
Mon Sep 24 22:07:49 2012,http://mail-archives.apache.org/mod_mbox/ctakes-commits/201209.mbox/<20120924220607.3A18E2388C73@eris.apache.org>,chenpei
Mon Sep 24 22:07:49 2012,http://mail-archives.apache.org/mod_mbox/ctakes-commits/201209.mbox/<20120924220607.3A18E2388C73@eris.apache.org>,chenpei
Mon Sep 24 22:07:49 2012,http://mail-archives.apache.org/mod_mbox/ctakes-commits/201209.mbox/<20120924220607.3A18E2388C73@eris.apache.org>,chenpei
Mon Sep 24 22:07:49 2012,http://mail-archives.apache.org/mod_mbox/ctakes-commits/201209.mbox/<20120924220607.3A18E2388C73@eris.apache.org>,chenpei
Mon Sep 24 22:07:49 2012,http://mail-archives.apache.org/mod_mbox/ctakes-commits/201209.mbox/<20120924220607.3A18E2388C73@eris.apache.org>,chenpei
Mon Sep 24 22:07:49 2012,http://mail-archives.apache.org/mod_mbox/ctakes-commits/201209.mbox/<20120924220607.3A18E2388C73@eris.apache.org>,chenpei
Mon Sep 24 22:07:49 2012,http://mail-archives.apache.org/mod_mbox/ctakes-commits/201209.mbox/<20120924220607.3A18E2388C73@eris.apache.org>,chenpei
Mon Sep 24 22:07:49 2012,http://mail-archives.apache.org/mod_mbox/ctakes-commits/201209.mbox/<20120924220607.3A18E2388C73@eris.apache.org>,chenpei
Mon Sep 24 22:07:49 2012,http://mail-archives.apache.org/mod_mbox/ctakes-commits/201209.mbox/<20120924220607.3A18E2388C73@eris.apache.org>,chenpei
Mon Sep 24 22:07:49 2012,http://mail-archives.apache.org/mod_mbox/ctakes-commits/201209.mbox/<20120924220607.3A18E2388C73@eris.apache.org>,chenpei
Mon Sep 24 22:07:49 2012,http://mail-archives.apache.org/mod_mbox/ctakes-commits/201209.mbox/<20120924220607.3A18E2388C73@eris.apache.org>,chenpei
Mon Sep 24 22:07:49 2012,http://mail-archives.apache.org/mod_mbox/ctakes-commits/201209.mbox/<20120924220607.3A18E2388C73@eris.apache.org>,chenpei
Mon Sep 24 22:07:49 2012,http://mail-archives.apache.org/mod_mbox/ctakes-commits/201209.mbox/<20120924220607.3A18E2388C73@eris.apache.org>,chenpei
Mon Sep 24 22:07:49 2012,http://mail-archives.apache.org/mod_mbox/ctakes-commits/201209.mbox/<20120924220607.3A18E2388C73@eris.apache.org>,chenpei
Mon Sep 24 22:07:49 2012,http://mail-archives.apache.org/mod_mbox/ctakes-commits/201209.mbox/<20120924220607.3A18E2388C73@eris.apache.org>,chenpei
Mon Sep 24 22:07:49 2012,http://mail-archives.apache.org/mod_mbox/ctakes-commits/201209.mbox/<20120924220607.3A18E2388C73@eris.apache.org>,chenpei
Mon Sep 24 22:07:49 2012,http://mail-archives.apache.org/mod_mbox/ctakes-commits/201209.mbox/<20120924220607.3A18E2388C73@eris.apache.org>,chenpei
Mon Sep 24 22:07:49 2012,http://mail-archives.apache.org/mod_mbox/ctakes-commits/201209.mbox/<20120924220607.3A18E2388C73@eris.apache.org>,chenpei
Mon Sep 24 22:07:49 2012,http://mail-archives.apache.org/mod_mbox/ctakes-commits/201209.mbox/<20120924220607.3A18E2388C73@eris.apache.org>,chenpei
Mon Sep 24 22:07:49 2012,http://mail-archives.apache.org/mod_mbox/ctakes-commits/201209.mbox/<20120924220607.3A18E2388C73@eris.apache.org>,chenpei
Mon Sep 24 22:07:49 2012,http://mail-archives.apache.org/mod_mbox/ctakes-commits/201209.mbox/<20120924220607.3A18E2388C73@eris.apache.org>,chenpei
Mon Sep 24 22:07:49 2012,http://mail-archives.apache.org/mod_mbox/ctakes-commits/201209.mbox/<20120924220607.3A18E2388C73@eris.apache.org>,chenpei
Mon Sep 24 22:07:49 2012,http://mail-archives.apache.org/mod_mbox/ctakes-commits/201209.mbox/<20120924220607.3A18E2388C73@eris.apache.org>,chenpei
Mon Sep 24 22:07:49 2012,http://mail-archives.apache.org/mod_mbox/ctakes-commits/201209.mbox/<20120924220607.3A18E2388C73@eris.apache.org>,chenpei
Mon Sep 24 22:07:49 2012,http://mail-archives.apache.org/mod_mbox/ctakes-commits/201209.mbox/<20120924220607.3A18E2388C73@eris.apache.org>,chenpei
Mon Sep 24 22:07:49 2012,http://mail-archives.apache.org/mod_mbox/ctakes-commits/201209.mbox/<20120924220607.3A18E2388C73@eris.apache.org>,chenpei
Mon Sep 24 22:07:49 2012,http://mail-archives.apache.org/mod_mbox/ctakes-commits/201209.mbox/<20120924220607.3A18E2388C73@eris.apache.org>,chenpei
Mon Sep 24 22:07:49 2012,http://mail-archives.apache.org/mod_mbox/ctakes-commits/201209.mbox/<20120924220607.3A18E2388C73@eris.apache.org>,chenpei
Mon Sep 24 22:07:49 2012,http://mail-archives.apache.org/mod_mbox/ctakes-commits/201209.mbox/<20120924220607.3A18E2388C73@eris.apache.org>,chenpei
Mon Sep 24 22:07:49 2012,http://mail-archives.apache.org/mod_mbox/ctakes-commits/201209.mbox/<20120924220607.3A18E2388C73@eris.apache.org>,chenpei
Mon Sep 24 22:07:49 2012,http://mail-archives.apache.org/mod_mbox/ctakes-commits/201209.mbox/<20120924220607.3A18E2388C73@eris.apache.org>,chenpei
Mon Sep 24 22:07:49 2012,http://mail-archives.apache.org/mod_mbox/ctakes-commits/201209.mbox/<20120924220607.3A18E2388C73@eris.apache.org>,chenpei
Mon Sep 24 22:07:49 2012,http://mail-archives.apache.org/mod_mbox/ctakes-commits/201209.mbox/<20120924220607.3A18E2388C73@eris.apache.org>,chenpei
Mon Sep 24 22:07:49 2012,http://mail-archives.apache.org/mod_mbox/ctakes-commits/201209.mbox/<20120924220607.3A18E2388C73@eris.apache.org>,chenpei
Mon Sep 24 22:07:49 2012,http://mail-archives.apache.org/mod_mbox/ctakes-commits/201209.mbox/<20120924220607.3A18E2388C73@eris.apache.org>,chenpei
Mon Sep 24 22:07:49 2012,http://mail-archives.apache.org/mod_mbox/ctakes-commits/201209.mbox/<20120924220607.3A18E2388C73@eris.apache.org>,chenpei
Mon Sep 24 22:07:49 2012,http://mail-archives.apache.org/mod_mbox/ctakes-commits/201209.mbox/<20120924220607.3A18E2388C73@eris.apache.org>,chenpei
Mon Sep 24 22:07:49 2012,http://mail-archives.apache.org/mod_mbox/ctakes-commits/201209.mbox/<20120924220607.3A18E2388C73@eris.apache.org>,chenpei
Mon Sep 24 22:07:49 2012,http://mail-archives.apache.org/mod_mbox/ctakes-commits/201209.mbox/<20120924220607.3A18E2388C73@eris.apache.org>,chenpei
Mon Sep 24 22:07:49 2012,http://mail-archives.apache.org/mod_mbox/ctakes-commits/201209.mbox/<20120924220607.3A18E2388C73@eris.apache.org>,chenpei
Mon Sep 24 22:07:49 2012,http://mail-archives.apache.org/mod_mbox/ctakes-commits/201209.mbox/<20120924220607.3A18E2388C73@eris.apache.org>,chenpei
Mon Sep 24 22:07:49 2012,http://mail-archives.apache.org/mod_mbox/ctakes-commits/201209.mbox/<20120924220607.3A18E2388C73@eris.apache.org>,chenpei
Mon Sep 24 22:07:49 2012,http://mail-archives.apache.org/mod_mbox/ctakes-commits/201209.mbox/<20120924220607.3A18E2388C73@eris.apache.org>,chenpei
Mon Sep 24 22:07:49 2012,http://mail-archives.apache.org/mod_mbox/ctakes-commits/201209.mbox/<20120924220607.3A18E2388C73@eris.apache.org>,chenpei
Mon Sep 24 22:07:49 2012,http://mail-archives.apache.org/mod_mbox/ctakes-commits/201209.mbox/<20120924220607.3A18E2388C73@eris.apache.org>,chenpei
Mon Sep 24 22:07:49 2012,http://mail-archives.apache.org/mod_mbox/ctakes-commits/201209.mbox/<20120924220607.3A18E2388C73@eris.apache.org>,chenpei
Mon Sep 24 22:07:49 2012,http://mail-archives.apache.org/mod_mbox/ctakes-commits/201209.mbox/<20120924220607.3A18E2388C73@eris.apache.org>,chenpei
Mon Sep 24 22:07:49 2012,http://mail-archives.apache.org/mod_mbox/ctakes-commits/201209.mbox/<20120924220607.3A18E2388C73@eris.apache.org>,chenpei
Mon Sep 24 22:07:49 2012,http://mail-archives.apache.org/mod_mbox/ctakes-commits/201209.mbox/<20120924220607.3A18E2388C73@eris.apache.org>,chenpei
Mon Sep 24 22:07:49 2012,http://mail-archives.apache.org/mod_mbox/ctakes-commits/201209.mbox/<20120924220607.3A18E2388C73@eris.apache.org>,chenpei
Mon Sep 24 22:07:49 2012,http://mail-archives.apache.org/mod_mbox/ctakes-commits/201209.mbox/<20120924220607.3A18E2388C73@eris.apache.org>,chenpei
Mon Sep 24 22:07:49 2012,http://mail-archives.apache.org/mod_mbox/ctakes-commits/201209.mbox/<20120924220607.3A18E2388C73@eris.apache.org>,chenpei
Mon Sep 24 22:07:49 2012,http://mail-archives.apache.org/mod_mbox/ctakes-commits/201209.mbox/<20120924220607.3A18E2388C73@eris.apache.org>,chenpei
Mon Sep 24 22:07:49 2012,http://mail-archives.apache.org/mod_mbox/ctakes-commits/201209.mbox/<20120924220607.3A18E2388C73@eris.apache.org>,chenpei
Mon Sep 24 22:07:49 2012,http://mail-archives.apache.org/mod_mbox/ctakes-commits/201209.mbox/<20120924220607.3A18E2388C73@eris.apache.org>,chenpei
Mon Sep 24 22:07:49 2012,http://mail-archives.apache.org/mod_mbox/ctakes-commits/201209.mbox/<20120924220607.3A18E2388C73@eris.apache.org>,chenpei
Mon Sep 24 22:07:49 2012,http://mail-archives.apache.org/mod_mbox/ctakes-commits/201209.mbox/<20120924220607.3A18E2388C73@eris.apache.org>,chenpei
Mon Sep 24 22:07:49 2012,http://mail-archives.apache.org/mod_mbox/ctakes-commits/201209.mbox/<20120924220607.3A18E2388C73@eris.apache.org>,chenpei
Mon Sep 24 22:07:49 2012,http://mail-archives.apache.org/mod_mbox/ctakes-commits/201209.mbox/<20120924220607.3A18E2388C73@eris.apache.org>,chenpei
Mon Sep 24 22:07:49 2012,http://mail-archives.apache.org/mod_mbox/ctakes-commits/201209.mbox/<20120924220607.3A18E2388C73@eris.apache.org>,chenpei
Mon Sep 24 22:07:49 2012,http://mail-archives.apache.org/mod_mbox/ctakes-commits/201209.mbox/<20120924220607.3A18E2388C73@eris.apache.org>,chenpei
Mon Sep 24 22:07:49 2012,http://mail-archives.apache.org/mod_mbox/ctakes-commits/201209.mbox/<20120924220607.3A18E2388C73@eris.apache.org>,chenpei
Mon Sep 24 22:07:49 2012,http://mail-archives.apache.org/mod_mbox/ctakes-commits/201209.mbox/<20120924220607.3A18E2388C73@eris.apache.org>,chenpei
Mon Sep 24 22:07:49 2012,http://mail-archives.apache.org/mod_mbox/ctakes-commits/201209.mbox/<20120924220607.3A18E2388C73@eris.apache.org>,chenpei
Mon Sep 24 22:07:49 2012,http://mail-archives.apache.org/mod_mbox/ctakes-commits/201209.mbox/<20120924220607.3A18E2388C73@eris.apache.org>,chenpei
Mon Sep 24 22:07:49 2012,http://mail-archives.apache.org/mod_mbox/ctakes-commits/201209.mbox/<20120924220607.3A18E2388C73@eris.apache.org>,chenpei
Mon Sep 24 22:07:49 2012,http://mail-archives.apache.org/mod_mbox/ctakes-commits/201209.mbox/<20120924220607.3A18E2388C73@eris.apache.org>,chenpei
Mon Sep 24 22:07:49 2012,http://mail-archives.apache.org/mod_mbox/ctakes-commits/201209.mbox/<20120924220607.3A18E2388C73@eris.apache.org>,chenpei
Mon Sep 24 22:07:49 2012,http://mail-archives.apache.org/mod_mbox/ctakes-commits/201209.mbox/<20120924220607.3A18E2388C73@eris.apache.org>,chenpei
Mon Sep 24 22:07:49 2012,http://mail-archives.apache.org/mod_mbox/ctakes-commits/201209.mbox/<20120924220607.3A18E2388C73@eris.apache.org>,chenpei
Mon Sep 24 22:07:49 2012,http://mail-archives.apache.org/mod_mbox/ctakes-commits/201209.mbox/<20120924220607.3A18E2388C73@eris.apache.org>,chenpei
Mon Sep 24 22:07:49 2012,http://mail-archives.apache.org/mod_mbox/ctakes-commits/201209.mbox/<20120924220607.3A18E2388C73@eris.apache.org>,chenpei
Mon Sep 24 22:07:49 2012,http://mail-archives.apache.org/mod_mbox/ctakes-commits/201209.mbox/<20120924220607.3A18E2388C73@eris.apache.org>,chenpei
Mon Sep 24 22:07:49 2012,http://mail-archives.apache.org/mod_mbox/ctakes-commits/201209.mbox/<20120924220607.3A18E2388C73@eris.apache.org>,chenpei
Mon Sep 24 22:07:49 2012,http://mail-archives.apache.org/mod_mbox/ctakes-commits/201209.mbox/<20120924220607.3A18E2388C73@eris.apache.org>,chenpei
Mon Sep 24 22:07:49 2012,http://mail-archives.apache.org/mod_mbox/ctakes-commits/201209.mbox/<20120924220607.3A18E2388C73@eris.apache.org>,chenpei
Mon Sep 24 22:07:49 2012,http://mail-archives.apache.org/mod_mbox/ctakes-commits/201209.mbox/<20120924220607.3A18E2388C73@eris.apache.org>,chenpei
Mon Sep 24 22:07:49 2012,http://mail-archives.apache.org/mod_mbox/ctakes-commits/201209.mbox/<20120924220607.3A18E2388C73@eris.apache.org>,chenpei
Mon Sep 24 22:07:49 2012,http://mail-archives.apache.org/mod_mbox/ctakes-commits/201209.mbox/<20120924220607.3A18E2388C73@eris.apache.org>,chenpei
Mon Sep 24 22:07:49 2012,http://mail-archives.apache.org/mod_mbox/ctakes-commits/201209.mbox/<20120924220607.3A18E2388C73@eris.apache.org>,chenpei
Mon Sep 24 22:07:49 2012,http://mail-archives.apache.org/mod_mbox/ctakes-commits/201209.mbox/<20120924220607.3A18E2388C73@eris.apache.org>,chenpei
Mon Sep 24 22:07:49 2012,http://mail-archives.apache.org/mod_mbox/ctakes-commits/201209.mbox/<20120924220607.3A18E2388C73@eris.apache.org>,chenpei
Mon Sep 24 22:07:49 2012,http://mail-archives.apache.org/mod_mbox/ctakes-commits/201209.mbox/<20120924220607.3A18E2388C73@eris.apache.org>,chenpei
Mon Sep 24 22:07:49 2012,http://mail-archives.apache.org/mod_mbox/ctakes-commits/201209.mbox/<20120924220607.3A18E2388C73@eris.apache.org>,chenpei
Mon Sep 24 22:07:49 2012,http://mail-archives.apache.org/mod_mbox/ctakes-commits/201209.mbox/<20120924220607.3A18E2388C73@eris.apache.org>,chenpei
Mon Sep 24 22:07:49 2012,http://mail-archives.apache.org/mod_mbox/ctakes-commits/201209.mbox/<20120924220607.3A18E2388C73@eris.apache.org>,chenpei
Mon Sep 24 22:07:49 2012,http://mail-archives.apache.org/mod_mbox/ctakes-commits/201209.mbox/<20120924220607.3A18E2388C73@eris.apache.org>,chenpei
Mon Sep 24 22:07:49 2012,http://mail-archives.apache.org/mod_mbox/ctakes-commits/201209.mbox/<20120924220607.3A18E2388C73@eris.apache.org>,chenpei
Mon Sep 24 22:07:49 2012,http://mail-archives.apache.org/mod_mbox/ctakes-commits/201209.mbox/<20120924220607.3A18E2388C73@eris.apache.org>,chenpei
Mon Sep 24 22:07:49 2012,http://mail-archives.apache.org/mod_mbox/ctakes-commits/201209.mbox/<20120924220607.3A18E2388C73@eris.apache.org>,chenpei
Mon Sep 24 22:07:49 2012,http://mail-archives.apache.org/mod_mbox/ctakes-commits/201209.mbox/<20120924220607.3A18E2388C73@eris.apache.org>,chenpei
Mon Sep 24 22:07:49 2012,http://mail-archives.apache.org/mod_mbox/ctakes-commits/201209.mbox/<20120924220607.3A18E2388C73@eris.apache.org>,chenpei
Mon Sep 24 22:07:49 2012,http://mail-archives.apache.org/mod_mbox/ctakes-commits/201209.mbox/<20120924220607.3A18E2388C73@eris.apache.org>,chenpei
Mon Sep 24 22:07:49 2012,http://mail-archives.apache.org/mod_mbox/ctakes-commits/201209.mbox/<20120924220607.3A18E2388C73@eris.apache.org>,chenpei
Mon Sep 24 22:07:49 2012,http://mail-archives.apache.org/mod_mbox/ctakes-commits/201209.mbox/<20120924220607.3A18E2388C73@eris.apache.org>,chenpei
Mon Sep 24 22:07:49 2012,http://mail-archives.apache.org/mod_mbox/ctakes-commits/201209.mbox/<20120924220607.3A18E2388C73@eris.apache.org>,chenpei
Mon Sep 24 22:07:49 2012,http://mail-archives.apache.org/mod_mbox/ctakes-commits/201209.mbox/<20120924220607.3A18E2388C73@eris.apache.org>,chenpei
Mon Sep 24 22:07:49 2012,http://mail-archives.apache.org/mod_mbox/ctakes-commits/201209.mbox/<20120924220607.3A18E2388C73@eris.apache.org>,chenpei
Mon Sep 24 22:07:49 2012,http://mail-archives.apache.org/mod_mbox/ctakes-commits/201209.mbox/<20120924220607.3A18E2388C73@eris.apache.org>,chenpei
Mon Sep 24 22:07:49 2012,http://mail-archives.apache.org/mod_mbox/ctakes-commits/201209.mbox/<20120924220607.3A18E2388C73@eris.apache.org>,chenpei
Mon Sep 24 22:07:49 2012,http://mail-archives.apache.org/mod_mbox/ctakes-commits/201209.mbox/<20120924220607.3A18E2388C73@eris.apache.org>,chenpei
Mon Sep 24 22:07:49 2012,http://mail-archives.apache.org/mod_mbox/ctakes-commits/201209.mbox/<20120924220607.3A18E2388C73@eris.apache.org>,chenpei
Mon Sep 24 22:07:49 2012,http://mail-archives.apache.org/mod_mbox/ctakes-commits/201209.mbox/<20120924220607.3A18E2388C73@eris.apache.org>,chenpei
Mon Sep 24 22:07:49 2012,http://mail-archives.apache.org/mod_mbox/ctakes-commits/201209.mbox/<20120924220607.3A18E2388C73@eris.apache.org>,chenpei
Mon Sep 24 22:07:49 2012,http://mail-archives.apache.org/mod_mbox/ctakes-commits/201209.mbox/<20120924220607.3A18E2388C73@eris.apache.org>,chenpei
Mon Sep 24 22:07:49 2012,http://mail-archives.apache.org/mod_mbox/ctakes-commits/201209.mbox/<20120924220607.3A18E2388C73@eris.apache.org>,chenpei
Mon Sep 24 22:07:49 2012,http://mail-archives.apache.org/mod_mbox/ctakes-commits/201209.mbox/<20120924220607.3A18E2388C73@eris.apache.org>,chenpei
Mon Sep 24 22:07:49 2012,http://mail-archives.apache.org/mod_mbox/ctakes-commits/201209.mbox/<20120924220607.3A18E2388C73@eris.apache.org>,chenpei
Mon Sep 24 22:07:49 2012,http://mail-archives.apache.org/mod_mbox/ctakes-commits/201209.mbox/<20120924220607.3A18E2388C73@eris.apache.org>,chenpei
Mon Sep 24 22:07:49 2012,http://mail-archives.apache.org/mod_mbox/ctakes-commits/201209.mbox/<20120924220607.3A18E2388C73@eris.apache.org>,chenpei
Mon Sep 24 22:07:49 2012,http://mail-archives.apache.org/mod_mbox/ctakes-commits/201209.mbox/<20120924220607.3A18E2388C73@eris.apache.org>,chenpei
Mon Sep 24 22:07:49 2012,http://mail-archives.apache.org/mod_mbox/ctakes-commits/201209.mbox/<20120924220607.3A18E2388C73@eris.apache.org>,chenpei
Mon Sep 24 22:07:49 2012,http://mail-archives.apache.org/mod_mbox/ctakes-commits/201209.mbox/<20120924220607.3A18E2388C73@eris.apache.org>,chenpei
Mon Sep 24 22:07:49 2012,http://mail-archives.apache.org/mod_mbox/ctakes-commits/201209.mbox/<20120924220607.3A18E2388C73@eris.apache.org>,chenpei
Mon Sep 24 22:07:49 2012,http://mail-archives.apache.org/mod_mbox/ctakes-commits/201209.mbox/<20120924220607.3A18E2388C73@eris.apache.org>,chenpei
Mon Sep 24 22:07:49 2012,http://mail-archives.apache.org/mod_mbox/ctakes-commits/201209.mbox/<20120924220607.3A18E2388C73@eris.apache.org>,chenpei
Mon Sep 24 22:07:49 2012,http://mail-archives.apache.org/mod_mbox/ctakes-commits/201209.mbox/<20120924220607.3A18E2388C73@eris.apache.org>,chenpei
Mon Sep 24 22:07:49 2012,http://mail-archives.apache.org/mod_mbox/ctakes-commits/201209.mbox/<20120924220607.3A18E2388C73@eris.apache.org>,chenpei
Mon Sep 24 22:07:49 2012,http://mail-archives.apache.org/mod_mbox/ctakes-commits/201209.mbox/<20120924220607.3A18E2388C73@eris.apache.org>,chenpei
Mon Sep 24 22:07:49 2012,http://mail-archives.apache.org/mod_mbox/ctakes-commits/201209.mbox/<20120924220607.3A18E2388C73@eris.apache.org>,chenpei
Mon Sep 24 22:07:49 2012,http://mail-archives.apache.org/mod_mbox/ctakes-commits/201209.mbox/<20120924220607.3A18E2388C73@eris.apache.org>,chenpei
Mon Sep 24 22:07:49 2012,http://mail-archives.apache.org/mod_mbox/ctakes-commits/201209.mbox/<20120924220607.3A18E2388C73@eris.apache.org>,chenpei
Mon Sep 24 22:07:49 2012,http://mail-archives.apache.org/mod_mbox/ctakes-commits/201209.mbox/<20120924220607.3A18E2388C73@eris.apache.org>,chenpei
Mon Sep 24 22:07:49 2012,http://mail-archives.apache.org/mod_mbox/ctakes-commits/201209.mbox/<20120924220607.3A18E2388C73@eris.apache.org>,chenpei
Mon Sep 24 22:07:49 2012,http://mail-archives.apache.org/mod_mbox/ctakes-commits/201209.mbox/<20120924220607.3A18E2388C73@eris.apache.org>,chenpei
Mon Sep 24 22:07:49 2012,http://mail-archives.apache.org/mod_mbox/ctakes-commits/201209.mbox/<20120924220607.3A18E2388C73@eris.apache.org>,chenpei
Mon Sep 24 22:07:49 2012,http://mail-archives.apache.org/mod_mbox/ctakes-commits/201209.mbox/<20120924220607.3A18E2388C73@eris.apache.org>,chenpei
Mon Sep 24 22:07:49 2012,http://mail-archives.apache.org/mod_mbox/ctakes-commits/201209.mbox/<20120924220607.3A18E2388C73@eris.apache.org>,chenpei
Mon Sep 24 22:07:49 2012,http://mail-archives.apache.org/mod_mbox/ctakes-commits/201209.mbox/<20120924220607.3A18E2388C73@eris.apache.org>,chenpei
Mon Sep 24 22:07:49 2012,http://mail-archives.apache.org/mod_mbox/ctakes-commits/201209.mbox/<20120924220607.3A18E2388C73@eris.apache.org>,chenpei
Mon Sep 24 22:07:49 2012,http://mail-archives.apache.org/mod_mbox/ctakes-commits/201209.mbox/<20120924220607.3A18E2388C73@eris.apache.org>,chenpei
Mon Sep 24 22:07:49 2012,http://mail-archives.apache.org/mod_mbox/ctakes-commits/201209.mbox/<20120924220607.3A18E2388C73@eris.apache.org>,chenpei
Mon Sep 24 22:07:49 2012,http://mail-archives.apache.org/mod_mbox/ctakes-commits/201209.mbox/<20120924220607.3A18E2388C73@eris.apache.org>,chenpei
Mon Sep 24 22:07:49 2012,http://mail-archives.apache.org/mod_mbox/ctakes-commits/201209.mbox/<20120924220607.3A18E2388C73@eris.apache.org>,chenpei
Mon Sep 24 22:07:49 2012,http://mail-archives.apache.org/mod_mbox/ctakes-commits/201209.mbox/<20120924220607.3A18E2388C73@eris.apache.org>,chenpei
Mon Sep 24 22:07:49 2012,http://mail-archives.apache.org/mod_mbox/ctakes-commits/201209.mbox/<20120924220607.3A18E2388C73@eris.apache.org>,chenpei
Mon Sep 24 22:07:49 2012,http://mail-archives.apache.org/mod_mbox/ctakes-commits/201209.mbox/<20120924220607.3A18E2388C73@eris.apache.org>,chenpei
Mon Sep 24 22:07:49 2012,http://mail-archives.apache.org/mod_mbox/ctakes-commits/201209.mbox/<20120924220607.3A18E2388C73@eris.apache.org>,chenpei
Mon Sep 24 22:07:49 2012,http://mail-archives.apache.org/mod_mbox/ctakes-commits/201209.mbox/<20120924220607.3A18E2388C73@eris.apache.org>,chenpei
Mon Sep 24 22:07:49 2012,http://mail-archives.apache.org/mod_mbox/ctakes-commits/201209.mbox/<20120924220607.3A18E2388C73@eris.apache.org>,chenpei
Mon Sep 24 22:07:49 2012,http://mail-archives.apache.org/mod_mbox/ctakes-commits/201209.mbox/<20120924220607.3A18E2388C73@eris.apache.org>,chenpei
Mon Sep 24 22:07:49 2012,http://mail-archives.apache.org/mod_mbox/ctakes-commits/201209.mbox/<20120924220607.3A18E2388C73@eris.apache.org>,chenpei
Mon Sep 24 22:07:49 2012,http://mail-archives.apache.org/mod_mbox/ctakes-commits/201209.mbox/<20120924220607.3A18E2388C73@eris.apache.org>,chenpei
Mon Sep 24 22:07:49 2012,http://mail-archives.apache.org/mod_mbox/ctakes-commits/201209.mbox/<20120924220607.3A18E2388C73@eris.apache.org>,chenpei
Mon Sep 24 22:07:49 2012,http://mail-archives.apache.org/mod_mbox/ctakes-commits/201209.mbox/<20120924220607.3A18E2388C73@eris.apache.org>,chenpei
Mon Sep 24 22:07:49 2012,http://mail-archives.apache.org/mod_mbox/ctakes-commits/201209.mbox/<20120924220607.3A18E2388C73@eris.apache.org>,chenpei
Mon Sep 24 22:07:49 2012,http://mail-archives.apache.org/mod_mbox/ctakes-commits/201209.mbox/<20120924220607.3A18E2388C73@eris.apache.org>,chenpei
Mon Sep 24 22:07:49 2012,http://mail-archives.apache.org/mod_mbox/ctakes-commits/201209.mbox/<20120924220607.3A18E2388C73@eris.apache.org>,chenpei
Mon Sep 24 22:07:49 2012,http://mail-archives.apache.org/mod_mbox/ctakes-commits/201209.mbox/<20120924220607.3A18E2388C73@eris.apache.org>,chenpei
Mon Sep 24 22:07:49 2012,http://mail-archives.apache.org/mod_mbox/ctakes-commits/201209.mbox/<20120924220607.3A18E2388C73@eris.apache.org>,chenpei
Mon Sep 24 22:07:49 2012,http://mail-archives.apache.org/mod_mbox/ctakes-commits/201209.mbox/<20120924220607.3A18E2388C73@eris.apache.org>,chenpei
Mon Sep 24 22:07:49 2012,http://mail-archives.apache.org/mod_mbox/ctakes-commits/201209.mbox/<20120924220607.3A18E2388C73@eris.apache.org>,chenpei
Mon Sep 24 22:07:49 2012,http://mail-archives.apache.org/mod_mbox/ctakes-commits/201209.mbox/<20120924220607.3A18E2388C73@eris.apache.org>,chenpei
Mon Sep 24 22:07:49 2012,http://mail-archives.apache.org/mod_mbox/ctakes-commits/201209.mbox/<20120924220607.3A18E2388C73@eris.apache.org>,chenpei
Mon Sep 24 22:07:49 2012,http://mail-archives.apache.org/mod_mbox/ctakes-commits/201209.mbox/<20120924220607.3A18E2388C73@eris.apache.org>,chenpei
Mon Sep 24 22:07:49 2012,http://mail-archives.apache.org/mod_mbox/ctakes-commits/201209.mbox/<20120924220607.3A18E2388C73@eris.apache.org>,chenpei
Mon Sep 24 22:07:49 2012,http://mail-archives.apache.org/mod_mbox/ctakes-commits/201209.mbox/<20120924220607.3A18E2388C73@eris.apache.org>,chenpei
Mon Sep 24 22:07:49 2012,http://mail-archives.apache.org/mod_mbox/ctakes-commits/201209.mbox/<20120924220607.3A18E2388C73@eris.apache.org>,chenpei
Mon Sep 24 22:07:49 2012,http://mail-archives.apache.org/mod_mbox/ctakes-commits/201209.mbox/<20120924220607.3A18E2388C73@eris.apache.org>,chenpei
Mon Sep 24 22:07:49 2012,http://mail-archives.apache.org/mod_mbox/ctakes-commits/201209.mbox/<20120924220607.3A18E2388C73@eris.apache.org>,chenpei
Mon Sep 24 22:07:49 2012,http://mail-archives.apache.org/mod_mbox/ctakes-commits/201209.mbox/<20120924220607.3A18E2388C73@eris.apache.org>,chenpei
Mon Sep 24 22:07:49 2012,http://mail-archives.apache.org/mod_mbox/ctakes-commits/201209.mbox/<20120924220607.3A18E2388C73@eris.apache.org>,chenpei
Mon Sep 24 22:07:49 2012,http://mail-archives.apache.org/mod_mbox/ctakes-commits/201209.mbox/<20120924220607.3A18E2388C73@eris.apache.org>,chenpei
Mon Sep 24 22:07:49 2012,http://mail-archives.apache.org/mod_mbox/ctakes-commits/201209.mbox/<20120924220607.3A18E2388C73@eris.apache.org>,chenpei
Mon Sep 24 22:07:49 2012,http://mail-archives.apache.org/mod_mbox/ctakes-commits/201209.mbox/<20120924220607.3A18E2388C73@eris.apache.org>,chenpei
Mon Sep 24 22:07:49 2012,http://mail-archives.apache.org/mod_mbox/ctakes-commits/201209.mbox/<20120924220607.3A18E2388C73@eris.apache.org>,chenpei
Mon Sep 24 22:07:49 2012,http://mail-archives.apache.org/mod_mbox/ctakes-commits/201209.mbox/<20120924220607.3A18E2388C73@eris.apache.org>,chenpei
Mon Sep 24 22:07:49 2012,http://mail-archives.apache.org/mod_mbox/ctakes-commits/201209.mbox/<20120924220607.3A18E2388C73@eris.apache.org>,chenpei
Mon Sep 24 22:07:49 2012,http://mail-archives.apache.org/mod_mbox/ctakes-commits/201209.mbox/<20120924220607.3A18E2388C73@eris.apache.org>,chenpei
Mon Sep 24 22:07:49 2012,http://mail-archives.apache.org/mod_mbox/ctakes-commits/201209.mbox/<20120924220607.3A18E2388C73@eris.apache.org>,chenpei
Mon Sep 24 22:07:49 2012,http://mail-archives.apache.org/mod_mbox/ctakes-commits/201209.mbox/<20120924220607.3A18E2388C73@eris.apache.org>,chenpei
Mon Sep 24 22:07:49 2012,http://mail-archives.apache.org/mod_mbox/ctakes-commits/201209.mbox/<20120924220607.3A18E2388C73@eris.apache.org>,chenpei
Mon Sep 24 22:07:49 2012,http://mail-archives.apache.org/mod_mbox/ctakes-commits/201209.mbox/<20120924220607.3A18E2388C73@eris.apache.org>,chenpei
Mon Sep 24 22:07:49 2012,http://mail-archives.apache.org/mod_mbox/ctakes-commits/201209.mbox/<20120924220607.3A18E2388C73@eris.apache.org>,chenpei
Mon Sep 24 22:07:49 2012,http://mail-archives.apache.org/mod_mbox/ctakes-commits/201209.mbox/<20120924220607.3A18E2388C73@eris.apache.org>,chenpei
Mon Sep 24 22:07:49 2012,http://mail-archives.apache.org/mod_mbox/ctakes-commits/201209.mbox/<20120924220607.3A18E2388C73@eris.apache.org>,chenpei
Mon Sep 24 22:07:49 2012,http://mail-archives.apache.org/mod_mbox/ctakes-commits/201209.mbox/<20120924220607.3A18E2388C73@eris.apache.org>,chenpei
Mon Sep 24 22:07:49 2012,http://mail-archives.apache.org/mod_mbox/ctakes-commits/201209.mbox/<20120924220607.3A18E2388C73@eris.apache.org>,chenpei
Mon Sep 24 22:07:49 2012,http://mail-archives.apache.org/mod_mbox/ctakes-commits/201209.mbox/<20120924220607.3A18E2388C73@eris.apache.org>,chenpei
Mon Sep 24 22:07:49 2012,http://mail-archives.apache.org/mod_mbox/ctakes-commits/201209.mbox/<20120924220607.3A18E2388C73@eris.apache.org>,chenpei
Mon Sep 24 22:07:49 2012,http://mail-archives.apache.org/mod_mbox/ctakes-commits/201209.mbox/<20120924220607.3A18E2388C73@eris.apache.org>,chenpei
Mon Sep 24 22:07:49 2012,http://mail-archives.apache.org/mod_mbox/ctakes-commits/201209.mbox/<20120924220607.3A18E2388C73@eris.apache.org>,chenpei
Mon Sep 24 22:07:49 2012,http://mail-archives.apache.org/mod_mbox/ctakes-commits/201209.mbox/<20120924220607.3A18E2388C73@eris.apache.org>,chenpei
Mon Sep 24 22:07:49 2012,http://mail-archives.apache.org/mod_mbox/ctakes-commits/201209.mbox/<20120924220607.3A18E2388C73@eris.apache.org>,chenpei
Mon Sep 24 22:07:49 2012,http://mail-archives.apache.org/mod_mbox/ctakes-commits/201209.mbox/<20120924220607.3A18E2388C73@eris.apache.org>,chenpei
Mon Sep 24 22:07:49 2012,http://mail-archives.apache.org/mod_mbox/ctakes-commits/201209.mbox/<20120924220607.3A18E2388C73@eris.apache.org>,chenpei
Mon Sep 24 22:07:49 2012,http://mail-archives.apache.org/mod_mbox/ctakes-commits/201209.mbox/<20120924220607.3A18E2388C73@eris.apache.org>,chenpei
Mon Sep 24 22:07:49 2012,http://mail-archives.apache.org/mod_mbox/ctakes-commits/201209.mbox/<20120924220607.3A18E2388C73@eris.apache.org>,chenpei
Mon Sep 24 22:07:49 2012,http://mail-archives.apache.org/mod_mbox/ctakes-commits/201209.mbox/<20120924220607.3A18E2388C73@eris.apache.org>,chenpei
Mon Sep 24 22:07:49 2012,http://mail-archives.apache.org/mod_mbox/ctakes-commits/201209.mbox/<20120924220607.3A18E2388C73@eris.apache.org>,chenpei
Mon Sep 24 22:07:49 2012,http://mail-archives.apache.org/mod_mbox/ctakes-commits/201209.mbox/<20120924220607.3A18E2388C73@eris.apache.org>,chenpei
Mon Sep 24 22:07:49 2012,http://mail-archives.apache.org/mod_mbox/ctakes-commits/201209.mbox/<20120924220607.3A18E2388C73@eris.apache.org>,chenpei
Mon Sep 24 22:07:49 2012,http://mail-archives.apache.org/mod_mbox/ctakes-commits/201209.mbox/<20120924220607.3A18E2388C73@eris.apache.org>,chenpei
Mon Sep 24 22:07:49 2012,http://mail-archives.apache.org/mod_mbox/ctakes-commits/201209.mbox/<20120924220607.3A18E2388C73@eris.apache.org>,chenpei
Mon Sep 24 22:07:49 2012,http://mail-archives.apache.org/mod_mbox/ctakes-commits/201209.mbox/<20120924220607.3A18E2388C73@eris.apache.org>,chenpei
Mon Sep 24 22:07:49 2012,http://mail-archives.apache.org/mod_mbox/ctakes-commits/201209.mbox/<20120924220607.3A18E2388C73@eris.apache.org>,chenpei
Mon Sep 24 22:07:49 2012,http://mail-archives.apache.org/mod_mbox/ctakes-commits/201209.mbox/<20120924220607.3A18E2388C73@eris.apache.org>,chenpei
Mon Sep 24 22:07:49 2012,http://mail-archives.apache.org/mod_mbox/ctakes-commits/201209.mbox/<20120924220607.3A18E2388C73@eris.apache.org>,chenpei
Mon Sep 24 22:07:49 2012,http://mail-archives.apache.org/mod_mbox/ctakes-commits/201209.mbox/<20120924220607.3A18E2388C73@eris.apache.org>,chenpei
Mon Sep 24 22:07:49 2012,http://mail-archives.apache.org/mod_mbox/ctakes-commits/201209.mbox/<20120924220607.3A18E2388C73@eris.apache.org>,chenpei
Mon Sep 24 22:07:49 2012,http://mail-archives.apache.org/mod_mbox/ctakes-commits/201209.mbox/<20120924220607.3A18E2388C73@eris.apache.org>,chenpei
Mon Sep 24 22:07:49 2012,http://mail-archives.apache.org/mod_mbox/ctakes-commits/201209.mbox/<20120924220607.3A18E2388C73@eris.apache.org>,chenpei
Mon Sep 24 22:07:49 2012,http://mail-archives.apache.org/mod_mbox/ctakes-commits/201209.mbox/<20120924220607.3A18E2388C73@eris.apache.org>,chenpei
Mon Sep 24 22:07:49 2012,http://mail-archives.apache.org/mod_mbox/ctakes-commits/201209.mbox/<20120924220607.3A18E2388C73@eris.apache.org>,chenpei
Mon Sep 24 22:07:49 2012,http://mail-archives.apache.org/mod_mbox/ctakes-commits/201209.mbox/<20120924220607.3A18E2388C73@eris.apache.org>,chenpei
Mon Sep 24 22:07:49 2012,http://mail-archives.apache.org/mod_mbox/ctakes-commits/201209.mbox/<20120924220607.3A18E2388C73@eris.apache.org>,chenpei
Mon Sep 24 22:07:49 2012,http://mail-archives.apache.org/mod_mbox/ctakes-commits/201209.mbox/<20120924220607.3A18E2388C73@eris.apache.org>,chenpei
Mon Sep 24 22:07:49 2012,http://mail-archives.apache.org/mod_mbox/ctakes-commits/201209.mbox/<20120924220607.3A18E2388C73@eris.apache.org>,chenpei
Mon Sep 24 22:07:49 2012,http://mail-archives.apache.org/mod_mbox/ctakes-commits/201209.mbox/<20120924220607.3A18E2388C73@eris.apache.org>,chenpei
Mon Sep 24 22:07:49 2012,http://mail-archives.apache.org/mod_mbox/ctakes-commits/201209.mbox/<20120924220607.3A18E2388C73@eris.apache.org>,chenpei
Mon Sep 24 22:07:49 2012,http://mail-archives.apache.org/mod_mbox/ctakes-commits/201209.mbox/<20120924220607.3A18E2388C73@eris.apache.org>,chenpei
Mon Sep 24 22:07:49 2012,http://mail-archives.apache.org/mod_mbox/ctakes-commits/201209.mbox/<20120924220607.3A18E2388C73@eris.apache.org>,chenpei
Mon Sep 24 22:07:49 2012,http://mail-archives.apache.org/mod_mbox/ctakes-commits/201209.mbox/<20120924220607.3A18E2388C73@eris.apache.org>,chenpei
Mon Sep 24 22:07:49 2012,http://mail-archives.apache.org/mod_mbox/ctakes-commits/201209.mbox/<20120924220607.3A18E2388C73@eris.apache.org>,chenpei
Mon Sep 24 22:07:49 2012,http://mail-archives.apache.org/mod_mbox/ctakes-commits/201209.mbox/<20120924220607.3A18E2388C73@eris.apache.org>,chenpei
Mon Sep 24 22:07:49 2012,http://mail-archives.apache.org/mod_mbox/ctakes-commits/201209.mbox/<20120924220607.3A18E2388C73@eris.apache.org>,chenpei
Mon Sep 24 22:07:49 2012,http://mail-archives.apache.org/mod_mbox/ctakes-commits/201209.mbox/<20120924220607.3A18E2388C73@eris.apache.org>,chenpei
Mon Sep 24 22:07:49 2012,http://mail-archives.apache.org/mod_mbox/ctakes-commits/201209.mbox/<20120924220607.3A18E2388C73@eris.apache.org>,chenpei
Mon Sep 24 22:07:49 2012,http://mail-archives.apache.org/mod_mbox/ctakes-commits/201209.mbox/<20120924220607.3A18E2388C73@eris.apache.org>,chenpei
Mon Sep 24 22:07:49 2012,http://mail-archives.apache.org/mod_mbox/ctakes-commits/201209.mbox/<20120924220607.3A18E2388C73@eris.apache.org>,chenpei
Mon Sep 24 22:07:49 2012,http://mail-archives.apache.org/mod_mbox/ctakes-commits/201209.mbox/<20120924220607.3A18E2388C73@eris.apache.org>,chenpei
Mon Sep 24 22:07:49 2012,http://mail-archives.apache.org/mod_mbox/ctakes-commits/201209.mbox/<20120924220607.3A18E2388C73@eris.apache.org>,chenpei
Mon Sep 24 22:07:49 2012,http://mail-archives.apache.org/mod_mbox/ctakes-commits/201209.mbox/<20120924220607.3A18E2388C73@eris.apache.org>,chenpei
Mon Sep 24 22:07:49 2012,http://mail-archives.apache.org/mod_mbox/ctakes-commits/201209.mbox/<20120924220607.3A18E2388C73@eris.apache.org>,chenpei
Mon Sep 24 22:07:49 2012,http://mail-archives.apache.org/mod_mbox/ctakes-commits/201209.mbox/<20120924220607.3A18E2388C73@eris.apache.org>,chenpei
Mon Sep 24 22:07:49 2012,http://mail-archives.apache.org/mod_mbox/ctakes-commits/201209.mbox/<20120924220607.3A18E2388C73@eris.apache.org>,chenpei
Mon Sep 24 22:07:49 2012,http://mail-archives.apache.org/mod_mbox/ctakes-commits/201209.mbox/<20120924220607.3A18E2388C73@eris.apache.org>,chenpei
Mon Sep 24 22:07:49 2012,http://mail-archives.apache.org/mod_mbox/ctakes-commits/201209.mbox/<20120924220607.3A18E2388C73@eris.apache.org>,chenpei
Mon Sep 24 22:07:49 2012,http://mail-archives.apache.org/mod_mbox/ctakes-commits/201209.mbox/<20120924220607.3A18E2388C73@eris.apache.org>,chenpei
Mon Sep 24 22:07:49 2012,http://mail-archives.apache.org/mod_mbox/ctakes-commits/201209.mbox/<20120924220607.3A18E2388C73@eris.apache.org>,chenpei
Mon Sep 24 22:07:49 2012,http://mail-archives.apache.org/mod_mbox/ctakes-commits/201209.mbox/<20120924220607.3A18E2388C73@eris.apache.org>,chenpei
Mon Sep 24 22:07:49 2012,http://mail-archives.apache.org/mod_mbox/ctakes-commits/201209.mbox/<20120924220607.3A18E2388C73@eris.apache.org>,chenpei
Mon Sep 24 22:07:49 2012,http://mail-archives.apache.org/mod_mbox/ctakes-commits/201209.mbox/<20120924220607.3A18E2388C73@eris.apache.org>,chenpei
Mon Sep 24 22:07:49 2012,http://mail-archives.apache.org/mod_mbox/ctakes-commits/201209.mbox/<20120924220607.3A18E2388C73@eris.apache.org>,chenpei
Mon Sep 24 22:07:49 2012,http://mail-archives.apache.org/mod_mbox/ctakes-commits/201209.mbox/<20120924220607.3A18E2388C73@eris.apache.org>,chenpei
Mon Sep 24 22:07:49 2012,http://mail-archives.apache.org/mod_mbox/ctakes-commits/201209.mbox/<20120924220607.3A18E2388C73@eris.apache.org>,chenpei
Mon Sep 24 22:07:49 2012,http://mail-archives.apache.org/mod_mbox/ctakes-commits/201209.mbox/<20120924220607.3A18E2388C73@eris.apache.org>,chenpei
Mon Sep 24 22:07:49 2012,http://mail-archives.apache.org/mod_mbox/ctakes-commits/201209.mbox/<20120924220607.3A18E2388C73@eris.apache.org>,chenpei
Mon Sep 24 22:07:49 2012,http://mail-archives.apache.org/mod_mbox/ctakes-commits/201209.mbox/<20120924220607.3A18E2388C73@eris.apache.org>,chenpei
Mon Sep 24 22:07:49 2012,http://mail-archives.apache.org/mod_mbox/ctakes-commits/201209.mbox/<20120924220607.3A18E2388C73@eris.apache.org>,chenpei
Mon Sep 24 22:07:49 2012,http://mail-archives.apache.org/mod_mbox/ctakes-commits/201209.mbox/<20120924220607.3A18E2388C73@eris.apache.org>,chenpei
Mon Sep 24 22:07:49 2012,http://mail-archives.apache.org/mod_mbox/ctakes-commits/201209.mbox/<20120924220607.3A18E2388C73@eris.apache.org>,chenpei
Mon Sep 24 22:07:49 2012,http://mail-archives.apache.org/mod_mbox/ctakes-commits/201209.mbox/<20120924220607.3A18E2388C73@eris.apache.org>,chenpei
Mon Sep 24 22:07:49 2012,http://mail-archives.apache.org/mod_mbox/ctakes-commits/201209.mbox/<20120924220607.3A18E2388C73@eris.apache.org>,chenpei
Mon Sep 24 22:07:49 2012,http://mail-archives.apache.org/mod_mbox/ctakes-commits/201209.mbox/<20120924220607.3A18E2388C73@eris.apache.org>,chenpei
Mon Sep 24 22:07:49 2012,http://mail-archives.apache.org/mod_mbox/ctakes-commits/201209.mbox/<20120924220607.3A18E2388C73@eris.apache.org>,chenpei
Mon Sep 24 22:07:49 2012,http://mail-archives.apache.org/mod_mbox/ctakes-commits/201209.mbox/<20120924220607.3A18E2388C73@eris.apache.org>,chenpei
Mon Sep 24 22:07:49 2012,http://mail-archives.apache.org/mod_mbox/ctakes-commits/201209.mbox/<20120924220607.3A18E2388C73@eris.apache.org>,chenpei
Mon Sep 24 22:07:49 2012,http://mail-archives.apache.org/mod_mbox/ctakes-commits/201209.mbox/<20120924220607.3A18E2388C73@eris.apache.org>,chenpei
Mon Sep 24 22:07:49 2012,http://mail-archives.apache.org/mod_mbox/ctakes-commits/201209.mbox/<20120924220607.3A18E2388C73@eris.apache.org>,chenpei
Mon Sep 24 22:07:49 2012,http://mail-archives.apache.org/mod_mbox/ctakes-commits/201209.mbox/<20120924220607.3A18E2388C73@eris.apache.org>,chenpei
Mon Sep 24 22:07:49 2012,http://mail-archives.apache.org/mod_mbox/ctakes-commits/201209.mbox/<20120924220607.3A18E2388C73@eris.apache.org>,chenpei
Mon Sep 24 22:07:49 2012,http://mail-archives.apache.org/mod_mbox/ctakes-commits/201209.mbox/<20120924220607.3A18E2388C73@eris.apache.org>,chenpei
Mon Sep 24 22:07:49 2012,http://mail-archives.apache.org/mod_mbox/ctakes-commits/201209.mbox/<20120924220607.3A18E2388C73@eris.apache.org>,chenpei
Mon Sep 24 22:07:49 2012,http://mail-archives.apache.org/mod_mbox/ctakes-commits/201209.mbox/<20120924220607.3A18E2388C73@eris.apache.org>,chenpei
Mon Sep 24 22:07:49 2012,http://mail-archives.apache.org/mod_mbox/ctakes-commits/201209.mbox/<20120924220607.3A18E2388C73@eris.apache.org>,chenpei
Mon Sep 24 22:07:49 2012,http://mail-archives.apache.org/mod_mbox/ctakes-commits/201209.mbox/<20120924220607.3A18E2388C73@eris.apache.org>,chenpei
Mon Sep 24 22:07:49 2012,http://mail-archives.apache.org/mod_mbox/ctakes-commits/201209.mbox/<20120924220607.3A18E2388C73@eris.apache.org>,chenpei
Mon Sep 24 22:07:49 2012,http://mail-archives.apache.org/mod_mbox/ctakes-commits/201209.mbox/<20120924220607.3A18E2388C73@eris.apache.org>,chenpei
Mon Sep 24 22:07:49 2012,http://mail-archives.apache.org/mod_mbox/ctakes-commits/201209.mbox/<20120924220607.3A18E2388C73@eris.apache.org>,chenpei
Mon Sep 24 22:07:49 2012,http://mail-archives.apache.org/mod_mbox/ctakes-commits/201209.mbox/<20120924220607.3A18E2388C73@eris.apache.org>,chenpei
Mon Sep 24 22:07:49 2012,http://mail-archives.apache.org/mod_mbox/ctakes-commits/201209.mbox/<20120924220607.3A18E2388C73@eris.apache.org>,chenpei
Mon Sep 24 22:07:49 2012,http://mail-archives.apache.org/mod_mbox/ctakes-commits/201209.mbox/<20120924220607.3A18E2388C73@eris.apache.org>,chenpei
Mon Sep 24 22:07:49 2012,http://mail-archives.apache.org/mod_mbox/ctakes-commits/201209.mbox/<20120924220607.21EBC2388C6C@eris.apache.org>,chenpei
Mon Sep 24 22:07:49 2012,http://mail-archives.apache.org/mod_mbox/ctakes-commits/201209.mbox/<20120924220607.3A18E2388C73@eris.apache.org>,chenpei
Mon Sep 24 22:07:49 2012,http://mail-archives.apache.org/mod_mbox/ctakes-commits/201209.mbox/<20120924220607.21EBC2388C6C@eris.apache.org>,chenpei
Mon Sep 24 22:07:49 2012,http://mail-archives.apache.org/mod_mbox/ctakes-commits/201209.mbox/<20120924220607.21EBC2388C6C@eris.apache.org>,chenpei
Mon Sep 24 22:07:49 2012,http://mail-archives.apache.org/mod_mbox/ctakes-commits/201209.mbox/<20120924220607.21EBC2388C6C@eris.apache.org>,chenpei
Mon Sep 24 22:07:49 2012,http://mail-archives.apache.org/mod_mbox/ctakes-commits/201209.mbox/<20120924220607.21EBC2388C6C@eris.apache.org>,chenpei
Mon Sep 24 22:07:49 2012,http://mail-archives.apache.org/mod_mbox/ctakes-commits/201209.mbox/<20120924220607.21EBC2388C6C@eris.apache.org>,chenpei
Mon Sep 24 22:07:49 2012,http://mail-archives.apache.org/mod_mbox/ctakes-commits/201209.mbox/<20120924220607.21EBC2388C6C@eris.apache.org>,chenpei
Mon Sep 24 22:07:49 2012,http://mail-archives.apache.org/mod_mbox/ctakes-commits/201209.mbox/<20120924220607.21EBC2388C6C@eris.apache.org>,chenpei
Mon Sep 24 22:07:49 2012,http://mail-archives.apache.org/mod_mbox/ctakes-commits/201209.mbox/<20120924220607.21EBC2388C6C@eris.apache.org>,chenpei
Mon Sep 24 22:07:49 2012,http://mail-archives.apache.org/mod_mbox/ctakes-commits/201209.mbox/<20120924220607.21EBC2388C6C@eris.apache.org>,chenpei
Mon Sep 24 22:07:49 2012,http://mail-archives.apache.org/mod_mbox/ctakes-commits/201209.mbox/<20120924220607.21EBC2388C6C@eris.apache.org>,chenpei
Mon Sep 24 22:07:49 2012,http://mail-archives.apache.org/mod_mbox/ctakes-commits/201209.mbox/<20120924220607.21EBC2388C6C@eris.apache.org>,chenpei
Mon Sep 24 22:07:49 2012,http://mail-archives.apache.org/mod_mbox/ctakes-commits/201209.mbox/<20120924220607.21EBC2388C6C@eris.apache.org>,chenpei
Mon Sep 24 22:07:49 2012,http://mail-archives.apache.org/mod_mbox/ctakes-commits/201209.mbox/<20120924220607.21EBC2388C6C@eris.apache.org>,chenpei
Mon Sep 24 22:07:49 2012,http://mail-archives.apache.org/mod_mbox/ctakes-commits/201209.mbox/<20120924220607.21EBC2388C6C@eris.apache.org>,chenpei
Mon Sep 24 22:07:49 2012,http://mail-archives.apache.org/mod_mbox/ctakes-commits/201209.mbox/<20120924220607.21EBC2388C6C@eris.apache.org>,chenpei
Mon Sep 24 22:07:49 2012,http://mail-archives.apache.org/mod_mbox/ctakes-commits/201209.mbox/<20120924220607.21EBC2388C6C@eris.apache.org>,chenpei
Mon Sep 24 22:07:49 2012,http://mail-archives.apache.org/mod_mbox/ctakes-commits/201209.mbox/<20120924220607.21EBC2388C6C@eris.apache.org>,chenpei
Mon Sep 24 22:07:49 2012,http://mail-archives.apache.org/mod_mbox/ctakes-commits/201209.mbox/<20120924220607.21EBC2388C6C@eris.apache.org>,chenpei
Mon Sep 24 22:07:49 2012,http://mail-archives.apache.org/mod_mbox/ctakes-commits/201209.mbox/<20120924220607.21EBC2388C6C@eris.apache.org>,chenpei
Mon Sep 24 22:07:49 2012,http://mail-archives.apache.org/mod_mbox/ctakes-commits/201209.mbox/<20120924220607.21EBC2388C6C@eris.apache.org>,chenpei
Mon Sep 24 22:07:49 2012,http://mail-archives.apache.org/mod_mbox/ctakes-commits/201209.mbox/<20120924220607.21EBC2388C6C@eris.apache.org>,chenpei
Mon Sep 24 22:07:49 2012,http://mail-archives.apache.org/mod_mbox/ctakes-commits/201209.mbox/<20120924220607.21EBC2388C6C@eris.apache.org>,chenpei
Mon Sep 24 22:07:49 2012,http://mail-archives.apache.org/mod_mbox/ctakes-commits/201209.mbox/<20120924220607.21EBC2388C6C@eris.apache.org>,chenpei
Mon Sep 24 22:07:49 2012,http://mail-archives.apache.org/mod_mbox/ctakes-commits/201209.mbox/<20120924220607.21EBC2388C6C@eris.apache.org>,chenpei
Mon Sep 24 22:07:49 2012,http://mail-archives.apache.org/mod_mbox/ctakes-commits/201209.mbox/<20120924220607.21EBC2388C6C@eris.apache.org>,chenpei
Mon Sep 24 22:07:49 2012,http://mail-archives.apache.org/mod_mbox/ctakes-commits/201209.mbox/<20120924220607.21EBC2388C6C@eris.apache.org>,chenpei
Mon Sep 24 22:07:49 2012,http://mail-archives.apache.org/mod_mbox/ctakes-commits/201209.mbox/<20120924220607.21EBC2388C6C@eris.apache.org>,chenpei
Mon Sep 24 22:07:49 2012,http://mail-archives.apache.org/mod_mbox/ctakes-commits/201209.mbox/<20120924220607.21EBC2388C6C@eris.apache.org>,chenpei
Mon Sep 24 22:07:49 2012,http://mail-archives.apache.org/mod_mbox/ctakes-commits/201209.mbox/<20120924220607.21EBC2388C6C@eris.apache.org>,chenpei
Mon Sep 24 22:07:49 2012,http://mail-archives.apache.org/mod_mbox/ctakes-commits/201209.mbox/<20120924220607.21EBC2388C6C@eris.apache.org>,chenpei
Mon Sep 24 22:07:49 2012,http://mail-archives.apache.org/mod_mbox/ctakes-commits/201209.mbox/<20120924220607.21EBC2388C6C@eris.apache.org>,chenpei
Mon Sep 24 22:07:49 2012,http://mail-archives.apache.org/mod_mbox/ctakes-commits/201209.mbox/<20120924220607.21EBC2388C6C@eris.apache.org>,chenpei
Mon Sep 24 22:07:49 2012,http://mail-archives.apache.org/mod_mbox/ctakes-commits/201209.mbox/<20120924220607.21EBC2388C6C@eris.apache.org>,chenpei
Mon Sep 24 22:07:49 2012,http://mail-archives.apache.org/mod_mbox/ctakes-commits/201209.mbox/<20120924220607.21EBC2388C6C@eris.apache.org>,chenpei
Mon Sep 24 22:07:49 2012,http://mail-archives.apache.org/mod_mbox/ctakes-commits/201209.mbox/<20120924220607.21EBC2388C6C@eris.apache.org>,chenpei
Mon Sep 24 22:07:49 2012,http://mail-archives.apache.org/mod_mbox/ctakes-commits/201209.mbox/<20120924220607.21EBC2388C6C@eris.apache.org>,chenpei
Mon Sep 24 22:07:49 2012,http://mail-archives.apache.org/mod_mbox/ctakes-commits/201209.mbox/<20120924220607.21EBC2388C6C@eris.apache.org>,chenpei
Mon Sep 24 22:07:49 2012,http://mail-archives.apache.org/mod_mbox/ctakes-commits/201209.mbox/<20120924220607.21EBC2388C6C@eris.apache.org>,chenpei
Mon Sep 24 22:07:49 2012,http://mail-archives.apache.org/mod_mbox/ctakes-commits/201209.mbox/<20120924220607.21EBC2388C6C@eris.apache.org>,chenpei
Mon Sep 24 22:07:49 2012,http://mail-archives.apache.org/mod_mbox/ctakes-commits/201209.mbox/<20120924220607.21EBC2388C6C@eris.apache.org>,chenpei
Mon Sep 24 22:07:49 2012,http://mail-archives.apache.org/mod_mbox/ctakes-commits/201209.mbox/<20120924220607.21EBC2388C6C@eris.apache.org>,chenpei
Mon Sep 24 22:07:49 2012,http://mail-archives.apache.org/mod_mbox/ctakes-commits/201209.mbox/<20120924220607.21EBC2388C6C@eris.apache.org>,chenpei
Mon Sep 24 22:07:49 2012,http://mail-archives.apache.org/mod_mbox/ctakes-commits/201209.mbox/<20120924220607.21EBC2388C6C@eris.apache.org>,chenpei
Mon Sep 24 22:07:49 2012,http://mail-archives.apache.org/mod_mbox/ctakes-commits/201209.mbox/<20120924220607.21EBC2388C6C@eris.apache.org>,chenpei
Mon Sep 24 22:07:49 2012,http://mail-archives.apache.org/mod_mbox/ctakes-commits/201209.mbox/<20120924220607.21EBC2388C6C@eris.apache.org>,chenpei
Mon Sep 24 22:07:49 2012,http://mail-archives.apache.org/mod_mbox/ctakes-commits/201209.mbox/<20120924220607.21EBC2388C6C@eris.apache.org>,chenpei
Mon Sep 24 22:07:49 2012,http://mail-archives.apache.org/mod_mbox/ctakes-commits/201209.mbox/<20120924220607.21EBC2388C6C@eris.apache.org>,chenpei
Mon Sep 24 22:07:49 2012,http://mail-archives.apache.org/mod_mbox/ctakes-commits/201209.mbox/<20120924220607.21EBC2388C6C@eris.apache.org>,chenpei
Mon Sep 24 22:07:49 2012,http://mail-archives.apache.org/mod_mbox/ctakes-commits/201209.mbox/<20120924220607.21EBC2388C6C@eris.apache.org>,chenpei
Mon Sep 24 22:07:49 2012,http://mail-archives.apache.org/mod_mbox/ctakes-commits/201209.mbox/<20120924220607.21EBC2388C6C@eris.apache.org>,chenpei
Mon Sep 24 22:07:49 2012,http://mail-archives.apache.org/mod_mbox/ctakes-commits/201209.mbox/<20120924220607.21EBC2388C6C@eris.apache.org>,chenpei
Mon Sep 24 22:07:49 2012,http://mail-archives.apache.org/mod_mbox/ctakes-commits/201209.mbox/<20120924220607.21EBC2388C6C@eris.apache.org>,chenpei
Mon Sep 24 22:07:49 2012,http://mail-archives.apache.org/mod_mbox/ctakes-commits/201209.mbox/<20120924220607.21EBC2388C6C@eris.apache.org>,chenpei
Mon Sep 24 22:07:49 2012,http://mail-archives.apache.org/mod_mbox/ctakes-commits/201209.mbox/<20120924220607.21EBC2388C6C@eris.apache.org>,chenpei
Mon Sep 24 22:07:49 2012,http://mail-archives.apache.org/mod_mbox/ctakes-commits/201209.mbox/<20120924220607.21EBC2388C6C@eris.apache.org>,chenpei
Mon Sep 24 22:07:49 2012,http://mail-archives.apache.org/mod_mbox/ctakes-commits/201209.mbox/<20120924220607.21EBC2388C6C@eris.apache.org>,chenpei
Mon Sep 24 22:07:49 2012,http://mail-archives.apache.org/mod_mbox/ctakes-commits/201209.mbox/<20120924220607.21EBC2388C6C@eris.apache.org>,chenpei
Mon Sep 24 22:07:49 2012,http://mail-archives.apache.org/mod_mbox/ctakes-commits/201209.mbox/<20120924220607.21EBC2388C6C@eris.apache.org>,chenpei
Mon Sep 24 22:07:49 2012,http://mail-archives.apache.org/mod_mbox/ctakes-commits/201209.mbox/<20120924220607.21EBC2388C6C@eris.apache.org>,chenpei
Mon Sep 24 22:07:49 2012,http://mail-archives.apache.org/mod_mbox/ctakes-commits/201209.mbox/<20120924220607.21EBC2388C6C@eris.apache.org>,chenpei
Mon Sep 24 22:07:49 2012,http://mail-archives.apache.org/mod_mbox/ctakes-commits/201209.mbox/<20120924220607.21EBC2388C6C@eris.apache.org>,chenpei
Mon Sep 24 22:07:49 2012,http://mail-archives.apache.org/mod_mbox/ctakes-commits/201209.mbox/<20120924220607.21EBC2388C6C@eris.apache.org>,chenpei
Mon Sep 24 22:07:49 2012,http://mail-archives.apache.org/mod_mbox/ctakes-commits/201209.mbox/<20120924220607.21EBC2388C6C@eris.apache.org>,chenpei
Mon Sep 24 22:07:49 2012,http://mail-archives.apache.org/mod_mbox/ctakes-commits/201209.mbox/<20120924220607.21EBC2388C6C@eris.apache.org>,chenpei
Mon Sep 24 22:07:49 2012,http://mail-archives.apache.org/mod_mbox/ctakes-commits/201209.mbox/<20120924220607.21EBC2388C6C@eris.apache.org>,chenpei
Mon Sep 24 22:07:49 2012,http://mail-archives.apache.org/mod_mbox/ctakes-commits/201209.mbox/<20120924220607.21EBC2388C6C@eris.apache.org>,chenpei
Mon Sep 24 22:07:49 2012,http://mail-archives.apache.org/mod_mbox/ctakes-commits/201209.mbox/<20120924220607.21EBC2388C6C@eris.apache.org>,chenpei
Mon Sep 24 22:07:49 2012,http://mail-archives.apache.org/mod_mbox/ctakes-commits/201209.mbox/<20120924220607.21EBC2388C6C@eris.apache.org>,chenpei
Mon Sep 24 22:07:49 2012,http://mail-archives.apache.org/mod_mbox/ctakes-commits/201209.mbox/<20120924220607.21EBC2388C6C@eris.apache.org>,chenpei
Mon Sep 24 22:07:49 2012,http://mail-archives.apache.org/mod_mbox/ctakes-commits/201209.mbox/<20120924220607.21EBC2388C6C@eris.apache.org>,chenpei
Mon Sep 24 22:07:49 2012,http://mail-archives.apache.org/mod_mbox/ctakes-commits/201209.mbox/<20120924220607.21EBC2388C6C@eris.apache.org>,chenpei
Mon Sep 24 22:07:49 2012,http://mail-archives.apache.org/mod_mbox/ctakes-commits/201209.mbox/<20120924220607.21EBC2388C6C@eris.apache.org>,chenpei
Mon Sep 24 22:07:49 2012,http://mail-archives.apache.org/mod_mbox/ctakes-commits/201209.mbox/<20120924220607.21EBC2388C6C@eris.apache.org>,chenpei
Mon Sep 24 22:07:49 2012,http://mail-archives.apache.org/mod_mbox/ctakes-commits/201209.mbox/<20120924220607.21EBC2388C6C@eris.apache.org>,chenpei
Mon Sep 24 22:07:49 2012,http://mail-archives.apache.org/mod_mbox/ctakes-commits/201209.mbox/<20120924220607.21EBC2388C6C@eris.apache.org>,chenpei
Mon Sep 24 22:07:49 2012,http://mail-archives.apache.org/mod_mbox/ctakes-commits/201209.mbox/<20120924220607.21EBC2388C6C@eris.apache.org>,chenpei
Mon Sep 24 22:07:49 2012,http://mail-archives.apache.org/mod_mbox/ctakes-commits/201209.mbox/<20120924220607.21EBC2388C6C@eris.apache.org>,chenpei
Mon Sep 24 22:07:49 2012,http://mail-archives.apache.org/mod_mbox/ctakes-commits/201209.mbox/<20120924220607.21EBC2388C6C@eris.apache.org>,chenpei
Mon Sep 24 22:07:49 2012,http://mail-archives.apache.org/mod_mbox/ctakes-commits/201209.mbox/<20120924220607.21EBC2388C6C@eris.apache.org>,chenpei
Mon Sep 24 22:07:49 2012,http://mail-archives.apache.org/mod_mbox/ctakes-commits/201209.mbox/<20120924220607.21EBC2388C6C@eris.apache.org>,chenpei
Mon Sep 24 22:07:49 2012,http://mail-archives.apache.org/mod_mbox/ctakes-commits/201209.mbox/<20120924220607.21EBC2388C6C@eris.apache.org>,chenpei
Mon Sep 24 22:07:49 2012,http://mail-archives.apache.org/mod_mbox/ctakes-commits/201209.mbox/<20120924220607.21EBC2388C6C@eris.apache.org>,chenpei
Mon Sep 24 22:07:49 2012,http://mail-archives.apache.org/mod_mbox/ctakes-commits/201209.mbox/<20120924220607.21EBC2388C6C@eris.apache.org>,chenpei
Mon Sep 24 22:07:49 2012,http://mail-archives.apache.org/mod_mbox/ctakes-commits/201209.mbox/<20120924220607.21EBC2388C6C@eris.apache.org>,chenpei
Mon Sep 24 22:07:49 2012,http://mail-archives.apache.org/mod_mbox/ctakes-commits/201209.mbox/<20120924220607.21EBC2388C6C@eris.apache.org>,chenpei
Mon Sep 24 22:07:49 2012,http://mail-archives.apache.org/mod_mbox/ctakes-commits/201209.mbox/<20120924220607.21EBC2388C6C@eris.apache.org>,chenpei
Mon Sep 24 22:07:49 2012,http://mail-archives.apache.org/mod_mbox/ctakes-commits/201209.mbox/<20120924220607.21EBC2388C6C@eris.apache.org>,chenpei
Mon Sep 24 22:07:49 2012,http://mail-archives.apache.org/mod_mbox/ctakes-commits/201209.mbox/<20120924220607.21EBC2388C6C@eris.apache.org>,chenpei
Mon Sep 24 22:07:49 2012,http://mail-archives.apache.org/mod_mbox/ctakes-commits/201209.mbox/<20120924220607.21EBC2388C6C@eris.apache.org>,chenpei
Mon Sep 24 22:07:49 2012,http://mail-archives.apache.org/mod_mbox/ctakes-commits/201209.mbox/<20120924220607.21EBC2388C6C@eris.apache.org>,chenpei
Mon Sep 24 22:07:49 2012,http://mail-archives.apache.org/mod_mbox/ctakes-commits/201209.mbox/<20120924220607.21EBC2388C6C@eris.apache.org>,chenpei
Mon Sep 24 22:07:49 2012,http://mail-archives.apache.org/mod_mbox/ctakes-commits/201209.mbox/<20120924220607.21EBC2388C6C@eris.apache.org>,chenpei
Mon Sep 24 22:07:49 2012,http://mail-archives.apache.org/mod_mbox/ctakes-commits/201209.mbox/<20120924220607.21EBC2388C6C@eris.apache.org>,chenpei
Mon Sep 24 22:07:49 2012,http://mail-archives.apache.org/mod_mbox/ctakes-commits/201209.mbox/<20120924220607.21EBC2388C6C@eris.apache.org>,chenpei
Mon Sep 24 22:07:49 2012,http://mail-archives.apache.org/mod_mbox/ctakes-commits/201209.mbox/<20120924220607.21EBC2388C6C@eris.apache.org>,chenpei
Mon Sep 24 22:07:49 2012,http://mail-archives.apache.org/mod_mbox/ctakes-commits/201209.mbox/<20120924220607.21EBC2388C6C@eris.apache.org>,chenpei
Mon Sep 24 22:07:49 2012,http://mail-archives.apache.org/mod_mbox/ctakes-commits/201209.mbox/<20120924220607.21EBC2388C6C@eris.apache.org>,chenpei
Mon Sep 24 22:07:49 2012,http://mail-archives.apache.org/mod_mbox/ctakes-commits/201209.mbox/<20120924220607.21EBC2388C6C@eris.apache.org>,chenpei
Mon Sep 24 22:07:49 2012,http://mail-archives.apache.org/mod_mbox/ctakes-commits/201209.mbox/<20120924220607.21EBC2388C6C@eris.apache.org>,chenpei
Mon Sep 24 22:07:49 2012,http://mail-archives.apache.org/mod_mbox/ctakes-commits/201209.mbox/<20120924220607.21EBC2388C6C@eris.apache.org>,chenpei
Mon Sep 24 22:07:49 2012,http://mail-archives.apache.org/mod_mbox/ctakes-commits/201209.mbox/<20120924220607.21EBC2388C6C@eris.apache.org>,chenpei
Mon Sep 24 22:07:49 2012,http://mail-archives.apache.org/mod_mbox/ctakes-commits/201209.mbox/<20120924220607.21EBC2388C6C@eris.apache.org>,chenpei
Mon Sep 24 22:07:49 2012,http://mail-archives.apache.org/mod_mbox/ctakes-commits/201209.mbox/<20120924220607.21EBC2388C6C@eris.apache.org>,chenpei
Mon Sep 24 22:07:49 2012,http://mail-archives.apache.org/mod_mbox/ctakes-commits/201209.mbox/<20120924220607.21EBC2388C6C@eris.apache.org>,chenpei
Mon Sep 24 22:07:49 2012,http://mail-archives.apache.org/mod_mbox/ctakes-commits/201209.mbox/<20120924220607.21EBC2388C6C@eris.apache.org>,chenpei
Mon Sep 24 22:07:49 2012,http://mail-archives.apache.org/mod_mbox/ctakes-commits/201209.mbox/<20120924220607.21EBC2388C6C@eris.apache.org>,chenpei
Mon Sep 24 22:07:49 2012,http://mail-archives.apache.org/mod_mbox/ctakes-commits/201209.mbox/<20120924220607.21EBC2388C6C@eris.apache.org>,chenpei
Mon Sep 24 22:07:49 2012,http://mail-archives.apache.org/mod_mbox/ctakes-commits/201209.mbox/<20120924220607.21EBC2388C6C@eris.apache.org>,chenpei
Mon Sep 24 22:07:49 2012,http://mail-archives.apache.org/mod_mbox/ctakes-commits/201209.mbox/<20120924220607.21EBC2388C6C@eris.apache.org>,chenpei
Mon Sep 24 22:07:49 2012,http://mail-archives.apache.org/mod_mbox/ctakes-commits/201209.mbox/<20120924220607.21EBC2388C6C@eris.apache.org>,chenpei
Mon Sep 24 22:07:49 2012,http://mail-archives.apache.org/mod_mbox/ctakes-commits/201209.mbox/<20120924220607.21EBC2388C6C@eris.apache.org>,chenpei
Mon Sep 24 22:07:49 2012,http://mail-archives.apache.org/mod_mbox/ctakes-commits/201209.mbox/<20120924220607.21EBC2388C6C@eris.apache.org>,chenpei
Mon Sep 24 22:07:49 2012,http://mail-archives.apache.org/mod_mbox/ctakes-commits/201209.mbox/<20120924220607.21EBC2388C6C@eris.apache.org>,chenpei
Mon Sep 24 22:07:49 2012,http://mail-archives.apache.org/mod_mbox/ctakes-commits/201209.mbox/<20120924220607.21EBC2388C6C@eris.apache.org>,chenpei
Mon Sep 24 22:07:49 2012,http://mail-archives.apache.org/mod_mbox/ctakes-commits/201209.mbox/<20120924220607.21EBC2388C6C@eris.apache.org>,chenpei
Mon Sep 24 22:07:49 2012,http://mail-archives.apache.org/mod_mbox/ctakes-commits/201209.mbox/<20120924220607.21EBC2388C6C@eris.apache.org>,chenpei
Mon Sep 24 22:07:49 2012,http://mail-archives.apache.org/mod_mbox/ctakes-commits/201209.mbox/<20120924220607.21EBC2388C6C@eris.apache.org>,chenpei
Mon Sep 24 22:07:49 2012,http://mail-archives.apache.org/mod_mbox/ctakes-commits/201209.mbox/<20120924220607.21EBC2388C6C@eris.apache.org>,chenpei
Mon Sep 24 22:07:49 2012,http://mail-archives.apache.org/mod_mbox/ctakes-commits/201209.mbox/<20120924220607.21EBC2388C6C@eris.apache.org>,chenpei
Mon Sep 24 22:07:49 2012,http://mail-archives.apache.org/mod_mbox/ctakes-commits/201209.mbox/<20120924220607.21EBC2388C6C@eris.apache.org>,chenpei
Mon Sep 24 22:07:49 2012,http://mail-archives.apache.org/mod_mbox/ctakes-commits/201209.mbox/<20120924220607.21EBC2388C6C@eris.apache.org>,chenpei
Mon Sep 24 22:07:49 2012,http://mail-archives.apache.org/mod_mbox/ctakes-commits/201209.mbox/<20120924220607.21EBC2388C6C@eris.apache.org>,chenpei
Mon Sep 24 22:07:49 2012,http://mail-archives.apache.org/mod_mbox/ctakes-commits/201209.mbox/<20120924220607.21EBC2388C6C@eris.apache.org>,chenpei
Mon Sep 24 22:07:49 2012,http://mail-archives.apache.org/mod_mbox/ctakes-commits/201209.mbox/<20120924220607.21EBC2388C6C@eris.apache.org>,chenpei
Mon Sep 24 22:07:49 2012,http://mail-archives.apache.org/mod_mbox/ctakes-commits/201209.mbox/<20120924220607.21EBC2388C6C@eris.apache.org>,chenpei
Mon Sep 24 22:07:49 2012,http://mail-archives.apache.org/mod_mbox/ctakes-commits/201209.mbox/<20120924220607.21EBC2388C6C@eris.apache.org>,chenpei
Mon Sep 24 22:07:49 2012,http://mail-archives.apache.org/mod_mbox/ctakes-commits/201209.mbox/<20120924220607.21EBC2388C6C@eris.apache.org>,chenpei
Mon Sep 24 22:07:49 2012,http://mail-archives.apache.org/mod_mbox/ctakes-commits/201209.mbox/<20120924220607.21EBC2388C6C@eris.apache.org>,chenpei
Mon Sep 24 22:07:49 2012,http://mail-archives.apache.org/mod_mbox/ctakes-commits/201209.mbox/<20120924220607.21EBC2388C6C@eris.apache.org>,chenpei
Mon Sep 24 22:07:49 2012,http://mail-archives.apache.org/mod_mbox/ctakes-commits/201209.mbox/<20120924220607.21EBC2388C6C@eris.apache.org>,chenpei
Mon Sep 24 22:07:49 2012,http://mail-archives.apache.org/mod_mbox/ctakes-commits/201209.mbox/<20120924220607.21EBC2388C6C@eris.apache.org>,chenpei
Mon Sep 24 22:07:49 2012,http://mail-archives.apache.org/mod_mbox/ctakes-commits/201209.mbox/<20120924220607.21EBC2388C6C@eris.apache.org>,chenpei
Mon Sep 24 22:07:49 2012,http://mail-archives.apache.org/mod_mbox/ctakes-commits/201209.mbox/<20120924220607.21EBC2388C6C@eris.apache.org>,chenpei
Mon Sep 24 22:07:49 2012,http://mail-archives.apache.org/mod_mbox/ctakes-commits/201209.mbox/<20120924220607.21EBC2388C6C@eris.apache.org>,chenpei
Mon Sep 24 22:07:49 2012,http://mail-archives.apache.org/mod_mbox/ctakes-commits/201209.mbox/<20120924220607.21EBC2388C6C@eris.apache.org>,chenpei
Mon Sep 24 22:07:49 2012,http://mail-archives.apache.org/mod_mbox/ctakes-commits/201209.mbox/<20120924220607.21EBC2388C6C@eris.apache.org>,chenpei
Mon Sep 24 22:07:49 2012,http://mail-archives.apache.org/mod_mbox/ctakes-commits/201209.mbox/<20120924220607.21EBC2388C6C@eris.apache.org>,chenpei
Mon Sep 24 22:07:49 2012,http://mail-archives.apache.org/mod_mbox/ctakes-commits/201209.mbox/<20120924220607.21EBC2388C6C@eris.apache.org>,chenpei
Mon Sep 24 22:07:49 2012,http://mail-archives.apache.org/mod_mbox/ctakes-commits/201209.mbox/<20120924220607.21EBC2388C6C@eris.apache.org>,chenpei
Mon Sep 24 22:07:49 2012,http://mail-archives.apache.org/mod_mbox/ctakes-commits/201209.mbox/<20120924220607.21EBC2388C6C@eris.apache.org>,chenpei
Mon Sep 24 22:07:49 2012,http://mail-archives.apache.org/mod_mbox/ctakes-commits/201209.mbox/<20120924220607.21EBC2388C6C@eris.apache.org>,chenpei
Mon Sep 24 22:07:49 2012,http://mail-archives.apache.org/mod_mbox/ctakes-commits/201209.mbox/<20120924220607.21EBC2388C6C@eris.apache.org>,chenpei
Mon Sep 24 22:07:49 2012,http://mail-archives.apache.org/mod_mbox/ctakes-commits/201209.mbox/<20120924220607.21EBC2388C6C@eris.apache.org>,chenpei
Mon Sep 24 22:07:49 2012,http://mail-archives.apache.org/mod_mbox/ctakes-commits/201209.mbox/<20120924220607.21EBC2388C6C@eris.apache.org>,chenpei
Mon Sep 24 22:07:49 2012,http://mail-archives.apache.org/mod_mbox/ctakes-commits/201209.mbox/<20120924220607.21EBC2388C6C@eris.apache.org>,chenpei
Mon Sep 24 22:07:49 2012,http://mail-archives.apache.org/mod_mbox/ctakes-commits/201209.mbox/<20120924220607.21EBC2388C6C@eris.apache.org>,chenpei
Mon Sep 24 22:07:49 2012,http://mail-archives.apache.org/mod_mbox/ctakes-commits/201209.mbox/<20120924220607.21EBC2388C6C@eris.apache.org>,chenpei
Mon Sep 24 22:07:49 2012,http://mail-archives.apache.org/mod_mbox/ctakes-commits/201209.mbox/<20120924220607.21EBC2388C6C@eris.apache.org>,chenpei
Mon Sep 24 22:07:49 2012,http://mail-archives.apache.org/mod_mbox/ctakes-commits/201209.mbox/<20120924220607.21EBC2388C6C@eris.apache.org>,chenpei
Mon Sep 24 22:07:49 2012,http://mail-archives.apache.org/mod_mbox/ctakes-commits/201209.mbox/<20120924220607.21EBC2388C6C@eris.apache.org>,chenpei
Mon Sep 24 22:07:49 2012,http://mail-archives.apache.org/mod_mbox/ctakes-commits/201209.mbox/<20120924220607.21EBC2388C6C@eris.apache.org>,chenpei
Mon Sep 24 22:07:49 2012,http://mail-archives.apache.org/mod_mbox/ctakes-commits/201209.mbox/<20120924220607.21EBC2388C6C@eris.apache.org>,chenpei
Mon Sep 24 22:07:49 2012,http://mail-archives.apache.org/mod_mbox/ctakes-commits/201209.mbox/<20120924220607.21EBC2388C6C@eris.apache.org>,chenpei
Mon Sep 24 22:07:49 2012,http://mail-archives.apache.org/mod_mbox/ctakes-commits/201209.mbox/<20120924220607.21EBC2388C6C@eris.apache.org>,chenpei
Mon Sep 24 22:07:49 2012,http://mail-archives.apache.org/mod_mbox/ctakes-commits/201209.mbox/<20120924220607.21EBC2388C6C@eris.apache.org>,chenpei
Mon Sep 24 22:07:49 2012,http://mail-archives.apache.org/mod_mbox/ctakes-commits/201209.mbox/<20120924220607.21EBC2388C6C@eris.apache.org>,chenpei
Mon Sep 24 22:07:49 2012,http://mail-archives.apache.org/mod_mbox/ctakes-commits/201209.mbox/<20120924220607.21EBC2388C6C@eris.apache.org>,chenpei
Mon Sep 24 22:07:49 2012,http://mail-archives.apache.org/mod_mbox/ctakes-commits/201209.mbox/<20120924220607.21EBC2388C6C@eris.apache.org>,chenpei
Mon Sep 24 22:07:49 2012,http://mail-archives.apache.org/mod_mbox/ctakes-commits/201209.mbox/<20120924220607.21EBC2388C6C@eris.apache.org>,chenpei
Mon Sep 24 22:07:49 2012,http://mail-archives.apache.org/mod_mbox/ctakes-commits/201209.mbox/<20120924220607.21EBC2388C6C@eris.apache.org>,chenpei
Mon Sep 24 22:07:49 2012,http://mail-archives.apache.org/mod_mbox/ctakes-commits/201209.mbox/<20120924220607.21EBC2388C6C@eris.apache.org>,chenpei
Mon Sep 24 22:07:49 2012,http://mail-archives.apache.org/mod_mbox/ctakes-commits/201209.mbox/<20120924220607.21EBC2388C6C@eris.apache.org>,chenpei
Mon Sep 24 22:07:49 2012,http://mail-archives.apache.org/mod_mbox/ctakes-commits/201209.mbox/<20120924220607.21EBC2388C6C@eris.apache.org>,chenpei
Mon Sep 24 22:07:49 2012,http://mail-archives.apache.org/mod_mbox/ctakes-commits/201209.mbox/<20120924220607.21EBC2388C6C@eris.apache.org>,chenpei
Mon Sep 24 22:07:49 2012,http://mail-archives.apache.org/mod_mbox/ctakes-commits/201209.mbox/<20120924220607.21EBC2388C6C@eris.apache.org>,chenpei
Mon Sep 24 22:07:49 2012,http://mail-archives.apache.org/mod_mbox/ctakes-commits/201209.mbox/<20120924220607.21EBC2388C6C@eris.apache.org>,chenpei
Mon Sep 24 22:07:49 2012,http://mail-archives.apache.org/mod_mbox/ctakes-commits/201209.mbox/<20120924220607.21EBC2388C6C@eris.apache.org>,chenpei
Mon Sep 24 22:07:49 2012,http://mail-archives.apache.org/mod_mbox/ctakes-commits/201209.mbox/<20120924220607.21EBC2388C6C@eris.apache.org>,chenpei
Mon Sep 24 22:07:49 2012,http://mail-archives.apache.org/mod_mbox/ctakes-commits/201209.mbox/<20120924220607.21EBC2388C6C@eris.apache.org>,chenpei
Mon Sep 24 22:07:49 2012,http://mail-archives.apache.org/mod_mbox/ctakes-commits/201209.mbox/<20120924220607.3A18E2388C73@eris.apache.org>,chenpei
Mon Sep 24 22:07:49 2012,http://mail-archives.apache.org/mod_mbox/ctakes-commits/201209.mbox/<20120924220607.21EBC2388C6C@eris.apache.org>,chenpei
Mon Sep 24 22:07:49 2012,http://mail-archives.apache.org/mod_mbox/ctakes-commits/201209.mbox/<20120924220607.21EBC2388C6C@eris.apache.org>,chenpei
Mon Sep 24 22:07:49 2012,http://mail-archives.apache.org/mod_mbox/ctakes-commits/201209.mbox/<20120924220607.21EBC2388C6C@eris.apache.org>,chenpei
Mon Sep 24 22:07:49 2012,http://mail-archives.apache.org/mod_mbox/ctakes-commits/201209.mbox/<20120924220607.21EBC2388C6C@eris.apache.org>,chenpei
Mon Sep 24 22:07:49 2012,http://mail-archives.apache.org/mod_mbox/ctakes-commits/201209.mbox/<20120924220607.21EBC2388C6C@eris.apache.org>,chenpei
Mon Sep 24 22:07:49 2012,http://mail-archives.apache.org/mod_mbox/ctakes-commits/201209.mbox/<20120924220607.21EBC2388C6C@eris.apache.org>,chenpei
Mon Sep 24 22:07:49 2012,http://mail-archives.apache.org/mod_mbox/ctakes-commits/201209.mbox/<20120924220607.21EBC2388C6C@eris.apache.org>,chenpei
Mon Sep 24 22:07:49 2012,http://mail-archives.apache.org/mod_mbox/ctakes-commits/201209.mbox/<20120924220607.21EBC2388C6C@eris.apache.org>,chenpei
Mon Sep 24 22:07:49 2012,http://mail-archives.apache.org/mod_mbox/ctakes-commits/201209.mbox/<20120924220607.21EBC2388C6C@eris.apache.org>,chenpei
Mon Sep 24 22:07:49 2012,http://mail-archives.apache.org/mod_mbox/ctakes-commits/201209.mbox/<20120924220607.21EBC2388C6C@eris.apache.org>,chenpei
Mon Sep 24 22:07:49 2012,http://mail-archives.apache.org/mod_mbox/ctakes-commits/201209.mbox/<20120924220607.21EBC2388C6C@eris.apache.org>,chenpei
Mon Sep 24 22:07:49 2012,http://mail-archives.apache.org/mod_mbox/ctakes-commits/201209.mbox/<20120924220607.21EBC2388C6C@eris.apache.org>,chenpei
Mon Sep 24 22:07:49 2012,http://mail-archives.apache.org/mod_mbox/ctakes-commits/201209.mbox/<20120924220607.21EBC2388C6C@eris.apache.org>,chenpei
Mon Sep 24 22:07:49 2012,http://mail-archives.apache.org/mod_mbox/ctakes-commits/201209.mbox/<20120924220607.21EBC2388C6C@eris.apache.org>,chenpei
Mon Sep 24 22:07:49 2012,http://mail-archives.apache.org/mod_mbox/ctakes-commits/201209.mbox/<20120924220607.21EBC2388C6C@eris.apache.org>,chenpei
Mon Sep 24 22:07:49 2012,http://mail-archives.apache.org/mod_mbox/ctakes-commits/201209.mbox/<20120924220607.21EBC2388C6C@eris.apache.org>,chenpei
Mon Sep 24 22:07:49 2012,http://mail-archives.apache.org/mod_mbox/ctakes-commits/201209.mbox/<20120924220607.21EBC2388C6C@eris.apache.org>,chenpei
Mon Sep 24 22:07:49 2012,http://mail-archives.apache.org/mod_mbox/ctakes-commits/201209.mbox/<20120924220607.21EBC2388C6C@eris.apache.org>,chenpei
Mon Sep 24 22:07:49 2012,http://mail-archives.apache.org/mod_mbox/ctakes-commits/201209.mbox/<20120924220607.21EBC2388C6C@eris.apache.org>,chenpei
Mon Sep 24 22:07:49 2012,http://mail-archives.apache.org/mod_mbox/ctakes-commits/201209.mbox/<20120924220607.21EBC2388C6C@eris.apache.org>,chenpei
Mon Sep 24 22:07:49 2012,http://mail-archives.apache.org/mod_mbox/ctakes-commits/201209.mbox/<20120924220607.21EBC2388C6C@eris.apache.org>,chenpei
Mon Sep 24 22:07:49 2012,http://mail-archives.apache.org/mod_mbox/ctakes-commits/201209.mbox/<20120924220607.21EBC2388C6C@eris.apache.org>,chenpei
Mon Sep 24 22:07:49 2012,http://mail-archives.apache.org/mod_mbox/ctakes-commits/201209.mbox/<20120924220607.21EBC2388C6C@eris.apache.org>,chenpei
Mon Sep 24 22:07:49 2012,http://mail-archives.apache.org/mod_mbox/ctakes-commits/201209.mbox/<20120924220607.21EBC2388C6C@eris.apache.org>,chenpei
Mon Sep 24 22:07:49 2012,http://mail-archives.apache.org/mod_mbox/ctakes-commits/201209.mbox/<20120924220607.21EBC2388C6C@eris.apache.org>,chenpei
Mon Sep 24 22:07:49 2012,http://mail-archives.apache.org/mod_mbox/ctakes-commits/201209.mbox/<20120924220607.21EBC2388C6C@eris.apache.org>,chenpei
Mon Sep 24 22:07:49 2012,http://mail-archives.apache.org/mod_mbox/ctakes-commits/201209.mbox/<20120924220607.21EBC2388C6C@eris.apache.org>,chenpei
Mon Sep 24 22:07:49 2012,http://mail-archives.apache.org/mod_mbox/ctakes-commits/201209.mbox/<20120924220607.21EBC2388C6C@eris.apache.org>,chenpei
Mon Sep 24 22:07:49 2012,http://mail-archives.apache.org/mod_mbox/ctakes-commits/201209.mbox/<20120924220607.21EBC2388C6C@eris.apache.org>,chenpei
Mon Sep 24 22:07:49 2012,http://mail-archives.apache.org/mod_mbox/ctakes-commits/201209.mbox/<20120924220607.21EBC2388C6C@eris.apache.org>,chenpei
Mon Sep 24 22:07:49 2012,http://mail-archives.apache.org/mod_mbox/ctakes-commits/201209.mbox/<20120924220607.21EBC2388C6C@eris.apache.org>,chenpei
Mon Sep 24 22:07:49 2012,http://mail-archives.apache.org/mod_mbox/ctakes-commits/201209.mbox/<20120924220607.21EBC2388C6C@eris.apache.org>,chenpei
Mon Sep 24 22:07:49 2012,http://mail-archives.apache.org/mod_mbox/ctakes-commits/201209.mbox/<20120924220607.21EBC2388C6C@eris.apache.org>,chenpei
Mon Sep 24 22:07:49 2012,http://mail-archives.apache.org/mod_mbox/ctakes-commits/201209.mbox/<20120924220607.21EBC2388C6C@eris.apache.org>,chenpei
Mon Sep 24 22:07:49 2012,http://mail-archives.apache.org/mod_mbox/ctakes-commits/201209.mbox/<20120924220607.21EBC2388C6C@eris.apache.org>,chenpei
Mon Sep 24 22:07:49 2012,http://mail-archives.apache.org/mod_mbox/ctakes-commits/201209.mbox/<20120924220607.21EBC2388C6C@eris.apache.org>,chenpei
Mon Sep 24 22:07:49 2012,http://mail-archives.apache.org/mod_mbox/ctakes-commits/201209.mbox/<20120924220607.21EBC2388C6C@eris.apache.org>,chenpei
Mon Sep 24 22:07:49 2012,http://mail-archives.apache.org/mod_mbox/ctakes-commits/201209.mbox/<20120924220607.21EBC2388C6C@eris.apache.org>,chenpei
Mon Sep 24 22:07:49 2012,http://mail-archives.apache.org/mod_mbox/ctakes-commits/201209.mbox/<20120924220607.21EBC2388C6C@eris.apache.org>,chenpei
Mon Sep 24 22:07:49 2012,http://mail-archives.apache.org/mod_mbox/ctakes-commits/201209.mbox/<20120924220607.21EBC2388C6C@eris.apache.org>,chenpei
Mon Sep 24 22:07:49 2012,http://mail-archives.apache.org/mod_mbox/ctakes-commits/201209.mbox/<20120924220607.21EBC2388C6C@eris.apache.org>,chenpei
Mon Sep 24 22:07:49 2012,http://mail-archives.apache.org/mod_mbox/ctakes-commits/201209.mbox/<20120924220607.21EBC2388C6C@eris.apache.org>,chenpei
Mon Sep 24 22:07:49 2012,http://mail-archives.apache.org/mod_mbox/ctakes-commits/201209.mbox/<20120924220607.21EBC2388C6C@eris.apache.org>,chenpei
Mon Sep 24 22:07:49 2012,http://mail-archives.apache.org/mod_mbox/ctakes-commits/201209.mbox/<20120924220607.3A18E2388C73@eris.apache.org>,chenpei
Mon Sep 24 22:07:49 2012,http://mail-archives.apache.org/mod_mbox/ctakes-commits/201209.mbox/<20120924220607.3A18E2388C73@eris.apache.org>,chenpei
Mon Sep 24 22:07:49 2012,http://mail-archives.apache.org/mod_mbox/ctakes-commits/201209.mbox/<20120924220607.3A18E2388C73@eris.apache.org>,chenpei
Mon Sep 24 22:07:49 2012,http://mail-archives.apache.org/mod_mbox/ctakes-commits/201209.mbox/<20120924220607.3A18E2388C73@eris.apache.org>,chenpei
Mon Sep 24 22:07:49 2012,http://mail-archives.apache.org/mod_mbox/ctakes-commits/201209.mbox/<20120924220607.3A18E2388C73@eris.apache.org>,chenpei
Mon Sep 24 22:07:49 2012,http://mail-archives.apache.org/mod_mbox/ctakes-commits/201209.mbox/<20120924220607.3A18E2388C73@eris.apache.org>,chenpei
Mon Sep 24 22:07:49 2012,http://mail-archives.apache.org/mod_mbox/ctakes-commits/201209.mbox/<20120924220607.3A18E2388C73@eris.apache.org>,chenpei
Mon Sep 24 22:07:49 2012,http://mail-archives.apache.org/mod_mbox/ctakes-commits/201209.mbox/<20120924220607.3A18E2388C73@eris.apache.org>,chenpei
Mon Sep 24 22:07:49 2012,http://mail-archives.apache.org/mod_mbox/ctakes-commits/201209.mbox/<20120924220607.3A18E2388C73@eris.apache.org>,chenpei
Mon Sep 24 22:07:49 2012,http://mail-archives.apache.org/mod_mbox/ctakes-commits/201209.mbox/<20120924220607.3A18E2388C73@eris.apache.org>,chenpei
Mon Sep 24 22:07:49 2012,http://mail-archives.apache.org/mod_mbox/ctakes-commits/201209.mbox/<20120924220607.3A18E2388C73@eris.apache.org>,chenpei
Mon Sep 24 22:07:49 2012,http://mail-archives.apache.org/mod_mbox/ctakes-commits/201209.mbox/<20120924220607.3A18E2388C73@eris.apache.org>,chenpei
Mon Sep 24 22:07:49 2012,http://mail-archives.apache.org/mod_mbox/ctakes-commits/201209.mbox/<20120924220607.3A18E2388C73@eris.apache.org>,chenpei
Mon Sep 24 22:07:49 2012,http://mail-archives.apache.org/mod_mbox/ctakes-commits/201209.mbox/<20120924220607.3A18E2388C73@eris.apache.org>,chenpei
Mon Sep 24 22:07:49 2012,http://mail-archives.apache.org/mod_mbox/ctakes-commits/201209.mbox/<20120924220607.3A18E2388C73@eris.apache.org>,chenpei
Mon Sep 24 22:07:49 2012,http://mail-archives.apache.org/mod_mbox/ctakes-commits/201209.mbox/<20120924220607.3A18E2388C73@eris.apache.org>,chenpei
Mon Sep 24 22:07:49 2012,http://mail-archives.apache.org/mod_mbox/ctakes-commits/201209.mbox/<20120924220607.3A18E2388C73@eris.apache.org>,chenpei
Mon Sep 24 22:07:49 2012,http://mail-archives.apache.org/mod_mbox/ctakes-commits/201209.mbox/<20120924220607.3A18E2388C73@eris.apache.org>,chenpei
Mon Sep 24 22:07:49 2012,http://mail-archives.apache.org/mod_mbox/ctakes-commits/201209.mbox/<20120924220607.3A18E2388C73@eris.apache.org>,chenpei
Mon Sep 24 22:07:49 2012,http://mail-archives.apache.org/mod_mbox/ctakes-commits/201209.mbox/<20120924220607.3A18E2388C73@eris.apache.org>,chenpei
Mon Sep 24 22:07:49 2012,http://mail-archives.apache.org/mod_mbox/ctakes-commits/201209.mbox/<20120924220607.3A18E2388C73@eris.apache.org>,chenpei
Mon Sep 24 22:07:49 2012,http://mail-archives.apache.org/mod_mbox/ctakes-commits/201209.mbox/<20120924220607.3A18E2388C73@eris.apache.org>,chenpei
Mon Sep 24 22:07:49 2012,http://mail-archives.apache.org/mod_mbox/ctakes-commits/201209.mbox/<20120924220607.3A18E2388C73@eris.apache.org>,chenpei
Mon Sep 24 22:07:49 2012,http://mail-archives.apache.org/mod_mbox/ctakes-commits/201209.mbox/<20120924220607.3A18E2388C73@eris.apache.org>,chenpei
Mon Sep 24 22:07:49 2012,http://mail-archives.apache.org/mod_mbox/ctakes-commits/201209.mbox/<20120924220607.3A18E2388C73@eris.apache.org>,chenpei
Mon Sep 24 22:07:49 2012,http://mail-archives.apache.org/mod_mbox/ctakes-commits/201209.mbox/<20120924220607.3A18E2388C73@eris.apache.org>,chenpei
Mon Sep 24 22:07:49 2012,http://mail-archives.apache.org/mod_mbox/ctakes-commits/201209.mbox/<20120924220607.3A18E2388C73@eris.apache.org>,chenpei
Mon Sep 24 22:07:49 2012,http://mail-archives.apache.org/mod_mbox/ctakes-commits/201209.mbox/<20120924220607.3A18E2388C73@eris.apache.org>,chenpei
Mon Sep 24 22:07:49 2012,http://mail-archives.apache.org/mod_mbox/ctakes-commits/201209.mbox/<20120924220607.3A18E2388C73@eris.apache.org>,chenpei
Mon Sep 24 22:07:49 2012,http://mail-archives.apache.org/mod_mbox/ctakes-commits/201209.mbox/<20120924220607.3A18E2388C73@eris.apache.org>,chenpei
Mon Sep 24 22:07:49 2012,http://mail-archives.apache.org/mod_mbox/ctakes-commits/201209.mbox/<20120924220607.3A18E2388C73@eris.apache.org>,chenpei
Mon Sep 24 22:07:49 2012,http://mail-archives.apache.org/mod_mbox/ctakes-commits/201209.mbox/<20120924220607.3A18E2388C73@eris.apache.org>,chenpei
Mon Sep 24 22:07:49 2012,http://mail-archives.apache.org/mod_mbox/ctakes-commits/201209.mbox/<20120924220607.3A18E2388C73@eris.apache.org>,chenpei
Mon Sep 24 22:07:49 2012,http://mail-archives.apache.org/mod_mbox/ctakes-commits/201209.mbox/<20120924220607.3A18E2388C73@eris.apache.org>,chenpei
Mon Sep 24 22:07:49 2012,http://mail-archives.apache.org/mod_mbox/ctakes-commits/201209.mbox/<20120924220607.3A18E2388C73@eris.apache.org>,chenpei
Mon Sep 24 22:07:49 2012,http://mail-archives.apache.org/mod_mbox/ctakes-commits/201209.mbox/<20120924220607.3A18E2388C73@eris.apache.org>,chenpei
Mon Sep 24 22:07:49 2012,http://mail-archives.apache.org/mod_mbox/ctakes-commits/201209.mbox/<20120924220607.3A18E2388C73@eris.apache.org>,chenpei
Mon Sep 24 22:07:49 2012,http://mail-archives.apache.org/mod_mbox/ctakes-commits/201209.mbox/<20120924220607.3A18E2388C73@eris.apache.org>,chenpei
Mon Sep 24 22:07:49 2012,http://mail-archives.apache.org/mod_mbox/ctakes-commits/201209.mbox/<20120924220607.3A18E2388C73@eris.apache.org>,chenpei
Mon Sep 24 22:07:49 2012,http://mail-archives.apache.org/mod_mbox/ctakes-commits/201209.mbox/<20120924220607.3A18E2388C73@eris.apache.org>,chenpei
Mon Sep 24 22:07:49 2012,http://mail-archives.apache.org/mod_mbox/ctakes-commits/201209.mbox/<20120924220607.3A18E2388C73@eris.apache.org>,chenpei
Mon Sep 24 22:07:49 2012,http://mail-archives.apache.org/mod_mbox/ctakes-commits/201209.mbox/<20120924220607.3A18E2388C73@eris.apache.org>,chenpei
Mon Sep 24 22:07:49 2012,http://mail-archives.apache.org/mod_mbox/ctakes-commits/201209.mbox/<20120924220607.21EBC2388C6C@eris.apache.org>,chenpei
Mon Sep 24 22:07:49 2012,http://mail-archives.apache.org/mod_mbox/ctakes-commits/201209.mbox/<20120924220607.21EBC2388C6C@eris.apache.org>,chenpei
Mon Sep 24 22:07:49 2012,http://mail-archives.apache.org/mod_mbox/ctakes-commits/201209.mbox/<20120924220607.21EBC2388C6C@eris.apache.org>,chenpei
Mon Sep 24 22:07:49 2012,http://mail-archives.apache.org/mod_mbox/ctakes-commits/201209.mbox/<20120924220607.21EBC2388C6C@eris.apache.org>,chenpei
Mon Sep 24 22:07:49 2012,http://mail-archives.apache.org/mod_mbox/ctakes-commits/201209.mbox/<20120924220607.21EBC2388C6C@eris.apache.org>,chenpei
Mon Sep 24 22:07:49 2012,http://mail-archives.apache.org/mod_mbox/ctakes-commits/201209.mbox/<20120924220607.3A18E2388C73@eris.apache.org>,chenpei
Mon Sep 24 22:07:49 2012,http://mail-archives.apache.org/mod_mbox/ctakes-commits/201209.mbox/<20120924220607.21EBC2388C6C@eris.apache.org>,chenpei
Mon Sep 24 22:07:49 2012,http://mail-archives.apache.org/mod_mbox/ctakes-commits/201209.mbox/<20120924220607.21EBC2388C6C@eris.apache.org>,chenpei
Mon Sep 24 22:07:49 2012,http://mail-archives.apache.org/mod_mbox/ctakes-commits/201209.mbox/<20120924220607.21EBC2388C6C@eris.apache.org>,chenpei
Mon Sep 24 22:07:49 2012,http://mail-archives.apache.org/mod_mbox/ctakes-commits/201209.mbox/<20120924220607.21EBC2388C6C@eris.apache.org>,chenpei
Mon Sep 24 22:07:49 2012,http://mail-archives.apache.org/mod_mbox/ctakes-commits/201209.mbox/<20120924220607.21EBC2388C6C@eris.apache.org>,chenpei
Mon Sep 24 22:07:49 2012,http://mail-archives.apache.org/mod_mbox/ctakes-commits/201209.mbox/<20120924220607.21EBC2388C6C@eris.apache.org>,chenpei
Mon Sep 24 22:07:49 2012,http://mail-archives.apache.org/mod_mbox/ctakes-commits/201209.mbox/<20120924220607.21EBC2388C6C@eris.apache.org>,chenpei
Mon Sep 24 22:07:49 2012,http://mail-archives.apache.org/mod_mbox/ctakes-commits/201209.mbox/<20120924220607.21EBC2388C6C@eris.apache.org>,chenpei
Mon Sep 24 22:07:49 2012,http://mail-archives.apache.org/mod_mbox/ctakes-commits/201209.mbox/<20120924220607.21EBC2388C6C@eris.apache.org>,chenpei
Mon Sep 24 22:07:49 2012,http://mail-archives.apache.org/mod_mbox/ctakes-commits/201209.mbox/<20120924220607.21EBC2388C6C@eris.apache.org>,chenpei
Mon Sep 24 22:07:49 2012,http://mail-archives.apache.org/mod_mbox/ctakes-commits/201209.mbox/<20120924220607.21EBC2388C6C@eris.apache.org>,chenpei
Mon Sep 24 22:07:49 2012,http://mail-archives.apache.org/mod_mbox/ctakes-commits/201209.mbox/<20120924220607.21EBC2388C6C@eris.apache.org>,chenpei
Mon Sep 24 22:07:49 2012,http://mail-archives.apache.org/mod_mbox/ctakes-commits/201209.mbox/<20120924220607.21EBC2388C6C@eris.apache.org>,chenpei
Mon Sep 24 22:07:49 2012,http://mail-archives.apache.org/mod_mbox/ctakes-commits/201209.mbox/<20120924220607.21EBC2388C6C@eris.apache.org>,chenpei
Mon Sep 24 22:07:49 2012,http://mail-archives.apache.org/mod_mbox/ctakes-commits/201209.mbox/<20120924220607.21EBC2388C6C@eris.apache.org>,chenpei
Mon Sep 24 22:07:49 2012,http://mail-archives.apache.org/mod_mbox/ctakes-commits/201209.mbox/<20120924220607.21EBC2388C6C@eris.apache.org>,chenpei
Mon Sep 24 22:07:49 2012,http://mail-archives.apache.org/mod_mbox/ctakes-commits/201209.mbox/<20120924220607.21EBC2388C6C@eris.apache.org>,chenpei
Mon Sep 24 22:07:49 2012,http://mail-archives.apache.org/mod_mbox/ctakes-commits/201209.mbox/<20120924220607.21EBC2388C6C@eris.apache.org>,chenpei
Mon Sep 24 22:07:49 2012,http://mail-archives.apache.org/mod_mbox/ctakes-commits/201209.mbox/<20120924220607.21EBC2388C6C@eris.apache.org>,chenpei
Mon Sep 24 22:07:49 2012,http://mail-archives.apache.org/mod_mbox/ctakes-commits/201209.mbox/<20120924220607.21EBC2388C6C@eris.apache.org>,chenpei
Mon Sep 24 22:07:49 2012,http://mail-archives.apache.org/mod_mbox/ctakes-commits/201209.mbox/<20120924220607.21EBC2388C6C@eris.apache.org>,chenpei
Mon Sep 24 22:07:49 2012,http://mail-archives.apache.org/mod_mbox/ctakes-commits/201209.mbox/<20120924220607.21EBC2388C6C@eris.apache.org>,chenpei
Mon Sep 24 22:07:49 2012,http://mail-archives.apache.org/mod_mbox/ctakes-commits/201209.mbox/<20120924220607.21EBC2388C6C@eris.apache.org>,chenpei
Mon Sep 24 22:07:49 2012,http://mail-archives.apache.org/mod_mbox/ctakes-commits/201209.mbox/<20120924220607.21EBC2388C6C@eris.apache.org>,chenpei
Mon Sep 24 22:07:49 2012,http://mail-archives.apache.org/mod_mbox/ctakes-commits/201209.mbox/<20120924220607.21EBC2388C6C@eris.apache.org>,chenpei
Mon Sep 24 22:07:49 2012,http://mail-archives.apache.org/mod_mbox/ctakes-commits/201209.mbox/<20120924220607.21EBC2388C6C@eris.apache.org>,chenpei
Mon Sep 24 22:07:49 2012,http://mail-archives.apache.org/mod_mbox/ctakes-commits/201209.mbox/<20120924220607.21EBC2388C6C@eris.apache.org>,chenpei
Mon Sep 24 22:07:49 2012,http://mail-archives.apache.org/mod_mbox/ctakes-commits/201209.mbox/<20120924220607.21EBC2388C6C@eris.apache.org>,chenpei
Mon Sep 24 22:07:49 2012,http://mail-archives.apache.org/mod_mbox/ctakes-commits/201209.mbox/<20120924220607.21EBC2388C6C@eris.apache.org>,chenpei
Mon Sep 24 22:07:49 2012,http://mail-archives.apache.org/mod_mbox/ctakes-commits/201209.mbox/<20120924220607.21EBC2388C6C@eris.apache.org>,chenpei
Mon Sep 24 22:07:49 2012,http://mail-archives.apache.org/mod_mbox/ctakes-commits/201209.mbox/<20120924220607.21EBC2388C6C@eris.apache.org>,chenpei
Mon Sep 24 22:07:49 2012,http://mail-archives.apache.org/mod_mbox/ctakes-commits/201209.mbox/<20120924220607.21EBC2388C6C@eris.apache.org>,chenpei
Mon Sep 24 22:07:49 2012,http://mail-archives.apache.org/mod_mbox/ctakes-commits/201209.mbox/<20120924220607.21EBC2388C6C@eris.apache.org>,chenpei
Mon Sep 24 22:07:49 2012,http://mail-archives.apache.org/mod_mbox/ctakes-commits/201209.mbox/<20120924220607.21EBC2388C6C@eris.apache.org>,chenpei
Mon Sep 24 22:07:49 2012,http://mail-archives.apache.org/mod_mbox/ctakes-commits/201209.mbox/<20120924220607.21EBC2388C6C@eris.apache.org>,chenpei
Mon Sep 24 22:07:49 2012,http://mail-archives.apache.org/mod_mbox/ctakes-commits/201209.mbox/<20120924220607.21EBC2388C6C@eris.apache.org>,chenpei
Mon Sep 24 22:07:49 2012,http://mail-archives.apache.org/mod_mbox/ctakes-commits/201209.mbox/<20120924220607.21EBC2388C6C@eris.apache.org>,chenpei
Mon Sep 24 22:07:49 2012,http://mail-archives.apache.org/mod_mbox/ctakes-commits/201209.mbox/<20120924220607.21EBC2388C6C@eris.apache.org>,chenpei
Mon Sep 24 22:07:49 2012,http://mail-archives.apache.org/mod_mbox/ctakes-commits/201209.mbox/<20120924220607.21EBC2388C6C@eris.apache.org>,chenpei
Mon Sep 24 22:07:49 2012,http://mail-archives.apache.org/mod_mbox/ctakes-commits/201209.mbox/<20120924220607.21EBC2388C6C@eris.apache.org>,chenpei
Mon Sep 24 22:07:49 2012,http://mail-archives.apache.org/mod_mbox/ctakes-commits/201209.mbox/<20120924220607.21EBC2388C6C@eris.apache.org>,chenpei
Mon Sep 24 22:07:49 2012,http://mail-archives.apache.org/mod_mbox/ctakes-commits/201209.mbox/<20120924220607.21EBC2388C6C@eris.apache.org>,chenpei
Mon Sep 24 22:07:49 2012,http://mail-archives.apache.org/mod_mbox/ctakes-commits/201209.mbox/<20120924220607.21EBC2388C6C@eris.apache.org>,chenpei
Mon Sep 24 22:07:49 2012,http://mail-archives.apache.org/mod_mbox/ctakes-commits/201209.mbox/<20120924220607.21EBC2388C6C@eris.apache.org>,chenpei
Mon Sep 24 22:07:49 2012,http://mail-archives.apache.org/mod_mbox/ctakes-commits/201209.mbox/<20120924220607.21EBC2388C6C@eris.apache.org>,chenpei
Mon Sep 24 22:07:49 2012,http://mail-archives.apache.org/mod_mbox/ctakes-commits/201209.mbox/<20120924220607.21EBC2388C6C@eris.apache.org>,chenpei
Mon Sep 24 22:07:49 2012,http://mail-archives.apache.org/mod_mbox/ctakes-commits/201209.mbox/<20120924220607.21EBC2388C6C@eris.apache.org>,chenpei
Mon Sep 24 22:07:49 2012,http://mail-archives.apache.org/mod_mbox/ctakes-commits/201209.mbox/<20120924220607.21EBC2388C6C@eris.apache.org>,chenpei
Mon Sep 24 22:07:49 2012,http://mail-archives.apache.org/mod_mbox/ctakes-commits/201209.mbox/<20120924220607.21EBC2388C6C@eris.apache.org>,chenpei
Mon Sep 24 22:07:49 2012,http://mail-archives.apache.org/mod_mbox/ctakes-commits/201209.mbox/<20120924220607.21EBC2388C6C@eris.apache.org>,chenpei
Mon Sep 24 22:07:49 2012,http://mail-archives.apache.org/mod_mbox/ctakes-commits/201209.mbox/<20120924220607.21EBC2388C6C@eris.apache.org>,chenpei
Mon Sep 24 22:07:49 2012,http://mail-archives.apache.org/mod_mbox/ctakes-commits/201209.mbox/<20120924220607.21EBC2388C6C@eris.apache.org>,chenpei
Mon Sep 24 22:07:49 2012,http://mail-archives.apache.org/mod_mbox/ctakes-commits/201209.mbox/<20120924220607.21EBC2388C6C@eris.apache.org>,chenpei
Mon Sep 24 22:07:49 2012,http://mail-archives.apache.org/mod_mbox/ctakes-commits/201209.mbox/<20120924220607.21EBC2388C6C@eris.apache.org>,chenpei
Mon Sep 24 22:07:49 2012,http://mail-archives.apache.org/mod_mbox/ctakes-commits/201209.mbox/<20120924220607.21EBC2388C6C@eris.apache.org>,chenpei
Mon Sep 24 22:07:49 2012,http://mail-archives.apache.org/mod_mbox/ctakes-commits/201209.mbox/<20120924220607.21EBC2388C6C@eris.apache.org>,chenpei
Mon Sep 24 22:07:49 2012,http://mail-archives.apache.org/mod_mbox/ctakes-commits/201209.mbox/<20120924220607.21EBC2388C6C@eris.apache.org>,chenpei
Mon Sep 24 22:07:49 2012,http://mail-archives.apache.org/mod_mbox/ctakes-commits/201209.mbox/<20120924220607.21EBC2388C6C@eris.apache.org>,chenpei
Mon Sep 24 22:07:49 2012,http://mail-archives.apache.org/mod_mbox/ctakes-commits/201209.mbox/<20120924220607.21EBC2388C6C@eris.apache.org>,chenpei
Mon Sep 24 22:07:49 2012,http://mail-archives.apache.org/mod_mbox/ctakes-commits/201209.mbox/<20120924220607.21EBC2388C6C@eris.apache.org>,chenpei
Mon Sep 24 22:07:49 2012,http://mail-archives.apache.org/mod_mbox/ctakes-commits/201209.mbox/<20120924220607.21EBC2388C6C@eris.apache.org>,chenpei
Mon Sep 24 22:07:49 2012,http://mail-archives.apache.org/mod_mbox/ctakes-commits/201209.mbox/<20120924220607.21EBC2388C6C@eris.apache.org>,chenpei
Mon Sep 24 22:07:49 2012,http://mail-archives.apache.org/mod_mbox/ctakes-commits/201209.mbox/<20120924220607.21EBC2388C6C@eris.apache.org>,chenpei
Mon Sep 24 22:07:49 2012,http://mail-archives.apache.org/mod_mbox/ctakes-commits/201209.mbox/<20120924220607.21EBC2388C6C@eris.apache.org>,chenpei
Mon Sep 24 22:07:49 2012,http://mail-archives.apache.org/mod_mbox/ctakes-commits/201209.mbox/<20120924220607.21EBC2388C6C@eris.apache.org>,chenpei
Mon Sep 24 22:07:49 2012,http://mail-archives.apache.org/mod_mbox/ctakes-commits/201209.mbox/<20120924220607.21EBC2388C6C@eris.apache.org>,chenpei
Mon Sep 24 22:07:49 2012,http://mail-archives.apache.org/mod_mbox/ctakes-commits/201209.mbox/<20120924220607.21EBC2388C6C@eris.apache.org>,chenpei
Mon Sep 24 22:07:49 2012,http://mail-archives.apache.org/mod_mbox/ctakes-commits/201209.mbox/<20120924220607.21EBC2388C6C@eris.apache.org>,chenpei
Mon Sep 24 22:07:49 2012,http://mail-archives.apache.org/mod_mbox/ctakes-commits/201209.mbox/<20120924220607.21EBC2388C6C@eris.apache.org>,chenpei
Mon Sep 24 22:07:49 2012,http://mail-archives.apache.org/mod_mbox/ctakes-commits/201209.mbox/<20120924220607.21EBC2388C6C@eris.apache.org>,chenpei
Mon Sep 24 22:07:49 2012,http://mail-archives.apache.org/mod_mbox/ctakes-commits/201209.mbox/<20120924220607.21EBC2388C6C@eris.apache.org>,chenpei
Mon Sep 24 22:07:49 2012,http://mail-archives.apache.org/mod_mbox/ctakes-commits/201209.mbox/<20120924220607.21EBC2388C6C@eris.apache.org>,chenpei
Mon Sep 24 22:07:49 2012,http://mail-archives.apache.org/mod_mbox/ctakes-commits/201209.mbox/<20120924220607.21EBC2388C6C@eris.apache.org>,chenpei
Mon Sep 24 22:07:49 2012,http://mail-archives.apache.org/mod_mbox/ctakes-commits/201209.mbox/<20120924220607.21EBC2388C6C@eris.apache.org>,chenpei
Mon Sep 24 22:07:49 2012,http://mail-archives.apache.org/mod_mbox/ctakes-commits/201209.mbox/<20120924220607.21EBC2388C6C@eris.apache.org>,chenpei
Mon Sep 24 22:07:49 2012,http://mail-archives.apache.org/mod_mbox/ctakes-commits/201209.mbox/<20120924220607.21EBC2388C6C@eris.apache.org>,chenpei
Mon Sep 24 22:07:49 2012,http://mail-archives.apache.org/mod_mbox/ctakes-commits/201209.mbox/<20120924220607.21EBC2388C6C@eris.apache.org>,chenpei
Mon Sep 24 22:07:49 2012,http://mail-archives.apache.org/mod_mbox/ctakes-commits/201209.mbox/<20120924220607.21EBC2388C6C@eris.apache.org>,chenpei
Mon Sep 24 22:07:49 2012,http://mail-archives.apache.org/mod_mbox/ctakes-commits/201209.mbox/<20120924220607.21EBC2388C6C@eris.apache.org>,chenpei
Mon Sep 24 22:07:49 2012,http://mail-archives.apache.org/mod_mbox/ctakes-commits/201209.mbox/<20120924220607.21EBC2388C6C@eris.apache.org>,chenpei
Mon Sep 24 22:07:49 2012,http://mail-archives.apache.org/mod_mbox/ctakes-commits/201209.mbox/<20120924220607.3A18E2388C73@eris.apache.org>,chenpei
Mon Sep 24 22:07:49 2012,http://mail-archives.apache.org/mod_mbox/ctakes-commits/201209.mbox/<20120924220607.3A18E2388C73@eris.apache.org>,chenpei
Thu Oct  4 18:58:44 2012,http://mail-archives.apache.org/mod_mbox/ctakes-commits/201210.mbox/<20121004185759.A750323888FE@eris.apache.org>,chenpei
Thu Oct  4 18:58:44 2012,http://mail-archives.apache.org/mod_mbox/ctakes-commits/201210.mbox/<20121004185759.A750323888FE@eris.apache.org>,chenpei
Thu Oct  4 19:57:02 2012,http://mail-archives.apache.org/mod_mbox/ctakes-commits/201210.mbox/<20121004195616.EB77523888E4@eris.apache.org>,chenpei
Thu Oct  4 19:57:02 2012,http://mail-archives.apache.org/mod_mbox/ctakes-commits/201210.mbox/<20121004195616.EB77523888E4@eris.apache.org>,chenpei
Thu Oct  4 19:57:02 2012,http://mail-archives.apache.org/mod_mbox/ctakes-commits/201210.mbox/<20121004195616.EB77523888E4@eris.apache.org>,chenpei
Thu Oct  4 19:57:02 2012,http://mail-archives.apache.org/mod_mbox/ctakes-commits/201210.mbox/<20121004195616.EB77523888E4@eris.apache.org>,chenpei
Thu Oct  4 19:57:02 2012,http://mail-archives.apache.org/mod_mbox/ctakes-commits/201210.mbox/<20121004195616.EB77523888E4@eris.apache.org>,chenpei
Thu Oct  4 19:57:02 2012,http://mail-archives.apache.org/mod_mbox/ctakes-commits/201210.mbox/<20121004195616.EB77523888E4@eris.apache.org>,chenpei
Thu Oct  4 19:57:02 2012,http://mail-archives.apache.org/mod_mbox/ctakes-commits/201210.mbox/<20121004195616.EB77523888E4@eris.apache.org>,chenpei
Thu Oct  4 19:57:02 2012,http://mail-archives.apache.org/mod_mbox/ctakes-commits/201210.mbox/<20121004195616.EB77523888E4@eris.apache.org>,chenpei
Thu Oct  4 19:57:02 2012,http://mail-archives.apache.org/mod_mbox/ctakes-commits/201210.mbox/<20121004195616.EB77523888E4@eris.apache.org>,chenpei
Thu Oct  4 19:57:02 2012,http://mail-archives.apache.org/mod_mbox/ctakes-commits/201210.mbox/<20121004195616.EB77523888E4@eris.apache.org>,chenpei
Thu Oct  4 19:57:02 2012,http://mail-archives.apache.org/mod_mbox/ctakes-commits/201210.mbox/<20121004195616.EB77523888E4@eris.apache.org>,chenpei
Thu Oct  4 19:57:02 2012,http://mail-archives.apache.org/mod_mbox/ctakes-commits/201210.mbox/<20121004195616.EB77523888E4@eris.apache.org>,chenpei
Thu Oct  4 19:57:02 2012,http://mail-archives.apache.org/mod_mbox/ctakes-commits/201210.mbox/<20121004195616.EB77523888E4@eris.apache.org>,chenpei
Thu Oct  4 19:57:02 2012,http://mail-archives.apache.org/mod_mbox/ctakes-commits/201210.mbox/<20121004195616.EB77523888E4@eris.apache.org>,chenpei
Thu Oct  4 19:57:02 2012,http://mail-archives.apache.org/mod_mbox/ctakes-commits/201210.mbox/<20121004195616.EB77523888E4@eris.apache.org>,chenpei
Thu Oct  4 19:57:02 2012,http://mail-archives.apache.org/mod_mbox/ctakes-commits/201210.mbox/<20121004195616.EB77523888E4@eris.apache.org>,chenpei
Thu Oct  4 19:57:02 2012,http://mail-archives.apache.org/mod_mbox/ctakes-commits/201210.mbox/<20121004195616.EB77523888E4@eris.apache.org>,chenpei
Thu Oct  4 19:57:02 2012,http://mail-archives.apache.org/mod_mbox/ctakes-commits/201210.mbox/<20121004195616.EB77523888E4@eris.apache.org>,chenpei
Thu Oct  4 19:57:02 2012,http://mail-archives.apache.org/mod_mbox/ctakes-commits/201210.mbox/<20121004195616.EB77523888E4@eris.apache.org>,chenpei
Thu Oct  4 19:57:02 2012,http://mail-archives.apache.org/mod_mbox/ctakes-commits/201210.mbox/<20121004195616.EB77523888E4@eris.apache.org>,chenpei
Thu Oct  4 19:57:02 2012,http://mail-archives.apache.org/mod_mbox/ctakes-commits/201210.mbox/<20121004195616.EB77523888E4@eris.apache.org>,chenpei
Thu Oct  4 19:57:02 2012,http://mail-archives.apache.org/mod_mbox/ctakes-commits/201210.mbox/<20121004195616.EB77523888E4@eris.apache.org>,chenpei
Thu Oct  4 19:57:02 2012,http://mail-archives.apache.org/mod_mbox/ctakes-commits/201210.mbox/<20121004195616.EB77523888E4@eris.apache.org>,chenpei
Thu Oct  4 19:57:02 2012,http://mail-archives.apache.org/mod_mbox/ctakes-commits/201210.mbox/<20121004195616.EB77523888E4@eris.apache.org>,chenpei
Thu Oct  4 19:57:02 2012,http://mail-archives.apache.org/mod_mbox/ctakes-commits/201210.mbox/<20121004195616.EB77523888E4@eris.apache.org>,chenpei
Thu Oct  4 19:57:02 2012,http://mail-archives.apache.org/mod_mbox/ctakes-commits/201210.mbox/<20121004195616.EB77523888E4@eris.apache.org>,chenpei
Thu Oct  4 19:57:02 2012,http://mail-archives.apache.org/mod_mbox/ctakes-commits/201210.mbox/<20121004195616.EB77523888E4@eris.apache.org>,chenpei
Thu Oct  4 19:57:02 2012,http://mail-archives.apache.org/mod_mbox/ctakes-commits/201210.mbox/<20121004195616.EB77523888E4@eris.apache.org>,chenpei
Thu Oct  4 19:57:02 2012,http://mail-archives.apache.org/mod_mbox/ctakes-commits/201210.mbox/<20121004195616.EB77523888E4@eris.apache.org>,chenpei
Thu Oct  4 19:57:02 2012,http://mail-archives.apache.org/mod_mbox/ctakes-commits/201210.mbox/<20121004195616.EB77523888E4@eris.apache.org>,chenpei
Thu Oct  4 19:57:02 2012,http://mail-archives.apache.org/mod_mbox/ctakes-commits/201210.mbox/<20121004195616.EB77523888E4@eris.apache.org>,chenpei
Thu Oct  4 19:57:02 2012,http://mail-archives.apache.org/mod_mbox/ctakes-commits/201210.mbox/<20121004195616.EB77523888E4@eris.apache.org>,chenpei
Thu Oct  4 19:57:02 2012,http://mail-archives.apache.org/mod_mbox/ctakes-commits/201210.mbox/<20121004195616.EB77523888E4@eris.apache.org>,chenpei
Thu Oct  4 19:57:02 2012,http://mail-archives.apache.org/mod_mbox/ctakes-commits/201210.mbox/<20121004195616.EB77523888E4@eris.apache.org>,chenpei
Thu Oct  4 19:57:02 2012,http://mail-archives.apache.org/mod_mbox/ctakes-commits/201210.mbox/<20121004195616.EB77523888E4@eris.apache.org>,chenpei
Thu Oct  4 19:57:02 2012,http://mail-archives.apache.org/mod_mbox/ctakes-commits/201210.mbox/<20121004195616.EB77523888E4@eris.apache.org>,chenpei
Thu Oct  4 19:57:02 2012,http://mail-archives.apache.org/mod_mbox/ctakes-commits/201210.mbox/<20121004195616.EB77523888E4@eris.apache.org>,chenpei
Thu Oct  4 19:57:02 2012,http://mail-archives.apache.org/mod_mbox/ctakes-commits/201210.mbox/<20121004195616.EB77523888E4@eris.apache.org>,chenpei
Thu Oct  4 19:57:02 2012,http://mail-archives.apache.org/mod_mbox/ctakes-commits/201210.mbox/<20121004195616.EB77523888E4@eris.apache.org>,chenpei
Thu Oct  4 19:57:02 2012,http://mail-archives.apache.org/mod_mbox/ctakes-commits/201210.mbox/<20121004195616.EB77523888E4@eris.apache.org>,chenpei
Thu Oct  4 19:57:02 2012,http://mail-archives.apache.org/mod_mbox/ctakes-commits/201210.mbox/<20121004195616.EB77523888E4@eris.apache.org>,chenpei
Thu Oct  4 19:57:02 2012,http://mail-archives.apache.org/mod_mbox/ctakes-commits/201210.mbox/<20121004195616.EB77523888E4@eris.apache.org>,chenpei
Thu Oct  4 19:57:02 2012,http://mail-archives.apache.org/mod_mbox/ctakes-commits/201210.mbox/<20121004195616.EB77523888E4@eris.apache.org>,chenpei
Thu Oct  4 19:57:02 2012,http://mail-archives.apache.org/mod_mbox/ctakes-commits/201210.mbox/<20121004195616.EB77523888E4@eris.apache.org>,chenpei
Thu Oct  4 19:57:02 2012,http://mail-archives.apache.org/mod_mbox/ctakes-commits/201210.mbox/<20121004195616.EB77523888E4@eris.apache.org>,chenpei
Thu Oct  4 19:57:02 2012,http://mail-archives.apache.org/mod_mbox/ctakes-commits/201210.mbox/<20121004195616.EB77523888E4@eris.apache.org>,chenpei
Thu Oct  4 19:57:02 2012,http://mail-archives.apache.org/mod_mbox/ctakes-commits/201210.mbox/<20121004195616.EB77523888E4@eris.apache.org>,chenpei
Thu Oct  4 19:57:02 2012,http://mail-archives.apache.org/mod_mbox/ctakes-commits/201210.mbox/<20121004195616.EB77523888E4@eris.apache.org>,chenpei
Thu Oct  4 19:57:02 2012,http://mail-archives.apache.org/mod_mbox/ctakes-commits/201210.mbox/<20121004195616.EB77523888E4@eris.apache.org>,chenpei
Thu Oct  4 19:57:02 2012,http://mail-archives.apache.org/mod_mbox/ctakes-commits/201210.mbox/<20121004195616.EB77523888E4@eris.apache.org>,chenpei
Thu Oct  4 19:57:02 2012,http://mail-archives.apache.org/mod_mbox/ctakes-commits/201210.mbox/<20121004195616.EB77523888E4@eris.apache.org>,chenpei
Thu Oct  4 19:57:02 2012,http://mail-archives.apache.org/mod_mbox/ctakes-commits/201210.mbox/<20121004195616.EB77523888E4@eris.apache.org>,chenpei
Thu Oct  4 19:57:02 2012,http://mail-archives.apache.org/mod_mbox/ctakes-commits/201210.mbox/<20121004195616.EB77523888E4@eris.apache.org>,chenpei
Thu Oct  4 19:57:02 2012,http://mail-archives.apache.org/mod_mbox/ctakes-commits/201210.mbox/<20121004195616.EB77523888E4@eris.apache.org>,chenpei
Thu Oct  4 19:57:02 2012,http://mail-archives.apache.org/mod_mbox/ctakes-commits/201210.mbox/<20121004195616.EB77523888E4@eris.apache.org>,chenpei
Thu Oct  4 19:57:02 2012,http://mail-archives.apache.org/mod_mbox/ctakes-commits/201210.mbox/<20121004195616.EB77523888E4@eris.apache.org>,chenpei
Thu Oct  4 19:57:02 2012,http://mail-archives.apache.org/mod_mbox/ctakes-commits/201210.mbox/<20121004195616.EB77523888E4@eris.apache.org>,chenpei
Thu Oct  4 19:57:02 2012,http://mail-archives.apache.org/mod_mbox/ctakes-commits/201210.mbox/<20121004195616.EB77523888E4@eris.apache.org>,chenpei
Thu Oct  4 19:57:02 2012,http://mail-archives.apache.org/mod_mbox/ctakes-commits/201210.mbox/<20121004195616.EB77523888E4@eris.apache.org>,chenpei
Thu Oct  4 19:57:02 2012,http://mail-archives.apache.org/mod_mbox/ctakes-commits/201210.mbox/<20121004195616.EB77523888E4@eris.apache.org>,chenpei
Thu Oct  4 19:57:02 2012,http://mail-archives.apache.org/mod_mbox/ctakes-commits/201210.mbox/<20121004195616.EB77523888E4@eris.apache.org>,chenpei
Thu Oct  4 19:57:02 2012,http://mail-archives.apache.org/mod_mbox/ctakes-commits/201210.mbox/<20121004195616.EB77523888E4@eris.apache.org>,chenpei
Thu Oct  4 19:57:02 2012,http://mail-archives.apache.org/mod_mbox/ctakes-commits/201210.mbox/<20121004195616.EB77523888E4@eris.apache.org>,chenpei
Thu Oct  4 19:57:02 2012,http://mail-archives.apache.org/mod_mbox/ctakes-commits/201210.mbox/<20121004195616.EB77523888E4@eris.apache.org>,chenpei
Thu Oct  4 19:57:02 2012,http://mail-archives.apache.org/mod_mbox/ctakes-commits/201210.mbox/<20121004195616.EB77523888E4@eris.apache.org>,chenpei
Thu Oct  4 19:57:02 2012,http://mail-archives.apache.org/mod_mbox/ctakes-commits/201210.mbox/<20121004195616.EB77523888E4@eris.apache.org>,chenpei
Thu Oct  4 21:24:58 2012,http://mail-archives.apache.org/mod_mbox/ctakes-commits/201210.mbox/<20121004212409.8E04D238890D@eris.apache.org>,chenpei
Thu Oct  4 21:24:58 2012,http://mail-archives.apache.org/mod_mbox/ctakes-commits/201210.mbox/<20121004212409.8E04D238890D@eris.apache.org>,chenpei
Thu Oct  4 21:24:58 2012,http://mail-archives.apache.org/mod_mbox/ctakes-commits/201210.mbox/<20121004212409.8E04D238890D@eris.apache.org>,chenpei
Thu Oct  4 21:24:58 2012,http://mail-archives.apache.org/mod_mbox/ctakes-commits/201210.mbox/<20121004212409.8E04D238890D@eris.apache.org>,chenpei
Thu Oct  4 21:24:58 2012,http://mail-archives.apache.org/mod_mbox/ctakes-commits/201210.mbox/<20121004212409.8E04D238890D@eris.apache.org>,chenpei
Thu Oct  4 21:24:58 2012,http://mail-archives.apache.org/mod_mbox/ctakes-commits/201210.mbox/<20121004212409.8E04D238890D@eris.apache.org>,chenpei
Thu Oct  4 21:45:59 2012,http://mail-archives.apache.org/mod_mbox/ctakes-commits/201210.mbox/<20121004214515.2A01423889B8@eris.apache.org>,chenpei
Thu Oct  4 21:55:44 2012,http://mail-archives.apache.org/mod_mbox/ctakes-commits/201210.mbox/<20121004215458.3248323889B8@eris.apache.org>,chenpei
Thu Oct  4 21:55:44 2012,http://mail-archives.apache.org/mod_mbox/ctakes-commits/201210.mbox/<20121004215458.3248323889B8@eris.apache.org>,chenpei
Thu Oct  4 21:55:44 2012,http://mail-archives.apache.org/mod_mbox/ctakes-commits/201210.mbox/<20121004215458.3248323889B8@eris.apache.org>,chenpei
Thu Oct  4 21:55:44 2012,http://mail-archives.apache.org/mod_mbox/ctakes-commits/201210.mbox/<20121004215458.3248323889B8@eris.apache.org>,chenpei
Thu Oct  4 22:09:20 2012,http://mail-archives.apache.org/mod_mbox/ctakes-commits/201210.mbox/<20121004220834.2A98B23888FE@eris.apache.org>,chenpei
Thu Sep 20 16:09:06 2012,http://mail-archives.apache.org/mod_mbox/ctakes-commits/201209.mbox/<20120920160817.8277723889E3@eris.apache.org>,chenpei
Thu Sep 20 16:09:06 2012,http://mail-archives.apache.org/mod_mbox/ctakes-commits/201209.mbox/<20120920160817.8277723889E3@eris.apache.org>,chenpei
Thu Sep 20 16:09:06 2012,http://mail-archives.apache.org/mod_mbox/ctakes-commits/201209.mbox/<20120920160817.8277723889E3@eris.apache.org>,chenpei
Thu Sep 20 16:09:06 2012,http://mail-archives.apache.org/mod_mbox/ctakes-commits/201209.mbox/<20120920160817.8277723889E3@eris.apache.org>,chenpei
Thu Sep 20 16:09:06 2012,http://mail-archives.apache.org/mod_mbox/ctakes-commits/201209.mbox/<20120920160817.8277723889E3@eris.apache.org>,chenpei
Thu Sep 20 16:09:06 2012,http://mail-archives.apache.org/mod_mbox/ctakes-commits/201209.mbox/<20120920160817.8277723889E3@eris.apache.org>,chenpei
Thu Sep 20 16:09:06 2012,http://mail-archives.apache.org/mod_mbox/ctakes-commits/201209.mbox/<20120920160817.8277723889E3@eris.apache.org>,chenpei
Thu Sep 20 16:09:06 2012,http://mail-archives.apache.org/mod_mbox/ctakes-commits/201209.mbox/<20120920160817.8277723889E3@eris.apache.org>,chenpei
Thu Sep 20 16:09:06 2012,http://mail-archives.apache.org/mod_mbox/ctakes-commits/201209.mbox/<20120920160817.8277723889E3@eris.apache.org>,chenpei
Thu Sep 20 16:09:06 2012,http://mail-archives.apache.org/mod_mbox/ctakes-commits/201209.mbox/<20120920160817.8277723889E3@eris.apache.org>,chenpei
Thu Sep 20 16:09:06 2012,http://mail-archives.apache.org/mod_mbox/ctakes-commits/201209.mbox/<20120920160817.8277723889E3@eris.apache.org>,chenpei
Thu Sep 20 16:09:06 2012,http://mail-archives.apache.org/mod_mbox/ctakes-commits/201209.mbox/<20120920160817.8277723889E3@eris.apache.org>,chenpei
Thu Sep 20 16:09:06 2012,http://mail-archives.apache.org/mod_mbox/ctakes-commits/201209.mbox/<20120920160817.8277723889E3@eris.apache.org>,chenpei
Thu Sep 20 16:09:06 2012,http://mail-archives.apache.org/mod_mbox/ctakes-commits/201209.mbox/<20120920160817.8277723889E3@eris.apache.org>,chenpei
Thu Sep 20 16:09:06 2012,http://mail-archives.apache.org/mod_mbox/ctakes-commits/201209.mbox/<20120920160817.8277723889E3@eris.apache.org>,chenpei
Thu Sep 20 16:09:06 2012,http://mail-archives.apache.org/mod_mbox/ctakes-commits/201209.mbox/<20120920160817.8277723889E3@eris.apache.org>,chenpei
Thu Sep 20 16:09:06 2012,http://mail-archives.apache.org/mod_mbox/ctakes-commits/201209.mbox/<20120920160817.8277723889E3@eris.apache.org>,chenpei
Thu Sep 20 16:09:06 2012,http://mail-archives.apache.org/mod_mbox/ctakes-commits/201209.mbox/<20120920160817.8277723889E3@eris.apache.org>,chenpei
Thu Sep 20 16:09:06 2012,http://mail-archives.apache.org/mod_mbox/ctakes-commits/201209.mbox/<20120920160817.8277723889E3@eris.apache.org>,chenpei
Thu Sep 20 16:09:06 2012,http://mail-archives.apache.org/mod_mbox/ctakes-commits/201209.mbox/<20120920160817.8277723889E3@eris.apache.org>,chenpei
Thu Sep 20 16:09:06 2012,http://mail-archives.apache.org/mod_mbox/ctakes-commits/201209.mbox/<20120920160817.8277723889E3@eris.apache.org>,chenpei
Thu Sep 20 16:09:06 2012,http://mail-archives.apache.org/mod_mbox/ctakes-commits/201209.mbox/<20120920160817.8277723889E3@eris.apache.org>,chenpei
Thu Sep 20 16:09:06 2012,http://mail-archives.apache.org/mod_mbox/ctakes-commits/201209.mbox/<20120920160817.8277723889E3@eris.apache.org>,chenpei
Thu Sep 20 16:09:06 2012,http://mail-archives.apache.org/mod_mbox/ctakes-commits/201209.mbox/<20120920160817.8277723889E3@eris.apache.org>,chenpei
Thu Sep 20 16:09:06 2012,http://mail-archives.apache.org/mod_mbox/ctakes-commits/201209.mbox/<20120920160817.8277723889E3@eris.apache.org>,chenpei
Thu Sep 20 16:09:06 2012,http://mail-archives.apache.org/mod_mbox/ctakes-commits/201209.mbox/<20120920160817.8277723889E3@eris.apache.org>,chenpei
Thu Sep 20 16:09:06 2012,http://mail-archives.apache.org/mod_mbox/ctakes-commits/201209.mbox/<20120920160817.8277723889E3@eris.apache.org>,chenpei
Thu Sep 20 16:09:06 2012,http://mail-archives.apache.org/mod_mbox/ctakes-commits/201209.mbox/<20120920160817.8277723889E3@eris.apache.org>,chenpei
Thu Sep 20 16:09:06 2012,http://mail-archives.apache.org/mod_mbox/ctakes-commits/201209.mbox/<20120920160817.8277723889E3@eris.apache.org>,chenpei
Thu Sep 20 16:09:06 2012,http://mail-archives.apache.org/mod_mbox/ctakes-commits/201209.mbox/<20120920160817.8277723889E3@eris.apache.org>,chenpei
Thu Sep 20 16:09:06 2012,http://mail-archives.apache.org/mod_mbox/ctakes-commits/201209.mbox/<20120920160817.8277723889E3@eris.apache.org>,chenpei
Thu Sep 20 16:09:06 2012,http://mail-archives.apache.org/mod_mbox/ctakes-commits/201209.mbox/<20120920160817.8277723889E3@eris.apache.org>,chenpei
Thu Sep 20 16:09:06 2012,http://mail-archives.apache.org/mod_mbox/ctakes-commits/201209.mbox/<20120920160817.8277723889E3@eris.apache.org>,chenpei
Thu Sep 20 16:09:06 2012,http://mail-archives.apache.org/mod_mbox/ctakes-commits/201209.mbox/<20120920160817.8277723889E3@eris.apache.org>,chenpei
Thu Sep 20 16:09:06 2012,http://mail-archives.apache.org/mod_mbox/ctakes-commits/201209.mbox/<20120920160817.8277723889E3@eris.apache.org>,chenpei
Thu Sep 20 16:09:06 2012,http://mail-archives.apache.org/mod_mbox/ctakes-commits/201209.mbox/<20120920160817.8277723889E3@eris.apache.org>,chenpei
Thu Sep 20 16:09:06 2012,http://mail-archives.apache.org/mod_mbox/ctakes-commits/201209.mbox/<20120920160817.8277723889E3@eris.apache.org>,chenpei
Thu Sep 20 16:09:06 2012,http://mail-archives.apache.org/mod_mbox/ctakes-commits/201209.mbox/<20120920160817.8277723889E3@eris.apache.org>,chenpei
Thu Sep 20 16:09:06 2012,http://mail-archives.apache.org/mod_mbox/ctakes-commits/201209.mbox/<20120920160817.8277723889E3@eris.apache.org>,chenpei
Thu Sep 20 16:09:06 2012,http://mail-archives.apache.org/mod_mbox/ctakes-commits/201209.mbox/<20120920160817.8277723889E3@eris.apache.org>,chenpei
Thu Sep 20 16:09:06 2012,http://mail-archives.apache.org/mod_mbox/ctakes-commits/201209.mbox/<20120920160817.8277723889E3@eris.apache.org>,chenpei
Thu Sep 20 16:09:06 2012,http://mail-archives.apache.org/mod_mbox/ctakes-commits/201209.mbox/<20120920160817.8277723889E3@eris.apache.org>,chenpei
Thu Sep 20 16:09:06 2012,http://mail-archives.apache.org/mod_mbox/ctakes-commits/201209.mbox/<20120920160817.8277723889E3@eris.apache.org>,chenpei
Thu Sep 20 16:09:06 2012,http://mail-archives.apache.org/mod_mbox/ctakes-commits/201209.mbox/<20120920160817.8277723889E3@eris.apache.org>,chenpei
Thu Sep 20 16:09:06 2012,http://mail-archives.apache.org/mod_mbox/ctakes-commits/201209.mbox/<20120920160817.8277723889E3@eris.apache.org>,chenpei
Thu Sep 20 16:09:06 2012,http://mail-archives.apache.org/mod_mbox/ctakes-commits/201209.mbox/<20120920160817.8277723889E3@eris.apache.org>,chenpei
Thu Sep 20 16:09:06 2012,http://mail-archives.apache.org/mod_mbox/ctakes-commits/201209.mbox/<20120920160817.8277723889E3@eris.apache.org>,chenpei
Thu Sep 20 16:09:06 2012,http://mail-archives.apache.org/mod_mbox/ctakes-commits/201209.mbox/<20120920160817.8277723889E3@eris.apache.org>,chenpei
Thu Sep 20 16:09:06 2012,http://mail-archives.apache.org/mod_mbox/ctakes-commits/201209.mbox/<20120920160817.8D9C02388A56@eris.apache.org>,chenpei
Thu Sep 20 16:09:06 2012,http://mail-archives.apache.org/mod_mbox/ctakes-commits/201209.mbox/<20120920160817.8D9C02388A56@eris.apache.org>,chenpei
Thu Sep 20 16:09:06 2012,http://mail-archives.apache.org/mod_mbox/ctakes-commits/201209.mbox/<20120920160817.8D9C02388A56@eris.apache.org>,chenpei
Thu Sep 20 16:09:06 2012,http://mail-archives.apache.org/mod_mbox/ctakes-commits/201209.mbox/<20120920160817.8D9C02388A56@eris.apache.org>,chenpei
Thu Sep 20 16:09:06 2012,http://mail-archives.apache.org/mod_mbox/ctakes-commits/201209.mbox/<20120920160817.8D9C02388A56@eris.apache.org>,chenpei
Thu Sep 20 16:09:06 2012,http://mail-archives.apache.org/mod_mbox/ctakes-commits/201209.mbox/<20120920160817.8D9C02388A56@eris.apache.org>,chenpei
Thu Sep 20 16:09:06 2012,http://mail-archives.apache.org/mod_mbox/ctakes-commits/201209.mbox/<20120920160817.8D9C02388A56@eris.apache.org>,chenpei
Thu Sep 20 16:09:06 2012,http://mail-archives.apache.org/mod_mbox/ctakes-commits/201209.mbox/<20120920160817.8D9C02388A56@eris.apache.org>,chenpei
Thu Sep 20 16:09:06 2012,http://mail-archives.apache.org/mod_mbox/ctakes-commits/201209.mbox/<20120920160817.8D9C02388A56@eris.apache.org>,chenpei
Thu Sep 20 16:09:06 2012,http://mail-archives.apache.org/mod_mbox/ctakes-commits/201209.mbox/<20120920160817.8D9C02388A56@eris.apache.org>,chenpei
Thu Sep 20 16:09:06 2012,http://mail-archives.apache.org/mod_mbox/ctakes-commits/201209.mbox/<20120920160817.8D9C02388A56@eris.apache.org>,chenpei
Thu Sep 20 16:09:06 2012,http://mail-archives.apache.org/mod_mbox/ctakes-commits/201209.mbox/<20120920160817.8D9C02388A56@eris.apache.org>,chenpei
Thu Sep 20 16:09:06 2012,http://mail-archives.apache.org/mod_mbox/ctakes-commits/201209.mbox/<20120920160817.8D9C02388A56@eris.apache.org>,chenpei
Thu Sep 20 16:09:06 2012,http://mail-archives.apache.org/mod_mbox/ctakes-commits/201209.mbox/<20120920160817.8D9C02388A56@eris.apache.org>,chenpei
Thu Sep 20 16:09:06 2012,http://mail-archives.apache.org/mod_mbox/ctakes-commits/201209.mbox/<20120920160817.8D9C02388A56@eris.apache.org>,chenpei
Thu Sep 20 16:09:06 2012,http://mail-archives.apache.org/mod_mbox/ctakes-commits/201209.mbox/<20120920160817.8D9C02388A56@eris.apache.org>,chenpei
Thu Sep 20 16:09:06 2012,http://mail-archives.apache.org/mod_mbox/ctakes-commits/201209.mbox/<20120920160817.8D9C02388A56@eris.apache.org>,chenpei
Thu Sep 20 16:09:06 2012,http://mail-archives.apache.org/mod_mbox/ctakes-commits/201209.mbox/<20120920160817.8D9C02388A56@eris.apache.org>,chenpei
Thu Sep 20 16:09:06 2012,http://mail-archives.apache.org/mod_mbox/ctakes-commits/201209.mbox/<20120920160817.8D9C02388A56@eris.apache.org>,chenpei
Thu Sep 20 16:09:06 2012,http://mail-archives.apache.org/mod_mbox/ctakes-commits/201209.mbox/<20120920160817.8D9C02388A56@eris.apache.org>,chenpei
Thu Sep 20 16:09:06 2012,http://mail-archives.apache.org/mod_mbox/ctakes-commits/201209.mbox/<20120920160817.8D9C02388A56@eris.apache.org>,chenpei
Thu Sep 20 16:09:06 2012,http://mail-archives.apache.org/mod_mbox/ctakes-commits/201209.mbox/<20120920160817.8D9C02388A56@eris.apache.org>,chenpei
Thu Sep 20 16:09:06 2012,http://mail-archives.apache.org/mod_mbox/ctakes-commits/201209.mbox/<20120920160817.8D9C02388A56@eris.apache.org>,chenpei
Thu Sep 20 16:09:06 2012,http://mail-archives.apache.org/mod_mbox/ctakes-commits/201209.mbox/<20120920160817.8D9C02388A56@eris.apache.org>,chenpei
Thu Sep 20 16:09:06 2012,http://mail-archives.apache.org/mod_mbox/ctakes-commits/201209.mbox/<20120920160817.8D9C02388A56@eris.apache.org>,chenpei
Thu Sep 20 16:09:06 2012,http://mail-archives.apache.org/mod_mbox/ctakes-commits/201209.mbox/<20120920160817.8D9C02388A56@eris.apache.org>,chenpei
Thu Sep 20 16:09:06 2012,http://mail-archives.apache.org/mod_mbox/ctakes-commits/201209.mbox/<20120920160817.8D9C02388A56@eris.apache.org>,chenpei
Thu Sep 20 16:09:06 2012,http://mail-archives.apache.org/mod_mbox/ctakes-commits/201209.mbox/<20120920160817.8D9C02388A56@eris.apache.org>,chenpei
Thu Sep 20 16:09:06 2012,http://mail-archives.apache.org/mod_mbox/ctakes-commits/201209.mbox/<20120920160817.8D9C02388A56@eris.apache.org>,chenpei
Thu Sep 20 16:09:06 2012,http://mail-archives.apache.org/mod_mbox/ctakes-commits/201209.mbox/<20120920160817.8D9C02388A56@eris.apache.org>,chenpei
Thu Sep 20 16:09:06 2012,http://mail-archives.apache.org/mod_mbox/ctakes-commits/201209.mbox/<20120920160817.8D9C02388A56@eris.apache.org>,chenpei
Thu Sep 20 16:09:06 2012,http://mail-archives.apache.org/mod_mbox/ctakes-commits/201209.mbox/<20120920160817.8D9C02388A56@eris.apache.org>,chenpei
Thu Sep 20 16:09:06 2012,http://mail-archives.apache.org/mod_mbox/ctakes-commits/201209.mbox/<20120920160817.8D9C02388A56@eris.apache.org>,chenpei
Thu Sep 20 16:09:06 2012,http://mail-archives.apache.org/mod_mbox/ctakes-commits/201209.mbox/<20120920160817.8D9C02388A56@eris.apache.org>,chenpei
Thu Sep 20 16:09:06 2012,http://mail-archives.apache.org/mod_mbox/ctakes-commits/201209.mbox/<20120920160817.8D9C02388A56@eris.apache.org>,chenpei
Thu Sep 20 16:09:06 2012,http://mail-archives.apache.org/mod_mbox/ctakes-commits/201209.mbox/<20120920160817.8D9C02388A56@eris.apache.org>,chenpei
Thu Sep 20 16:09:06 2012,http://mail-archives.apache.org/mod_mbox/ctakes-commits/201209.mbox/<20120920160817.8D9C02388A56@eris.apache.org>,chenpei
Thu Sep 20 16:09:06 2012,http://mail-archives.apache.org/mod_mbox/ctakes-commits/201209.mbox/<20120920160817.8D9C02388A56@eris.apache.org>,chenpei
Thu Sep 20 16:09:06 2012,http://mail-archives.apache.org/mod_mbox/ctakes-commits/201209.mbox/<20120920160817.8D9C02388A56@eris.apache.org>,chenpei
Thu Sep 20 16:09:06 2012,http://mail-archives.apache.org/mod_mbox/ctakes-commits/201209.mbox/<20120920160817.8D9C02388A56@eris.apache.org>,chenpei
Thu Sep 20 16:09:06 2012,http://mail-archives.apache.org/mod_mbox/ctakes-commits/201209.mbox/<20120920160817.8D9C02388A56@eris.apache.org>,chenpei
Thu Sep 20 16:09:06 2012,http://mail-archives.apache.org/mod_mbox/ctakes-commits/201209.mbox/<20120920160817.8D9C02388A56@eris.apache.org>,chenpei
Thu Sep 20 16:09:06 2012,http://mail-archives.apache.org/mod_mbox/ctakes-commits/201209.mbox/<20120920160817.8D9C02388A56@eris.apache.org>,chenpei
Thu Sep 20 16:09:06 2012,http://mail-archives.apache.org/mod_mbox/ctakes-commits/201209.mbox/<20120920160817.8D9C02388A56@eris.apache.org>,chenpei
Thu Sep 20 16:09:06 2012,http://mail-archives.apache.org/mod_mbox/ctakes-commits/201209.mbox/<20120920160817.8D9C02388A56@eris.apache.org>,chenpei
Thu Sep 20 16:09:06 2012,http://mail-archives.apache.org/mod_mbox/ctakes-commits/201209.mbox/<20120920160817.8D9C02388A56@eris.apache.org>,chenpei
Thu Sep 20 16:09:06 2012,http://mail-archives.apache.org/mod_mbox/ctakes-commits/201209.mbox/<20120920160817.8D9C02388A56@eris.apache.org>,chenpei
Thu Sep 20 16:09:06 2012,http://mail-archives.apache.org/mod_mbox/ctakes-commits/201209.mbox/<20120920160817.8D9C02388A56@eris.apache.org>,chenpei
Thu Sep 20 16:09:06 2012,http://mail-archives.apache.org/mod_mbox/ctakes-commits/201209.mbox/<20120920160817.8D9C02388A56@eris.apache.org>,chenpei
Thu Sep 20 16:09:06 2012,http://mail-archives.apache.org/mod_mbox/ctakes-commits/201209.mbox/<20120920160817.8D9C02388A56@eris.apache.org>,chenpei
Thu Sep 20 16:09:06 2012,http://mail-archives.apache.org/mod_mbox/ctakes-commits/201209.mbox/<20120920160817.8D9C02388A56@eris.apache.org>,chenpei
Thu Sep 20 16:09:19 2012,http://mail-archives.apache.org/mod_mbox/ctakes-commits/201209.mbox/<20120920160817.876BA2388A33@eris.apache.org>,chenpei
Thu Sep 20 16:09:19 2012,http://mail-archives.apache.org/mod_mbox/ctakes-commits/201209.mbox/<20120920160817.876BA2388A33@eris.apache.org>,chenpei
Thu Sep 20 16:09:19 2012,http://mail-archives.apache.org/mod_mbox/ctakes-commits/201209.mbox/<20120920160817.876BA2388A33@eris.apache.org>,chenpei
Thu Sep 20 16:09:19 2012,http://mail-archives.apache.org/mod_mbox/ctakes-commits/201209.mbox/<20120920160817.876BA2388A33@eris.apache.org>,chenpei
Thu Sep 20 16:09:19 2012,http://mail-archives.apache.org/mod_mbox/ctakes-commits/201209.mbox/<20120920160817.876BA2388A33@eris.apache.org>,chenpei
Thu Sep 20 16:09:19 2012,http://mail-archives.apache.org/mod_mbox/ctakes-commits/201209.mbox/<20120920160817.926DC2388A5E@eris.apache.org>,chenpei
Thu Sep 20 16:09:19 2012,http://mail-archives.apache.org/mod_mbox/ctakes-commits/201209.mbox/<20120920160817.876BA2388A33@eris.apache.org>,chenpei
Thu Sep 20 16:09:19 2012,http://mail-archives.apache.org/mod_mbox/ctakes-commits/201209.mbox/<20120920160817.876BA2388A33@eris.apache.org>,chenpei
Thu Sep 20 16:09:19 2012,http://mail-archives.apache.org/mod_mbox/ctakes-commits/201209.mbox/<20120920160817.876BA2388A33@eris.apache.org>,chenpei
Thu Sep 20 16:09:19 2012,http://mail-archives.apache.org/mod_mbox/ctakes-commits/201209.mbox/<20120920160817.876BA2388A33@eris.apache.org>,chenpei
Thu Sep 20 16:09:19 2012,http://mail-archives.apache.org/mod_mbox/ctakes-commits/201209.mbox/<20120920160817.876BA2388A33@eris.apache.org>,chenpei
Thu Sep 20 16:09:19 2012,http://mail-archives.apache.org/mod_mbox/ctakes-commits/201209.mbox/<20120920160817.876BA2388A33@eris.apache.org>,chenpei
Thu Sep 20 16:09:19 2012,http://mail-archives.apache.org/mod_mbox/ctakes-commits/201209.mbox/<20120920160817.876BA2388A33@eris.apache.org>,chenpei
Thu Sep 20 16:09:19 2012,http://mail-archives.apache.org/mod_mbox/ctakes-commits/201209.mbox/<20120920160817.876BA2388A33@eris.apache.org>,chenpei
Thu Sep 20 16:09:19 2012,http://mail-archives.apache.org/mod_mbox/ctakes-commits/201209.mbox/<20120920160817.876BA2388A33@eris.apache.org>,chenpei
Thu Sep 20 16:09:19 2012,http://mail-archives.apache.org/mod_mbox/ctakes-commits/201209.mbox/<20120920160817.876BA2388A33@eris.apache.org>,chenpei
Thu Sep 20 16:09:19 2012,http://mail-archives.apache.org/mod_mbox/ctakes-commits/201209.mbox/<20120920160817.876BA2388A33@eris.apache.org>,chenpei
Thu Sep 20 16:09:19 2012,http://mail-archives.apache.org/mod_mbox/ctakes-commits/201209.mbox/<20120920160817.876BA2388A33@eris.apache.org>,chenpei
Thu Sep 20 16:09:19 2012,http://mail-archives.apache.org/mod_mbox/ctakes-commits/201209.mbox/<20120920160817.876BA2388A33@eris.apache.org>,chenpei
Thu Sep 20 16:09:19 2012,http://mail-archives.apache.org/mod_mbox/ctakes-commits/201209.mbox/<20120920160817.876BA2388A33@eris.apache.org>,chenpei
Thu Sep 20 16:09:19 2012,http://mail-archives.apache.org/mod_mbox/ctakes-commits/201209.mbox/<20120920160817.876BA2388A33@eris.apache.org>,chenpei
Thu Sep 20 16:09:19 2012,http://mail-archives.apache.org/mod_mbox/ctakes-commits/201209.mbox/<20120920160817.876BA2388A33@eris.apache.org>,chenpei
Thu Sep 20 16:09:19 2012,http://mail-archives.apache.org/mod_mbox/ctakes-commits/201209.mbox/<20120920160817.876BA2388A33@eris.apache.org>,chenpei
Thu Sep 20 16:09:19 2012,http://mail-archives.apache.org/mod_mbox/ctakes-commits/201209.mbox/<20120920160817.876BA2388A33@eris.apache.org>,chenpei
Thu Sep 20 16:09:19 2012,http://mail-archives.apache.org/mod_mbox/ctakes-commits/201209.mbox/<20120920160817.876BA2388A33@eris.apache.org>,chenpei
Thu Sep 20 16:09:19 2012,http://mail-archives.apache.org/mod_mbox/ctakes-commits/201209.mbox/<20120920160817.876BA2388A33@eris.apache.org>,chenpei
Thu Sep 20 16:09:19 2012,http://mail-archives.apache.org/mod_mbox/ctakes-commits/201209.mbox/<20120920160817.926DC2388A5E@eris.apache.org>,chenpei
Thu Sep 20 16:09:19 2012,http://mail-archives.apache.org/mod_mbox/ctakes-commits/201209.mbox/<20120920160817.876BA2388A33@eris.apache.org>,chenpei
Thu Sep 20 16:09:19 2012,http://mail-archives.apache.org/mod_mbox/ctakes-commits/201209.mbox/<20120920160817.926DC2388A5E@eris.apache.org>,chenpei
Thu Sep 20 16:09:19 2012,http://mail-archives.apache.org/mod_mbox/ctakes-commits/201209.mbox/<20120920160817.926DC2388A5E@eris.apache.org>,chenpei
Thu Sep 20 16:09:19 2012,http://mail-archives.apache.org/mod_mbox/ctakes-commits/201209.mbox/<20120920160817.926DC2388A5E@eris.apache.org>,chenpei
Thu Sep 20 16:09:19 2012,http://mail-archives.apache.org/mod_mbox/ctakes-commits/201209.mbox/<20120920160817.876BA2388A33@eris.apache.org>,chenpei
Thu Sep 20 16:09:19 2012,http://mail-archives.apache.org/mod_mbox/ctakes-commits/201209.mbox/<20120920160817.926DC2388A5E@eris.apache.org>,chenpei
Thu Sep 20 16:09:19 2012,http://mail-archives.apache.org/mod_mbox/ctakes-commits/201209.mbox/<20120920160817.926DC2388A5E@eris.apache.org>,chenpei
Thu Sep 20 16:09:19 2012,http://mail-archives.apache.org/mod_mbox/ctakes-commits/201209.mbox/<20120920160817.926DC2388A5E@eris.apache.org>,chenpei
Thu Sep 20 16:09:19 2012,http://mail-archives.apache.org/mod_mbox/ctakes-commits/201209.mbox/<20120920160817.926DC2388A5E@eris.apache.org>,chenpei
Thu Sep 20 16:09:19 2012,http://mail-archives.apache.org/mod_mbox/ctakes-commits/201209.mbox/<20120920160817.926DC2388A5E@eris.apache.org>,chenpei
Thu Sep 20 16:09:19 2012,http://mail-archives.apache.org/mod_mbox/ctakes-commits/201209.mbox/<20120920160817.926DC2388A5E@eris.apache.org>,chenpei
Thu Sep 20 16:09:19 2012,http://mail-archives.apache.org/mod_mbox/ctakes-commits/201209.mbox/<20120920160817.926DC2388A5E@eris.apache.org>,chenpei
Thu Sep 20 16:09:19 2012,http://mail-archives.apache.org/mod_mbox/ctakes-commits/201209.mbox/<20120920160817.926DC2388A5E@eris.apache.org>,chenpei
Thu Sep 20 16:09:19 2012,http://mail-archives.apache.org/mod_mbox/ctakes-commits/201209.mbox/<20120920160817.926DC2388A5E@eris.apache.org>,chenpei
Thu Sep 20 16:09:19 2012,http://mail-archives.apache.org/mod_mbox/ctakes-commits/201209.mbox/<20120920160817.926DC2388A5E@eris.apache.org>,chenpei
Thu Sep 20 16:09:19 2012,http://mail-archives.apache.org/mod_mbox/ctakes-commits/201209.mbox/<20120920160817.926DC2388A5E@eris.apache.org>,chenpei
Thu Sep 20 16:09:19 2012,http://mail-archives.apache.org/mod_mbox/ctakes-commits/201209.mbox/<20120920160817.926DC2388A5E@eris.apache.org>,chenpei
Thu Sep 20 16:09:19 2012,http://mail-archives.apache.org/mod_mbox/ctakes-commits/201209.mbox/<20120920160817.926DC2388A5E@eris.apache.org>,chenpei
Thu Sep 20 16:09:19 2012,http://mail-archives.apache.org/mod_mbox/ctakes-commits/201209.mbox/<20120920160817.926DC2388A5E@eris.apache.org>,chenpei
Thu Sep 20 16:09:19 2012,http://mail-archives.apache.org/mod_mbox/ctakes-commits/201209.mbox/<20120920160817.926DC2388A5E@eris.apache.org>,chenpei
Thu Sep 20 16:09:19 2012,http://mail-archives.apache.org/mod_mbox/ctakes-commits/201209.mbox/<20120920160817.926DC2388A5E@eris.apache.org>,chenpei
Thu Sep 20 16:09:19 2012,http://mail-archives.apache.org/mod_mbox/ctakes-commits/201209.mbox/<20120920160817.926DC2388A5E@eris.apache.org>,chenpei
Thu Sep 20 16:09:19 2012,http://mail-archives.apache.org/mod_mbox/ctakes-commits/201209.mbox/<20120920160817.926DC2388A5E@eris.apache.org>,chenpei
Thu Sep 20 16:09:19 2012,http://mail-archives.apache.org/mod_mbox/ctakes-commits/201209.mbox/<20120920160817.926DC2388A5E@eris.apache.org>,chenpei
Thu Sep 20 16:09:19 2012,http://mail-archives.apache.org/mod_mbox/ctakes-commits/201209.mbox/<20120920160817.926DC2388A5E@eris.apache.org>,chenpei
Thu Sep 20 16:09:19 2012,http://mail-archives.apache.org/mod_mbox/ctakes-commits/201209.mbox/<20120920160817.926DC2388A5E@eris.apache.org>,chenpei
Thu Sep 20 16:09:19 2012,http://mail-archives.apache.org/mod_mbox/ctakes-commits/201209.mbox/<20120920160817.926DC2388A5E@eris.apache.org>,chenpei
Thu Sep 20 16:09:19 2012,http://mail-archives.apache.org/mod_mbox/ctakes-commits/201209.mbox/<20120920160817.926DC2388A5E@eris.apache.org>,chenpei
Thu Sep 20 16:09:19 2012,http://mail-archives.apache.org/mod_mbox/ctakes-commits/201209.mbox/<20120920160817.926DC2388A5E@eris.apache.org>,chenpei
Thu Sep 20 16:09:19 2012,http://mail-archives.apache.org/mod_mbox/ctakes-commits/201209.mbox/<20120920160817.926DC2388A5E@eris.apache.org>,chenpei
Thu Sep 20 16:09:19 2012,http://mail-archives.apache.org/mod_mbox/ctakes-commits/201209.mbox/<20120920160817.926DC2388A5E@eris.apache.org>,chenpei
Thu Sep 20 16:09:19 2012,http://mail-archives.apache.org/mod_mbox/ctakes-commits/201209.mbox/<20120920160817.926DC2388A5E@eris.apache.org>,chenpei
Thu Sep 20 16:09:19 2012,http://mail-archives.apache.org/mod_mbox/ctakes-commits/201209.mbox/<20120920160817.926DC2388A5E@eris.apache.org>,chenpei
Thu Sep 20 16:09:19 2012,http://mail-archives.apache.org/mod_mbox/ctakes-commits/201209.mbox/<20120920160817.876BA2388A33@eris.apache.org>,chenpei
Thu Sep 20 16:09:19 2012,http://mail-archives.apache.org/mod_mbox/ctakes-commits/201209.mbox/<20120920160817.876BA2388A33@eris.apache.org>,chenpei
Thu Sep 20 16:09:31 2012,http://mail-archives.apache.org/mod_mbox/ctakes-commits/201209.mbox/<20120920160817.C9F6D2388ABA@eris.apache.org>,chenpei
Thu Sep 20 16:09:31 2012,http://mail-archives.apache.org/mod_mbox/ctakes-commits/201209.mbox/<20120920160817.9764F2388AA9@eris.apache.org>,chenpei
Thu Sep 20 16:09:31 2012,http://mail-archives.apache.org/mod_mbox/ctakes-commits/201209.mbox/<20120920160817.9764F2388AA9@eris.apache.org>,chenpei
Thu Sep 20 16:09:31 2012,http://mail-archives.apache.org/mod_mbox/ctakes-commits/201209.mbox/<20120920160817.9764F2388AA9@eris.apache.org>,chenpei
Thu Sep 20 16:09:31 2012,http://mail-archives.apache.org/mod_mbox/ctakes-commits/201209.mbox/<20120920160817.9764F2388AA9@eris.apache.org>,chenpei
Thu Sep 20 16:09:31 2012,http://mail-archives.apache.org/mod_mbox/ctakes-commits/201209.mbox/<20120920160817.9764F2388AA9@eris.apache.org>,chenpei
Thu Sep 20 16:09:31 2012,http://mail-archives.apache.org/mod_mbox/ctakes-commits/201209.mbox/<20120920160817.9764F2388AA9@eris.apache.org>,chenpei
Thu Sep 20 16:09:31 2012,http://mail-archives.apache.org/mod_mbox/ctakes-commits/201209.mbox/<20120920160817.9764F2388AA9@eris.apache.org>,chenpei
Thu Sep 20 16:09:31 2012,http://mail-archives.apache.org/mod_mbox/ctakes-commits/201209.mbox/<20120920160817.C9F6D2388ABA@eris.apache.org>,chenpei
Thu Sep 20 16:09:31 2012,http://mail-archives.apache.org/mod_mbox/ctakes-commits/201209.mbox/<20120920160817.C9F6D2388ABA@eris.apache.org>,chenpei
Thu Sep 20 16:09:31 2012,http://mail-archives.apache.org/mod_mbox/ctakes-commits/201209.mbox/<20120920160817.C9F6D2388ABA@eris.apache.org>,chenpei
Thu Sep 20 16:09:31 2012,http://mail-archives.apache.org/mod_mbox/ctakes-commits/201209.mbox/<20120920160817.C9F6D2388ABA@eris.apache.org>,chenpei
Thu Sep 20 16:09:31 2012,http://mail-archives.apache.org/mod_mbox/ctakes-commits/201209.mbox/<20120920160817.C9F6D2388ABA@eris.apache.org>,chenpei
Thu Sep 20 16:09:31 2012,http://mail-archives.apache.org/mod_mbox/ctakes-commits/201209.mbox/<20120920160817.C9F6D2388ABA@eris.apache.org>,chenpei
Thu Sep 20 16:09:31 2012,http://mail-archives.apache.org/mod_mbox/ctakes-commits/201209.mbox/<20120920160817.C9F6D2388ABA@eris.apache.org>,chenpei
Thu Sep 20 16:09:31 2012,http://mail-archives.apache.org/mod_mbox/ctakes-commits/201209.mbox/<20120920160817.C9F6D2388ABA@eris.apache.org>,chenpei
Thu Sep 20 16:09:31 2012,http://mail-archives.apache.org/mod_mbox/ctakes-commits/201209.mbox/<20120920160817.C9F6D2388ABA@eris.apache.org>,chenpei
Thu Sep 20 16:09:31 2012,http://mail-archives.apache.org/mod_mbox/ctakes-commits/201209.mbox/<20120920160817.C9F6D2388ABA@eris.apache.org>,chenpei
Thu Sep 20 16:09:31 2012,http://mail-archives.apache.org/mod_mbox/ctakes-commits/201209.mbox/<20120920160817.C9F6D2388ABA@eris.apache.org>,chenpei
Thu Sep 20 16:09:31 2012,http://mail-archives.apache.org/mod_mbox/ctakes-commits/201209.mbox/<20120920160817.C9F6D2388ABA@eris.apache.org>,chenpei
Thu Sep 20 16:09:31 2012,http://mail-archives.apache.org/mod_mbox/ctakes-commits/201209.mbox/<20120920160817.C9F6D2388ABA@eris.apache.org>,chenpei
Thu Sep 20 16:09:31 2012,http://mail-archives.apache.org/mod_mbox/ctakes-commits/201209.mbox/<20120920160817.C9F6D2388ABA@eris.apache.org>,chenpei
Thu Sep 20 16:09:31 2012,http://mail-archives.apache.org/mod_mbox/ctakes-commits/201209.mbox/<20120920160817.9764F2388AA9@eris.apache.org>,chenpei
Thu Sep 20 16:09:31 2012,http://mail-archives.apache.org/mod_mbox/ctakes-commits/201209.mbox/<20120920160817.9764F2388AA9@eris.apache.org>,chenpei
Thu Sep 20 16:09:31 2012,http://mail-archives.apache.org/mod_mbox/ctakes-commits/201209.mbox/<20120920160817.9764F2388AA9@eris.apache.org>,chenpei
Thu Sep 20 16:09:31 2012,http://mail-archives.apache.org/mod_mbox/ctakes-commits/201209.mbox/<20120920160817.9764F2388AA9@eris.apache.org>,chenpei
Thu Sep 20 16:09:31 2012,http://mail-archives.apache.org/mod_mbox/ctakes-commits/201209.mbox/<20120920160817.9764F2388AA9@eris.apache.org>,chenpei
Thu Sep 20 16:09:31 2012,http://mail-archives.apache.org/mod_mbox/ctakes-commits/201209.mbox/<20120920160817.9764F2388AA9@eris.apache.org>,chenpei
Thu Sep 20 16:09:31 2012,http://mail-archives.apache.org/mod_mbox/ctakes-commits/201209.mbox/<20120920160817.9764F2388AA9@eris.apache.org>,chenpei
Thu Sep 20 16:09:31 2012,http://mail-archives.apache.org/mod_mbox/ctakes-commits/201209.mbox/<20120920160817.9764F2388AA9@eris.apache.org>,chenpei
Thu Sep 20 16:09:31 2012,http://mail-archives.apache.org/mod_mbox/ctakes-commits/201209.mbox/<20120920160817.9764F2388AA9@eris.apache.org>,chenpei
Thu Sep 20 16:09:31 2012,http://mail-archives.apache.org/mod_mbox/ctakes-commits/201209.mbox/<20120920160817.9764F2388AA9@eris.apache.org>,chenpei
Thu Sep 20 16:09:31 2012,http://mail-archives.apache.org/mod_mbox/ctakes-commits/201209.mbox/<20120920160817.9764F2388AA9@eris.apache.org>,chenpei
Thu Sep 20 16:09:31 2012,http://mail-archives.apache.org/mod_mbox/ctakes-commits/201209.mbox/<20120920160817.9764F2388AA9@eris.apache.org>,chenpei
Thu Sep 20 16:09:31 2012,http://mail-archives.apache.org/mod_mbox/ctakes-commits/201209.mbox/<20120920160817.9764F2388AA9@eris.apache.org>,chenpei
Thu Sep 20 16:09:31 2012,http://mail-archives.apache.org/mod_mbox/ctakes-commits/201209.mbox/<20120920160817.9764F2388AA9@eris.apache.org>,chenpei
Thu Sep 20 16:09:31 2012,http://mail-archives.apache.org/mod_mbox/ctakes-commits/201209.mbox/<20120920160817.C9F6D2388ABA@eris.apache.org>,chenpei
Thu Sep 20 16:09:31 2012,http://mail-archives.apache.org/mod_mbox/ctakes-commits/201209.mbox/<20120920160817.9764F2388AA9@eris.apache.org>,chenpei
Thu Sep 20 16:09:31 2012,http://mail-archives.apache.org/mod_mbox/ctakes-commits/201209.mbox/<20120920160817.9764F2388AA9@eris.apache.org>,chenpei
Thu Sep 20 16:09:31 2012,http://mail-archives.apache.org/mod_mbox/ctakes-commits/201209.mbox/<20120920160817.9764F2388AA9@eris.apache.org>,chenpei
Thu Sep 20 16:09:31 2012,http://mail-archives.apache.org/mod_mbox/ctakes-commits/201209.mbox/<20120920160817.9764F2388AA9@eris.apache.org>,chenpei
Thu Sep 20 16:09:31 2012,http://mail-archives.apache.org/mod_mbox/ctakes-commits/201209.mbox/<20120920160817.9764F2388AA9@eris.apache.org>,chenpei
Thu Sep 20 16:09:31 2012,http://mail-archives.apache.org/mod_mbox/ctakes-commits/201209.mbox/<20120920160817.9764F2388AA9@eris.apache.org>,chenpei
Thu Sep 20 16:09:31 2012,http://mail-archives.apache.org/mod_mbox/ctakes-commits/201209.mbox/<20120920160817.9764F2388AA9@eris.apache.org>,chenpei
Thu Sep 20 16:09:31 2012,http://mail-archives.apache.org/mod_mbox/ctakes-commits/201209.mbox/<20120920160817.9764F2388AA9@eris.apache.org>,chenpei
Thu Sep 20 16:09:31 2012,http://mail-archives.apache.org/mod_mbox/ctakes-commits/201209.mbox/<20120920160817.9764F2388AA9@eris.apache.org>,chenpei
Thu Sep 20 16:09:31 2012,http://mail-archives.apache.org/mod_mbox/ctakes-commits/201209.mbox/<20120920160817.9764F2388AA9@eris.apache.org>,chenpei
Thu Sep 20 16:09:31 2012,http://mail-archives.apache.org/mod_mbox/ctakes-commits/201209.mbox/<20120920160817.9764F2388AA9@eris.apache.org>,chenpei
Thu Sep 20 16:09:31 2012,http://mail-archives.apache.org/mod_mbox/ctakes-commits/201209.mbox/<20120920160817.9764F2388AA9@eris.apache.org>,chenpei
Thu Sep 20 16:09:31 2012,http://mail-archives.apache.org/mod_mbox/ctakes-commits/201209.mbox/<20120920160817.C9F6D2388ABA@eris.apache.org>,chenpei
Thu Sep 20 16:09:31 2012,http://mail-archives.apache.org/mod_mbox/ctakes-commits/201209.mbox/<20120920160817.C9F6D2388ABA@eris.apache.org>,chenpei
Thu Sep 20 16:09:31 2012,http://mail-archives.apache.org/mod_mbox/ctakes-commits/201209.mbox/<20120920160817.C9F6D2388ABA@eris.apache.org>,chenpei
Thu Sep 20 16:09:31 2012,http://mail-archives.apache.org/mod_mbox/ctakes-commits/201209.mbox/<20120920160817.9BCEE2388AAA@eris.apache.org>,chenpei
Thu Sep 20 16:09:31 2012,http://mail-archives.apache.org/mod_mbox/ctakes-commits/201209.mbox/<20120920160817.9BCEE2388AAA@eris.apache.org>,chenpei
Thu Sep 20 16:09:31 2012,http://mail-archives.apache.org/mod_mbox/ctakes-commits/201209.mbox/<20120920160817.9BCEE2388AAA@eris.apache.org>,chenpei
Thu Sep 20 16:09:31 2012,http://mail-archives.apache.org/mod_mbox/ctakes-commits/201209.mbox/<20120920160817.9BCEE2388AAA@eris.apache.org>,chenpei
Thu Sep 20 16:09:31 2012,http://mail-archives.apache.org/mod_mbox/ctakes-commits/201209.mbox/<20120920160817.9BCEE2388AAA@eris.apache.org>,chenpei
Thu Sep 20 16:09:31 2012,http://mail-archives.apache.org/mod_mbox/ctakes-commits/201209.mbox/<20120920160817.9BCEE2388AAA@eris.apache.org>,chenpei
Thu Sep 20 16:09:31 2012,http://mail-archives.apache.org/mod_mbox/ctakes-commits/201209.mbox/<20120920160817.9BCEE2388AAA@eris.apache.org>,chenpei
Thu Sep 20 16:09:31 2012,http://mail-archives.apache.org/mod_mbox/ctakes-commits/201209.mbox/<20120920160817.9BCEE2388AAA@eris.apache.org>,chenpei
Thu Sep 20 16:09:31 2012,http://mail-archives.apache.org/mod_mbox/ctakes-commits/201209.mbox/<20120920160817.9BCEE2388AAA@eris.apache.org>,chenpei
Thu Sep 20 16:09:31 2012,http://mail-archives.apache.org/mod_mbox/ctakes-commits/201209.mbox/<20120920160817.C9F6D2388ABA@eris.apache.org>,chenpei
Thu Sep 20 16:09:31 2012,http://mail-archives.apache.org/mod_mbox/ctakes-commits/201209.mbox/<20120920160817.9BCEE2388AAA@eris.apache.org>,chenpei
Thu Sep 20 16:09:31 2012,http://mail-archives.apache.org/mod_mbox/ctakes-commits/201209.mbox/<20120920160817.9BCEE2388AAA@eris.apache.org>,chenpei
Thu Sep 20 16:09:31 2012,http://mail-archives.apache.org/mod_mbox/ctakes-commits/201209.mbox/<20120920160817.9BCEE2388AAA@eris.apache.org>,chenpei
Thu Sep 20 16:09:31 2012,http://mail-archives.apache.org/mod_mbox/ctakes-commits/201209.mbox/<20120920160817.9BCEE2388AAA@eris.apache.org>,chenpei
Thu Sep 20 16:09:31 2012,http://mail-archives.apache.org/mod_mbox/ctakes-commits/201209.mbox/<20120920160817.C9F6D2388ABA@eris.apache.org>,chenpei
Thu Sep 20 16:09:31 2012,http://mail-archives.apache.org/mod_mbox/ctakes-commits/201209.mbox/<20120920160817.C9F6D2388ABA@eris.apache.org>,chenpei
Thu Sep 20 16:09:31 2012,http://mail-archives.apache.org/mod_mbox/ctakes-commits/201209.mbox/<20120920160817.C9F6D2388ABA@eris.apache.org>,chenpei
Thu Sep 20 16:09:31 2012,http://mail-archives.apache.org/mod_mbox/ctakes-commits/201209.mbox/<20120920160817.C9F6D2388ABA@eris.apache.org>,chenpei
Thu Sep 20 16:09:31 2012,http://mail-archives.apache.org/mod_mbox/ctakes-commits/201209.mbox/<20120920160817.C9F6D2388ABA@eris.apache.org>,chenpei
Thu Sep 20 16:09:31 2012,http://mail-archives.apache.org/mod_mbox/ctakes-commits/201209.mbox/<20120920160817.C9F6D2388ABA@eris.apache.org>,chenpei
Thu Sep 20 16:09:31 2012,http://mail-archives.apache.org/mod_mbox/ctakes-commits/201209.mbox/<20120920160817.C9F6D2388ABA@eris.apache.org>,chenpei
Thu Sep 20 16:09:31 2012,http://mail-archives.apache.org/mod_mbox/ctakes-commits/201209.mbox/<20120920160817.C9F6D2388ABA@eris.apache.org>,chenpei
Thu Sep 20 16:09:31 2012,http://mail-archives.apache.org/mod_mbox/ctakes-commits/201209.mbox/<20120920160817.9BCEE2388AAA@eris.apache.org>,chenpei
Thu Sep 20 16:09:31 2012,http://mail-archives.apache.org/mod_mbox/ctakes-commits/201209.mbox/<20120920160817.9BCEE2388AAA@eris.apache.org>,chenpei
Thu Sep 20 16:09:31 2012,http://mail-archives.apache.org/mod_mbox/ctakes-commits/201209.mbox/<20120920160817.9BCEE2388AAA@eris.apache.org>,chenpei
Thu Sep 20 16:09:31 2012,http://mail-archives.apache.org/mod_mbox/ctakes-commits/201209.mbox/<20120920160817.9BCEE2388AAA@eris.apache.org>,chenpei
Thu Sep 20 16:09:31 2012,http://mail-archives.apache.org/mod_mbox/ctakes-commits/201209.mbox/<20120920160817.9BCEE2388AAA@eris.apache.org>,chenpei
Thu Sep 20 16:09:31 2012,http://mail-archives.apache.org/mod_mbox/ctakes-commits/201209.mbox/<20120920160817.C9F6D2388ABA@eris.apache.org>,chenpei
Thu Sep 20 16:09:31 2012,http://mail-archives.apache.org/mod_mbox/ctakes-commits/201209.mbox/<20120920160817.C9F6D2388ABA@eris.apache.org>,chenpei
Thu Sep 20 16:09:31 2012,http://mail-archives.apache.org/mod_mbox/ctakes-commits/201209.mbox/<20120920160817.C9F6D2388ABA@eris.apache.org>,chenpei
Thu Sep 20 16:09:31 2012,http://mail-archives.apache.org/mod_mbox/ctakes-commits/201209.mbox/<20120920160817.C9F6D2388ABA@eris.apache.org>,chenpei
Thu Sep 20 16:09:31 2012,http://mail-archives.apache.org/mod_mbox/ctakes-commits/201209.mbox/<20120920160817.C9F6D2388ABA@eris.apache.org>,chenpei
Thu Sep 20 16:09:31 2012,http://mail-archives.apache.org/mod_mbox/ctakes-commits/201209.mbox/<20120920160817.C9F6D2388ABA@eris.apache.org>,chenpei
Thu Sep 20 16:09:31 2012,http://mail-archives.apache.org/mod_mbox/ctakes-commits/201209.mbox/<20120920160817.9BCEE2388AAA@eris.apache.org>,chenpei
Thu Sep 20 16:09:31 2012,http://mail-archives.apache.org/mod_mbox/ctakes-commits/201209.mbox/<20120920160817.9BCEE2388AAA@eris.apache.org>,chenpei
Thu Sep 20 16:09:31 2012,http://mail-archives.apache.org/mod_mbox/ctakes-commits/201209.mbox/<20120920160817.9BCEE2388AAA@eris.apache.org>,chenpei
Thu Sep 20 16:09:31 2012,http://mail-archives.apache.org/mod_mbox/ctakes-commits/201209.mbox/<20120920160817.9BCEE2388AAA@eris.apache.org>,chenpei
Thu Sep 20 16:09:31 2012,http://mail-archives.apache.org/mod_mbox/ctakes-commits/201209.mbox/<20120920160817.9BCEE2388AAA@eris.apache.org>,chenpei
Thu Sep 20 16:09:31 2012,http://mail-archives.apache.org/mod_mbox/ctakes-commits/201209.mbox/<20120920160817.9BCEE2388AAA@eris.apache.org>,chenpei
Thu Sep 20 16:09:31 2012,http://mail-archives.apache.org/mod_mbox/ctakes-commits/201209.mbox/<20120920160817.9BCEE2388AAA@eris.apache.org>,chenpei
Thu Sep 20 16:09:31 2012,http://mail-archives.apache.org/mod_mbox/ctakes-commits/201209.mbox/<20120920160817.9BCEE2388AAA@eris.apache.org>,chenpei
Thu Sep 20 16:09:31 2012,http://mail-archives.apache.org/mod_mbox/ctakes-commits/201209.mbox/<20120920160817.9BCEE2388AAA@eris.apache.org>,chenpei
Thu Sep 20 16:09:31 2012,http://mail-archives.apache.org/mod_mbox/ctakes-commits/201209.mbox/<20120920160817.9BCEE2388AAA@eris.apache.org>,chenpei
Thu Sep 20 16:09:31 2012,http://mail-archives.apache.org/mod_mbox/ctakes-commits/201209.mbox/<20120920160817.9BCEE2388AAA@eris.apache.org>,chenpei
Thu Sep 20 16:09:31 2012,http://mail-archives.apache.org/mod_mbox/ctakes-commits/201209.mbox/<20120920160817.9BCEE2388AAA@eris.apache.org>,chenpei
Thu Sep 20 16:09:31 2012,http://mail-archives.apache.org/mod_mbox/ctakes-commits/201209.mbox/<20120920160817.9BCEE2388AAA@eris.apache.org>,chenpei
Thu Sep 20 16:09:31 2012,http://mail-archives.apache.org/mod_mbox/ctakes-commits/201209.mbox/<20120920160817.9BCEE2388AAA@eris.apache.org>,chenpei
Thu Sep 20 16:09:31 2012,http://mail-archives.apache.org/mod_mbox/ctakes-commits/201209.mbox/<20120920160817.9BCEE2388AAA@eris.apache.org>,chenpei
Thu Sep 20 16:09:39 2012,http://mail-archives.apache.org/mod_mbox/ctakes-commits/201209.mbox/<20120920160817.CF6FB2388ACC@eris.apache.org>,chenpei
Thu Sep 20 16:09:39 2012,http://mail-archives.apache.org/mod_mbox/ctakes-commits/201209.mbox/<20120920160817.CF6FB2388ACC@eris.apache.org>,chenpei
Thu Sep 20 16:09:39 2012,http://mail-archives.apache.org/mod_mbox/ctakes-commits/201209.mbox/<20120920160817.CF6FB2388ACC@eris.apache.org>,chenpei
Thu Sep 20 16:09:39 2012,http://mail-archives.apache.org/mod_mbox/ctakes-commits/201209.mbox/<20120920160817.CF6FB2388ACC@eris.apache.org>,chenpei
Thu Sep 20 16:09:39 2012,http://mail-archives.apache.org/mod_mbox/ctakes-commits/201209.mbox/<20120920160817.CF6FB2388ACC@eris.apache.org>,chenpei
Thu Sep 20 16:09:39 2012,http://mail-archives.apache.org/mod_mbox/ctakes-commits/201209.mbox/<20120920160817.CF6FB2388ACC@eris.apache.org>,chenpei
Thu Sep 20 16:09:39 2012,http://mail-archives.apache.org/mod_mbox/ctakes-commits/201209.mbox/<20120920160817.CF6FB2388ACC@eris.apache.org>,chenpei
Thu Sep 20 16:09:39 2012,http://mail-archives.apache.org/mod_mbox/ctakes-commits/201209.mbox/<20120920160817.CF6FB2388ACC@eris.apache.org>,chenpei
Thu Sep 20 16:09:39 2012,http://mail-archives.apache.org/mod_mbox/ctakes-commits/201209.mbox/<20120920160817.CF6FB2388ACC@eris.apache.org>,chenpei
Thu Sep 20 16:09:39 2012,http://mail-archives.apache.org/mod_mbox/ctakes-commits/201209.mbox/<20120920160817.CF6FB2388ACC@eris.apache.org>,chenpei
Thu Sep 20 16:09:39 2012,http://mail-archives.apache.org/mod_mbox/ctakes-commits/201209.mbox/<20120920160817.CF6FB2388ACC@eris.apache.org>,chenpei
Thu Sep 20 16:09:39 2012,http://mail-archives.apache.org/mod_mbox/ctakes-commits/201209.mbox/<20120920160817.CF6FB2388ACC@eris.apache.org>,chenpei
Thu Sep 20 16:09:39 2012,http://mail-archives.apache.org/mod_mbox/ctakes-commits/201209.mbox/<20120920160817.CF6FB2388ACC@eris.apache.org>,chenpei
Thu Sep 20 16:09:39 2012,http://mail-archives.apache.org/mod_mbox/ctakes-commits/201209.mbox/<20120920160817.CF6FB2388ACC@eris.apache.org>,chenpei
Thu Sep 20 16:09:39 2012,http://mail-archives.apache.org/mod_mbox/ctakes-commits/201209.mbox/<20120920160817.CF6FB2388ACC@eris.apache.org>,chenpei
Thu Sep 20 16:09:39 2012,http://mail-archives.apache.org/mod_mbox/ctakes-commits/201209.mbox/<20120920160817.CF6FB2388ACC@eris.apache.org>,chenpei
Thu Sep 20 16:09:39 2012,http://mail-archives.apache.org/mod_mbox/ctakes-commits/201209.mbox/<20120920160817.CF6FB2388ACC@eris.apache.org>,chenpei
Thu Sep 20 16:09:39 2012,http://mail-archives.apache.org/mod_mbox/ctakes-commits/201209.mbox/<20120920160817.CF6FB2388ACC@eris.apache.org>,chenpei
Thu Sep 20 16:09:39 2012,http://mail-archives.apache.org/mod_mbox/ctakes-commits/201209.mbox/<20120920160817.CF6FB2388ACC@eris.apache.org>,chenpei
Thu Sep 20 16:09:39 2012,http://mail-archives.apache.org/mod_mbox/ctakes-commits/201209.mbox/<20120920160817.CF6FB2388ACC@eris.apache.org>,chenpei
Thu Sep 20 16:09:39 2012,http://mail-archives.apache.org/mod_mbox/ctakes-commits/201209.mbox/<20120920160817.CF6FB2388ACC@eris.apache.org>,chenpei
Thu Sep 20 16:09:39 2012,http://mail-archives.apache.org/mod_mbox/ctakes-commits/201209.mbox/<20120920160817.CF6FB2388ACC@eris.apache.org>,chenpei
Thu Sep 20 16:09:39 2012,http://mail-archives.apache.org/mod_mbox/ctakes-commits/201209.mbox/<20120920160817.CF6FB2388ACC@eris.apache.org>,chenpei
Thu Sep 20 16:09:39 2012,http://mail-archives.apache.org/mod_mbox/ctakes-commits/201209.mbox/<20120920160817.CF6FB2388ACC@eris.apache.org>,chenpei
Thu Sep 20 16:09:39 2012,http://mail-archives.apache.org/mod_mbox/ctakes-commits/201209.mbox/<20120920160817.CF6FB2388ACC@eris.apache.org>,chenpei
Thu Sep 20 16:09:39 2012,http://mail-archives.apache.org/mod_mbox/ctakes-commits/201209.mbox/<20120920160817.CF6FB2388ACC@eris.apache.org>,chenpei
Thu Sep 20 16:09:39 2012,http://mail-archives.apache.org/mod_mbox/ctakes-commits/201209.mbox/<20120920160817.CF6FB2388ACC@eris.apache.org>,chenpei
Thu Sep 20 16:09:39 2012,http://mail-archives.apache.org/mod_mbox/ctakes-commits/201209.mbox/<20120920160817.CF6FB2388ACC@eris.apache.org>,chenpei
Thu Sep 20 16:09:39 2012,http://mail-archives.apache.org/mod_mbox/ctakes-commits/201209.mbox/<20120920160817.CF6FB2388ACC@eris.apache.org>,chenpei
Thu Sep 20 16:09:39 2012,http://mail-archives.apache.org/mod_mbox/ctakes-commits/201209.mbox/<20120920160817.CF6FB2388ACC@eris.apache.org>,chenpei
Thu Sep 20 16:09:39 2012,http://mail-archives.apache.org/mod_mbox/ctakes-commits/201209.mbox/<20120920160817.CF6FB2388ACC@eris.apache.org>,chenpei
Thu Sep 20 16:09:39 2012,http://mail-archives.apache.org/mod_mbox/ctakes-commits/201209.mbox/<20120920160817.CF6FB2388ACC@eris.apache.org>,chenpei
Thu Sep 20 16:09:39 2012,http://mail-archives.apache.org/mod_mbox/ctakes-commits/201209.mbox/<20120920160817.CF6FB2388ACC@eris.apache.org>,chenpei
Thu Sep 20 16:09:39 2012,http://mail-archives.apache.org/mod_mbox/ctakes-commits/201209.mbox/<20120920160817.CF6FB2388ACC@eris.apache.org>,chenpei
Thu Sep 20 16:09:39 2012,http://mail-archives.apache.org/mod_mbox/ctakes-commits/201209.mbox/<20120920160817.CF6FB2388ACC@eris.apache.org>,chenpei
Thu Sep 20 16:09:39 2012,http://mail-archives.apache.org/mod_mbox/ctakes-commits/201209.mbox/<20120920160817.CF6FB2388ACC@eris.apache.org>,chenpei
Thu Sep 20 16:09:39 2012,http://mail-archives.apache.org/mod_mbox/ctakes-commits/201209.mbox/<20120920160817.CF6FB2388ACC@eris.apache.org>,chenpei
Thu Sep 20 16:09:39 2012,http://mail-archives.apache.org/mod_mbox/ctakes-commits/201209.mbox/<20120920160817.CF6FB2388ACC@eris.apache.org>,chenpei
Thu Sep 20 16:09:39 2012,http://mail-archives.apache.org/mod_mbox/ctakes-commits/201209.mbox/<20120920160817.CF6FB2388ACC@eris.apache.org>,chenpei
Thu Sep 20 16:09:39 2012,http://mail-archives.apache.org/mod_mbox/ctakes-commits/201209.mbox/<20120920160817.CF6FB2388ACC@eris.apache.org>,chenpei
Thu Sep 20 16:09:39 2012,http://mail-archives.apache.org/mod_mbox/ctakes-commits/201209.mbox/<20120920160817.CF6FB2388ACC@eris.apache.org>,chenpei
Thu Sep 20 16:09:39 2012,http://mail-archives.apache.org/mod_mbox/ctakes-commits/201209.mbox/<20120920160817.CF6FB2388ACC@eris.apache.org>,chenpei
Thu Sep 20 16:09:39 2012,http://mail-archives.apache.org/mod_mbox/ctakes-commits/201209.mbox/<20120920160817.CF6FB2388ACC@eris.apache.org>,chenpei
Thu Sep 20 16:09:39 2012,http://mail-archives.apache.org/mod_mbox/ctakes-commits/201209.mbox/<20120920160817.CF6FB2388ACC@eris.apache.org>,chenpei
Thu Sep 20 16:09:39 2012,http://mail-archives.apache.org/mod_mbox/ctakes-commits/201209.mbox/<20120920160817.CF6FB2388ACC@eris.apache.org>,chenpei
Thu Sep 20 16:09:39 2012,http://mail-archives.apache.org/mod_mbox/ctakes-commits/201209.mbox/<20120920160817.CF6FB2388ACC@eris.apache.org>,chenpei
Thu Sep 20 16:09:39 2012,http://mail-archives.apache.org/mod_mbox/ctakes-commits/201209.mbox/<20120920160817.CF6FB2388ACC@eris.apache.org>,chenpei
Thu Sep 20 16:09:39 2012,http://mail-archives.apache.org/mod_mbox/ctakes-commits/201209.mbox/<20120920160817.CF6FB2388ACC@eris.apache.org>,chenpei
Thu Sep 20 16:09:39 2012,http://mail-archives.apache.org/mod_mbox/ctakes-commits/201209.mbox/<20120920160817.CF6FB2388ACC@eris.apache.org>,chenpei
Thu Sep 20 16:09:41 2012,http://mail-archives.apache.org/mod_mbox/ctakes-commits/201209.mbox/<20120920160817.EE5A42388C5D@eris.apache.org>,chenpei
Thu Sep 20 16:09:41 2012,http://mail-archives.apache.org/mod_mbox/ctakes-commits/201209.mbox/<20120920160817.EE5A42388C5D@eris.apache.org>,chenpei
Thu Sep 20 16:09:41 2012,http://mail-archives.apache.org/mod_mbox/ctakes-commits/201209.mbox/<20120920160817.EE5A42388C5D@eris.apache.org>,chenpei
Thu Sep 20 16:09:41 2012,http://mail-archives.apache.org/mod_mbox/ctakes-commits/201209.mbox/<20120920160817.EE5A42388C5D@eris.apache.org>,chenpei
Thu Sep 20 16:09:41 2012,http://mail-archives.apache.org/mod_mbox/ctakes-commits/201209.mbox/<20120920160817.D9CF92388B75@eris.apache.org>,chenpei
Thu Sep 20 16:09:41 2012,http://mail-archives.apache.org/mod_mbox/ctakes-commits/201209.mbox/<20120920160817.D9CF92388B75@eris.apache.org>,chenpei
Thu Sep 20 16:09:41 2012,http://mail-archives.apache.org/mod_mbox/ctakes-commits/201209.mbox/<20120920160817.D9CF92388B75@eris.apache.org>,chenpei
Thu Sep 20 16:09:41 2012,http://mail-archives.apache.org/mod_mbox/ctakes-commits/201209.mbox/<20120920160817.D9CF92388B75@eris.apache.org>,chenpei
Thu Sep 20 16:09:41 2012,http://mail-archives.apache.org/mod_mbox/ctakes-commits/201209.mbox/<20120920160817.D9CF92388B75@eris.apache.org>,chenpei
Thu Sep 20 16:09:41 2012,http://mail-archives.apache.org/mod_mbox/ctakes-commits/201209.mbox/<20120920160817.D9CF92388B75@eris.apache.org>,chenpei
Thu Sep 20 16:09:41 2012,http://mail-archives.apache.org/mod_mbox/ctakes-commits/201209.mbox/<20120920160817.EE5A42388C5D@eris.apache.org>,chenpei
Thu Sep 20 16:09:41 2012,http://mail-archives.apache.org/mod_mbox/ctakes-commits/201209.mbox/<20120920160817.D9CF92388B75@eris.apache.org>,chenpei
Thu Sep 20 16:09:41 2012,http://mail-archives.apache.org/mod_mbox/ctakes-commits/201209.mbox/<20120920160817.D9CF92388B75@eris.apache.org>,chenpei
Thu Sep 20 16:09:41 2012,http://mail-archives.apache.org/mod_mbox/ctakes-commits/201209.mbox/<20120920160817.EE5A42388C5D@eris.apache.org>,chenpei
Thu Sep 20 16:09:41 2012,http://mail-archives.apache.org/mod_mbox/ctakes-commits/201209.mbox/<20120920160817.EE5A42388C5D@eris.apache.org>,chenpei
Thu Sep 20 16:09:41 2012,http://mail-archives.apache.org/mod_mbox/ctakes-commits/201209.mbox/<20120920160817.EE5A42388C5D@eris.apache.org>,chenpei
Thu Sep 20 16:09:41 2012,http://mail-archives.apache.org/mod_mbox/ctakes-commits/201209.mbox/<20120920160817.EE5A42388C5D@eris.apache.org>,chenpei
Thu Sep 20 16:09:41 2012,http://mail-archives.apache.org/mod_mbox/ctakes-commits/201209.mbox/<20120920160817.EE5A42388C5D@eris.apache.org>,chenpei
Thu Sep 20 16:09:41 2012,http://mail-archives.apache.org/mod_mbox/ctakes-commits/201209.mbox/<20120920160817.EE5A42388C5D@eris.apache.org>,chenpei
Thu Sep 20 16:09:41 2012,http://mail-archives.apache.org/mod_mbox/ctakes-commits/201209.mbox/<20120920160817.EE5A42388C5D@eris.apache.org>,chenpei
Thu Sep 20 16:09:41 2012,http://mail-archives.apache.org/mod_mbox/ctakes-commits/201209.mbox/<20120920160817.EE5A42388C5D@eris.apache.org>,chenpei
Thu Sep 20 16:09:41 2012,http://mail-archives.apache.org/mod_mbox/ctakes-commits/201209.mbox/<20120920160817.EE5A42388C5D@eris.apache.org>,chenpei
Thu Sep 20 16:09:41 2012,http://mail-archives.apache.org/mod_mbox/ctakes-commits/201209.mbox/<20120920160817.EE5A42388C5D@eris.apache.org>,chenpei
Thu Sep 20 16:09:41 2012,http://mail-archives.apache.org/mod_mbox/ctakes-commits/201209.mbox/<20120920160817.EE5A42388C5D@eris.apache.org>,chenpei
Thu Sep 20 16:09:41 2012,http://mail-archives.apache.org/mod_mbox/ctakes-commits/201209.mbox/<20120920160817.D9CF92388B75@eris.apache.org>,chenpei
Thu Sep 20 16:09:41 2012,http://mail-archives.apache.org/mod_mbox/ctakes-commits/201209.mbox/<20120920160817.EE5A42388C5D@eris.apache.org>,chenpei
Thu Sep 20 16:09:41 2012,http://mail-archives.apache.org/mod_mbox/ctakes-commits/201209.mbox/<20120920160817.EE5A42388C5D@eris.apache.org>,chenpei
Thu Sep 20 16:09:41 2012,http://mail-archives.apache.org/mod_mbox/ctakes-commits/201209.mbox/<20120920160817.EE5A42388C5D@eris.apache.org>,chenpei
Thu Sep 20 16:09:41 2012,http://mail-archives.apache.org/mod_mbox/ctakes-commits/201209.mbox/<20120920160817.EE5A42388C5D@eris.apache.org>,chenpei
Thu Sep 20 16:09:41 2012,http://mail-archives.apache.org/mod_mbox/ctakes-commits/201209.mbox/<20120920160817.EE5A42388C5D@eris.apache.org>,chenpei
Thu Sep 20 16:09:41 2012,http://mail-archives.apache.org/mod_mbox/ctakes-commits/201209.mbox/<20120920160817.D9CF92388B75@eris.apache.org>,chenpei
Thu Sep 20 16:09:41 2012,http://mail-archives.apache.org/mod_mbox/ctakes-commits/201209.mbox/<20120920160817.D9CF92388B75@eris.apache.org>,chenpei
Thu Sep 20 16:09:41 2012,http://mail-archives.apache.org/mod_mbox/ctakes-commits/201209.mbox/<20120920160817.D9CF92388B75@eris.apache.org>,chenpei
Thu Sep 20 16:09:41 2012,http://mail-archives.apache.org/mod_mbox/ctakes-commits/201209.mbox/<20120920160817.EE5A42388C5D@eris.apache.org>,chenpei
Thu Sep 20 16:09:41 2012,http://mail-archives.apache.org/mod_mbox/ctakes-commits/201209.mbox/<20120920160817.D9CF92388B75@eris.apache.org>,chenpei
Thu Sep 20 16:09:41 2012,http://mail-archives.apache.org/mod_mbox/ctakes-commits/201209.mbox/<20120920160817.D9CF92388B75@eris.apache.org>,chenpei
Thu Sep 20 16:09:41 2012,http://mail-archives.apache.org/mod_mbox/ctakes-commits/201209.mbox/<20120920160817.D9CF92388B75@eris.apache.org>,chenpei
Thu Sep 20 16:09:41 2012,http://mail-archives.apache.org/mod_mbox/ctakes-commits/201209.mbox/<20120920160817.D9CF92388B75@eris.apache.org>,chenpei
Thu Sep 20 16:09:41 2012,http://mail-archives.apache.org/mod_mbox/ctakes-commits/201209.mbox/<20120920160817.D9CF92388B75@eris.apache.org>,chenpei
Thu Sep 20 16:09:41 2012,http://mail-archives.apache.org/mod_mbox/ctakes-commits/201209.mbox/<20120920160817.D9CF92388B75@eris.apache.org>,chenpei
Thu Sep 20 16:09:41 2012,http://mail-archives.apache.org/mod_mbox/ctakes-commits/201209.mbox/<20120920160817.D9CF92388B75@eris.apache.org>,chenpei
Thu Sep 20 16:09:41 2012,http://mail-archives.apache.org/mod_mbox/ctakes-commits/201209.mbox/<20120920160817.D9CF92388B75@eris.apache.org>,chenpei
Thu Sep 20 16:09:41 2012,http://mail-archives.apache.org/mod_mbox/ctakes-commits/201209.mbox/<20120920160817.D9CF92388B75@eris.apache.org>,chenpei
Thu Sep 20 16:09:41 2012,http://mail-archives.apache.org/mod_mbox/ctakes-commits/201209.mbox/<20120920160817.D9CF92388B75@eris.apache.org>,chenpei
Thu Sep 20 16:09:41 2012,http://mail-archives.apache.org/mod_mbox/ctakes-commits/201209.mbox/<20120920160817.D9CF92388B75@eris.apache.org>,chenpei
Thu Sep 20 16:09:41 2012,http://mail-archives.apache.org/mod_mbox/ctakes-commits/201209.mbox/<20120920160817.D9CF92388B75@eris.apache.org>,chenpei
Thu Sep 20 16:09:41 2012,http://mail-archives.apache.org/mod_mbox/ctakes-commits/201209.mbox/<20120920160817.D9CF92388B75@eris.apache.org>,chenpei
Thu Sep 20 16:09:41 2012,http://mail-archives.apache.org/mod_mbox/ctakes-commits/201209.mbox/<20120920160817.D9CF92388B75@eris.apache.org>,chenpei
Thu Sep 20 16:09:41 2012,http://mail-archives.apache.org/mod_mbox/ctakes-commits/201209.mbox/<20120920160817.D9CF92388B75@eris.apache.org>,chenpei
Thu Sep 20 16:09:41 2012,http://mail-archives.apache.org/mod_mbox/ctakes-commits/201209.mbox/<20120920160817.D9CF92388B75@eris.apache.org>,chenpei
Thu Sep 20 16:09:41 2012,http://mail-archives.apache.org/mod_mbox/ctakes-commits/201209.mbox/<20120920160817.D9CF92388B75@eris.apache.org>,chenpei
Thu Sep 20 16:09:41 2012,http://mail-archives.apache.org/mod_mbox/ctakes-commits/201209.mbox/<20120920160817.D9CF92388B75@eris.apache.org>,chenpei
Thu Sep 20 16:09:41 2012,http://mail-archives.apache.org/mod_mbox/ctakes-commits/201209.mbox/<20120920160817.D9CF92388B75@eris.apache.org>,chenpei
Thu Sep 20 16:09:41 2012,http://mail-archives.apache.org/mod_mbox/ctakes-commits/201209.mbox/<20120920160817.D9CF92388B75@eris.apache.org>,chenpei
Thu Sep 20 16:09:41 2012,http://mail-archives.apache.org/mod_mbox/ctakes-commits/201209.mbox/<20120920160817.D9CF92388B75@eris.apache.org>,chenpei
Thu Sep 20 16:09:41 2012,http://mail-archives.apache.org/mod_mbox/ctakes-commits/201209.mbox/<20120920160817.D9CF92388B75@eris.apache.org>,chenpei
Thu Sep 20 16:09:41 2012,http://mail-archives.apache.org/mod_mbox/ctakes-commits/201209.mbox/<20120920160817.D9CF92388B75@eris.apache.org>,chenpei
Thu Sep 20 16:09:41 2012,http://mail-archives.apache.org/mod_mbox/ctakes-commits/201209.mbox/<20120920160817.D9CF92388B75@eris.apache.org>,chenpei
Thu Sep 20 16:09:41 2012,http://mail-archives.apache.org/mod_mbox/ctakes-commits/201209.mbox/<20120920160817.D9CF92388B75@eris.apache.org>,chenpei
Thu Sep 20 16:09:41 2012,http://mail-archives.apache.org/mod_mbox/ctakes-commits/201209.mbox/<20120920160817.D9CF92388B75@eris.apache.org>,chenpei
Thu Sep 20 16:09:41 2012,http://mail-archives.apache.org/mod_mbox/ctakes-commits/201209.mbox/<20120920160817.D9CF92388B75@eris.apache.org>,chenpei
Thu Sep 20 16:09:41 2012,http://mail-archives.apache.org/mod_mbox/ctakes-commits/201209.mbox/<20120920160817.D9CF92388B75@eris.apache.org>,chenpei
Thu Sep 20 16:09:41 2012,http://mail-archives.apache.org/mod_mbox/ctakes-commits/201209.mbox/<20120920160817.D9CF92388B75@eris.apache.org>,chenpei
Thu Sep 20 16:09:41 2012,http://mail-archives.apache.org/mod_mbox/ctakes-commits/201209.mbox/<20120920160817.EE5A42388C5D@eris.apache.org>,chenpei
Thu Sep 20 16:09:41 2012,http://mail-archives.apache.org/mod_mbox/ctakes-commits/201209.mbox/<20120920160817.D4AB82388B46@eris.apache.org>,chenpei
Thu Sep 20 16:09:41 2012,http://mail-archives.apache.org/mod_mbox/ctakes-commits/201209.mbox/<20120920160817.EE5A42388C5D@eris.apache.org>,chenpei
Thu Sep 20 16:09:41 2012,http://mail-archives.apache.org/mod_mbox/ctakes-commits/201209.mbox/<20120920160817.D4AB82388B46@eris.apache.org>,chenpei
Thu Sep 20 16:09:41 2012,http://mail-archives.apache.org/mod_mbox/ctakes-commits/201209.mbox/<20120920160817.D4AB82388B46@eris.apache.org>,chenpei
Thu Sep 20 16:09:41 2012,http://mail-archives.apache.org/mod_mbox/ctakes-commits/201209.mbox/<20120920160817.D4AB82388B46@eris.apache.org>,chenpei
Thu Sep 20 16:09:41 2012,http://mail-archives.apache.org/mod_mbox/ctakes-commits/201209.mbox/<20120920160817.D4AB82388B46@eris.apache.org>,chenpei
Thu Sep 20 16:09:41 2012,http://mail-archives.apache.org/mod_mbox/ctakes-commits/201209.mbox/<20120920160817.D4AB82388B46@eris.apache.org>,chenpei
Thu Sep 20 16:09:41 2012,http://mail-archives.apache.org/mod_mbox/ctakes-commits/201209.mbox/<20120920160817.D4AB82388B46@eris.apache.org>,chenpei
Thu Sep 20 16:09:41 2012,http://mail-archives.apache.org/mod_mbox/ctakes-commits/201209.mbox/<20120920160817.D4AB82388B46@eris.apache.org>,chenpei
Thu Sep 20 16:09:41 2012,http://mail-archives.apache.org/mod_mbox/ctakes-commits/201209.mbox/<20120920160817.D4AB82388B46@eris.apache.org>,chenpei
Thu Sep 20 16:09:41 2012,http://mail-archives.apache.org/mod_mbox/ctakes-commits/201209.mbox/<20120920160817.D4AB82388B46@eris.apache.org>,chenpei
Thu Sep 20 16:09:41 2012,http://mail-archives.apache.org/mod_mbox/ctakes-commits/201209.mbox/<20120920160817.D4AB82388B46@eris.apache.org>,chenpei
Thu Sep 20 16:09:41 2012,http://mail-archives.apache.org/mod_mbox/ctakes-commits/201209.mbox/<20120920160817.D4AB82388B46@eris.apache.org>,chenpei
Thu Sep 20 16:09:41 2012,http://mail-archives.apache.org/mod_mbox/ctakes-commits/201209.mbox/<20120920160817.D4AB82388B46@eris.apache.org>,chenpei
Thu Sep 20 16:09:41 2012,http://mail-archives.apache.org/mod_mbox/ctakes-commits/201209.mbox/<20120920160817.D4AB82388B46@eris.apache.org>,chenpei
Thu Sep 20 16:09:41 2012,http://mail-archives.apache.org/mod_mbox/ctakes-commits/201209.mbox/<20120920160817.D4AB82388B46@eris.apache.org>,chenpei
Thu Sep 20 16:09:41 2012,http://mail-archives.apache.org/mod_mbox/ctakes-commits/201209.mbox/<20120920160817.D4AB82388B46@eris.apache.org>,chenpei
Thu Sep 20 16:09:41 2012,http://mail-archives.apache.org/mod_mbox/ctakes-commits/201209.mbox/<20120920160817.D4AB82388B46@eris.apache.org>,chenpei
Thu Sep 20 16:09:41 2012,http://mail-archives.apache.org/mod_mbox/ctakes-commits/201209.mbox/<20120920160817.D4AB82388B46@eris.apache.org>,chenpei
Thu Sep 20 16:09:41 2012,http://mail-archives.apache.org/mod_mbox/ctakes-commits/201209.mbox/<20120920160817.D4AB82388B46@eris.apache.org>,chenpei
Thu Sep 20 16:09:41 2012,http://mail-archives.apache.org/mod_mbox/ctakes-commits/201209.mbox/<20120920160817.D4AB82388B46@eris.apache.org>,chenpei
Thu Sep 20 16:09:41 2012,http://mail-archives.apache.org/mod_mbox/ctakes-commits/201209.mbox/<20120920160817.D4AB82388B46@eris.apache.org>,chenpei
Thu Sep 20 16:09:41 2012,http://mail-archives.apache.org/mod_mbox/ctakes-commits/201209.mbox/<20120920160817.D4AB82388B46@eris.apache.org>,chenpei
Thu Sep 20 16:09:41 2012,http://mail-archives.apache.org/mod_mbox/ctakes-commits/201209.mbox/<20120920160817.D4AB82388B46@eris.apache.org>,chenpei
Thu Sep 20 16:09:41 2012,http://mail-archives.apache.org/mod_mbox/ctakes-commits/201209.mbox/<20120920160817.D4AB82388B46@eris.apache.org>,chenpei
Thu Sep 20 16:09:41 2012,http://mail-archives.apache.org/mod_mbox/ctakes-commits/201209.mbox/<20120920160817.D4AB82388B46@eris.apache.org>,chenpei
Thu Sep 20 16:09:41 2012,http://mail-archives.apache.org/mod_mbox/ctakes-commits/201209.mbox/<20120920160817.D4AB82388B46@eris.apache.org>,chenpei
Thu Sep 20 16:09:41 2012,http://mail-archives.apache.org/mod_mbox/ctakes-commits/201209.mbox/<20120920160817.D4AB82388B46@eris.apache.org>,chenpei
Thu Sep 20 16:09:41 2012,http://mail-archives.apache.org/mod_mbox/ctakes-commits/201209.mbox/<20120920160817.D4AB82388B46@eris.apache.org>,chenpei
Thu Sep 20 16:09:41 2012,http://mail-archives.apache.org/mod_mbox/ctakes-commits/201209.mbox/<20120920160817.D4AB82388B46@eris.apache.org>,chenpei
Thu Sep 20 16:09:41 2012,http://mail-archives.apache.org/mod_mbox/ctakes-commits/201209.mbox/<20120920160817.EE5A42388C5D@eris.apache.org>,chenpei
Thu Sep 20 16:09:41 2012,http://mail-archives.apache.org/mod_mbox/ctakes-commits/201209.mbox/<20120920160817.D4AB82388B46@eris.apache.org>,chenpei
Thu Sep 20 16:09:41 2012,http://mail-archives.apache.org/mod_mbox/ctakes-commits/201209.mbox/<20120920160817.D4AB82388B46@eris.apache.org>,chenpei
Thu Sep 20 16:09:41 2012,http://mail-archives.apache.org/mod_mbox/ctakes-commits/201209.mbox/<20120920160817.D4AB82388B46@eris.apache.org>,chenpei
Thu Sep 20 16:09:41 2012,http://mail-archives.apache.org/mod_mbox/ctakes-commits/201209.mbox/<20120920160817.D4AB82388B46@eris.apache.org>,chenpei
Thu Sep 20 16:09:41 2012,http://mail-archives.apache.org/mod_mbox/ctakes-commits/201209.mbox/<20120920160817.EE5A42388C5D@eris.apache.org>,chenpei
Thu Sep 20 16:09:41 2012,http://mail-archives.apache.org/mod_mbox/ctakes-commits/201209.mbox/<20120920160817.D4AB82388B46@eris.apache.org>,chenpei
Thu Sep 20 16:09:41 2012,http://mail-archives.apache.org/mod_mbox/ctakes-commits/201209.mbox/<20120920160817.EE5A42388C5D@eris.apache.org>,chenpei
Thu Sep 20 16:09:41 2012,http://mail-archives.apache.org/mod_mbox/ctakes-commits/201209.mbox/<20120920160817.EE5A42388C5D@eris.apache.org>,chenpei
Thu Sep 20 16:09:41 2012,http://mail-archives.apache.org/mod_mbox/ctakes-commits/201209.mbox/<20120920160817.EE5A42388C5D@eris.apache.org>,chenpei
Thu Sep 20 16:09:41 2012,http://mail-archives.apache.org/mod_mbox/ctakes-commits/201209.mbox/<20120920160817.EE5A42388C5D@eris.apache.org>,chenpei
Thu Sep 20 16:09:41 2012,http://mail-archives.apache.org/mod_mbox/ctakes-commits/201209.mbox/<20120920160817.EE5A42388C5D@eris.apache.org>,chenpei
Thu Sep 20 16:09:41 2012,http://mail-archives.apache.org/mod_mbox/ctakes-commits/201209.mbox/<20120920160817.EE5A42388C5D@eris.apache.org>,chenpei
Thu Sep 20 16:09:41 2012,http://mail-archives.apache.org/mod_mbox/ctakes-commits/201209.mbox/<20120920160817.EE5A42388C5D@eris.apache.org>,chenpei
Thu Sep 20 16:09:41 2012,http://mail-archives.apache.org/mod_mbox/ctakes-commits/201209.mbox/<20120920160817.EE5A42388C5D@eris.apache.org>,chenpei
Thu Sep 20 16:09:41 2012,http://mail-archives.apache.org/mod_mbox/ctakes-commits/201209.mbox/<20120920160817.EE5A42388C5D@eris.apache.org>,chenpei
Thu Sep 20 16:09:41 2012,http://mail-archives.apache.org/mod_mbox/ctakes-commits/201209.mbox/<20120920160817.EE5A42388C5D@eris.apache.org>,chenpei
Thu Sep 20 16:09:41 2012,http://mail-archives.apache.org/mod_mbox/ctakes-commits/201209.mbox/<20120920160817.EE5A42388C5D@eris.apache.org>,chenpei
Thu Sep 20 16:09:41 2012,http://mail-archives.apache.org/mod_mbox/ctakes-commits/201209.mbox/<20120920160817.EE5A42388C5D@eris.apache.org>,chenpei
Thu Sep 20 16:09:41 2012,http://mail-archives.apache.org/mod_mbox/ctakes-commits/201209.mbox/<20120920160817.EE5A42388C5D@eris.apache.org>,chenpei
Thu Sep 20 16:09:41 2012,http://mail-archives.apache.org/mod_mbox/ctakes-commits/201209.mbox/<20120920160817.D4AB82388B46@eris.apache.org>,chenpei
Thu Sep 20 16:09:41 2012,http://mail-archives.apache.org/mod_mbox/ctakes-commits/201209.mbox/<20120920160817.D4AB82388B46@eris.apache.org>,chenpei
Thu Sep 20 16:09:41 2012,http://mail-archives.apache.org/mod_mbox/ctakes-commits/201209.mbox/<20120920160817.D4AB82388B46@eris.apache.org>,chenpei
Thu Sep 20 16:09:41 2012,http://mail-archives.apache.org/mod_mbox/ctakes-commits/201209.mbox/<20120920160817.D4AB82388B46@eris.apache.org>,chenpei
Thu Sep 20 16:09:41 2012,http://mail-archives.apache.org/mod_mbox/ctakes-commits/201209.mbox/<20120920160817.D4AB82388B46@eris.apache.org>,chenpei
Thu Sep 20 16:09:41 2012,http://mail-archives.apache.org/mod_mbox/ctakes-commits/201209.mbox/<20120920160817.EE5A42388C5D@eris.apache.org>,chenpei
Thu Sep 20 16:09:41 2012,http://mail-archives.apache.org/mod_mbox/ctakes-commits/201209.mbox/<20120920160817.D4AB82388B46@eris.apache.org>,chenpei
Thu Sep 20 16:09:41 2012,http://mail-archives.apache.org/mod_mbox/ctakes-commits/201209.mbox/<20120920160817.D4AB82388B46@eris.apache.org>,chenpei
Thu Sep 20 16:09:41 2012,http://mail-archives.apache.org/mod_mbox/ctakes-commits/201209.mbox/<20120920160817.D4AB82388B46@eris.apache.org>,chenpei
Thu Sep 20 16:09:41 2012,http://mail-archives.apache.org/mod_mbox/ctakes-commits/201209.mbox/<20120920160817.D4AB82388B46@eris.apache.org>,chenpei
Thu Sep 20 16:09:41 2012,http://mail-archives.apache.org/mod_mbox/ctakes-commits/201209.mbox/<20120920160817.EE5A42388C5D@eris.apache.org>,chenpei
Thu Sep 20 16:09:41 2012,http://mail-archives.apache.org/mod_mbox/ctakes-commits/201209.mbox/<20120920160817.EE5A42388C5D@eris.apache.org>,chenpei
Thu Sep 20 16:09:41 2012,http://mail-archives.apache.org/mod_mbox/ctakes-commits/201209.mbox/<20120920160817.EE5A42388C5D@eris.apache.org>,chenpei
Thu Sep 20 16:09:41 2012,http://mail-archives.apache.org/mod_mbox/ctakes-commits/201209.mbox/<20120920160817.D4AB82388B46@eris.apache.org>,chenpei
Thu Sep 20 16:09:41 2012,http://mail-archives.apache.org/mod_mbox/ctakes-commits/201209.mbox/<20120920160817.D4AB82388B46@eris.apache.org>,chenpei
Thu Sep 20 16:09:56 2012,http://mail-archives.apache.org/mod_mbox/ctakes-commits/201209.mbox/<20120920160817.F36CB2388C63@eris.apache.org>,chenpei
Thu Sep 20 16:09:56 2012,http://mail-archives.apache.org/mod_mbox/ctakes-commits/201209.mbox/<20120920160817.F36CB2388C63@eris.apache.org>,chenpei
Thu Sep 20 16:09:56 2012,http://mail-archives.apache.org/mod_mbox/ctakes-commits/201209.mbox/<20120920160817.F36CB2388C63@eris.apache.org>,chenpei
Thu Sep 20 16:09:56 2012,http://mail-archives.apache.org/mod_mbox/ctakes-commits/201209.mbox/<20120920160817.F36CB2388C63@eris.apache.org>,chenpei
Thu Sep 20 16:09:56 2012,http://mail-archives.apache.org/mod_mbox/ctakes-commits/201209.mbox/<20120920160817.F36CB2388C63@eris.apache.org>,chenpei
Thu Sep 20 16:09:56 2012,http://mail-archives.apache.org/mod_mbox/ctakes-commits/201209.mbox/<20120920160817.F36CB2388C63@eris.apache.org>,chenpei
Thu Sep 20 16:09:56 2012,http://mail-archives.apache.org/mod_mbox/ctakes-commits/201209.mbox/<20120920160817.F36CB2388C63@eris.apache.org>,chenpei
Thu Sep 20 16:09:56 2012,http://mail-archives.apache.org/mod_mbox/ctakes-commits/201209.mbox/<20120920160817.F36CB2388C63@eris.apache.org>,chenpei
Thu Sep 20 16:09:56 2012,http://mail-archives.apache.org/mod_mbox/ctakes-commits/201209.mbox/<20120920160817.F36CB2388C63@eris.apache.org>,chenpei
Thu Sep 20 16:09:56 2012,http://mail-archives.apache.org/mod_mbox/ctakes-commits/201209.mbox/<20120920160817.F36CB2388C63@eris.apache.org>,chenpei
Thu Sep 20 16:09:56 2012,http://mail-archives.apache.org/mod_mbox/ctakes-commits/201209.mbox/<20120920160817.F36CB2388C63@eris.apache.org>,chenpei
Thu Sep 20 16:09:56 2012,http://mail-archives.apache.org/mod_mbox/ctakes-commits/201209.mbox/<20120920160817.F36CB2388C63@eris.apache.org>,chenpei
Thu Sep 20 16:09:56 2012,http://mail-archives.apache.org/mod_mbox/ctakes-commits/201209.mbox/<20120920160817.F36CB2388C63@eris.apache.org>,chenpei
Thu Sep 20 16:09:56 2012,http://mail-archives.apache.org/mod_mbox/ctakes-commits/201209.mbox/<20120920160817.F36CB2388C63@eris.apache.org>,chenpei
Thu Sep 20 16:09:56 2012,http://mail-archives.apache.org/mod_mbox/ctakes-commits/201209.mbox/<20120920160817.F36CB2388C63@eris.apache.org>,chenpei
Thu Sep 20 16:09:56 2012,http://mail-archives.apache.org/mod_mbox/ctakes-commits/201209.mbox/<20120920160817.F36CB2388C63@eris.apache.org>,chenpei
Thu Sep 20 16:09:56 2012,http://mail-archives.apache.org/mod_mbox/ctakes-commits/201209.mbox/<20120920160817.F36CB2388C63@eris.apache.org>,chenpei
Thu Sep 20 16:09:56 2012,http://mail-archives.apache.org/mod_mbox/ctakes-commits/201209.mbox/<20120920160817.F36CB2388C63@eris.apache.org>,chenpei
Thu Sep 20 16:09:56 2012,http://mail-archives.apache.org/mod_mbox/ctakes-commits/201209.mbox/<20120920160817.F36CB2388C63@eris.apache.org>,chenpei
Thu Sep 20 16:09:56 2012,http://mail-archives.apache.org/mod_mbox/ctakes-commits/201209.mbox/<20120920160817.F36CB2388C63@eris.apache.org>,chenpei
Thu Sep 20 16:09:56 2012,http://mail-archives.apache.org/mod_mbox/ctakes-commits/201209.mbox/<20120920160817.F36CB2388C63@eris.apache.org>,chenpei
Thu Sep 20 16:09:56 2012,http://mail-archives.apache.org/mod_mbox/ctakes-commits/201209.mbox/<20120920160817.F36CB2388C63@eris.apache.org>,chenpei
Thu Sep 20 16:09:56 2012,http://mail-archives.apache.org/mod_mbox/ctakes-commits/201209.mbox/<20120920160817.F36CB2388C63@eris.apache.org>,chenpei
Thu Sep 20 16:09:56 2012,http://mail-archives.apache.org/mod_mbox/ctakes-commits/201209.mbox/<20120920160817.F36CB2388C63@eris.apache.org>,chenpei
Thu Sep 20 16:09:56 2012,http://mail-archives.apache.org/mod_mbox/ctakes-commits/201209.mbox/<20120920160817.F36CB2388C63@eris.apache.org>,chenpei
Thu Sep 20 16:09:56 2012,http://mail-archives.apache.org/mod_mbox/ctakes-commits/201209.mbox/<20120920160817.F36CB2388C63@eris.apache.org>,chenpei
Thu Sep 20 16:09:56 2012,http://mail-archives.apache.org/mod_mbox/ctakes-commits/201209.mbox/<20120920160817.F36CB2388C63@eris.apache.org>,chenpei
Thu Sep 20 16:09:56 2012,http://mail-archives.apache.org/mod_mbox/ctakes-commits/201209.mbox/<20120920160817.F36CB2388C63@eris.apache.org>,chenpei
Thu Sep 20 16:09:56 2012,http://mail-archives.apache.org/mod_mbox/ctakes-commits/201209.mbox/<20120920160817.F36CB2388C63@eris.apache.org>,chenpei
Thu Sep 20 16:09:56 2012,http://mail-archives.apache.org/mod_mbox/ctakes-commits/201209.mbox/<20120920160817.F36CB2388C63@eris.apache.org>,chenpei
Thu Sep 20 16:09:56 2012,http://mail-archives.apache.org/mod_mbox/ctakes-commits/201209.mbox/<20120920160817.F36CB2388C63@eris.apache.org>,chenpei
Thu Sep 20 16:09:56 2012,http://mail-archives.apache.org/mod_mbox/ctakes-commits/201209.mbox/<20120920160817.F36CB2388C63@eris.apache.org>,chenpei
Thu Sep 20 16:09:56 2012,http://mail-archives.apache.org/mod_mbox/ctakes-commits/201209.mbox/<20120920160817.F36CB2388C63@eris.apache.org>,chenpei
Thu Sep 20 16:09:56 2012,http://mail-archives.apache.org/mod_mbox/ctakes-commits/201209.mbox/<20120920160817.F36CB2388C63@eris.apache.org>,chenpei
Thu Sep 20 16:09:56 2012,http://mail-archives.apache.org/mod_mbox/ctakes-commits/201209.mbox/<20120920160817.F36CB2388C63@eris.apache.org>,chenpei
Thu Sep 20 16:09:56 2012,http://mail-archives.apache.org/mod_mbox/ctakes-commits/201209.mbox/<20120920160818.163522388C6A@eris.apache.org>,chenpei
Thu Sep 20 16:09:56 2012,http://mail-archives.apache.org/mod_mbox/ctakes-commits/201209.mbox/<20120920160817.F36CB2388C63@eris.apache.org>,chenpei
Thu Sep 20 16:09:56 2012,http://mail-archives.apache.org/mod_mbox/ctakes-commits/201209.mbox/<20120920160818.163522388C6A@eris.apache.org>,chenpei
Thu Sep 20 16:09:56 2012,http://mail-archives.apache.org/mod_mbox/ctakes-commits/201209.mbox/<20120920160818.163522388C6A@eris.apache.org>,chenpei
Thu Sep 20 16:09:56 2012,http://mail-archives.apache.org/mod_mbox/ctakes-commits/201209.mbox/<20120920160818.163522388C6A@eris.apache.org>,chenpei
Thu Sep 20 16:09:56 2012,http://mail-archives.apache.org/mod_mbox/ctakes-commits/201209.mbox/<20120920160818.163522388C6A@eris.apache.org>,chenpei
Thu Sep 20 16:09:56 2012,http://mail-archives.apache.org/mod_mbox/ctakes-commits/201209.mbox/<20120920160818.163522388C6A@eris.apache.org>,chenpei
Thu Sep 20 16:09:56 2012,http://mail-archives.apache.org/mod_mbox/ctakes-commits/201209.mbox/<20120920160818.163522388C6A@eris.apache.org>,chenpei
Thu Sep 20 16:09:56 2012,http://mail-archives.apache.org/mod_mbox/ctakes-commits/201209.mbox/<20120920160818.163522388C6A@eris.apache.org>,chenpei
Thu Sep 20 16:09:56 2012,http://mail-archives.apache.org/mod_mbox/ctakes-commits/201209.mbox/<20120920160818.163522388C6A@eris.apache.org>,chenpei
Thu Sep 20 16:09:56 2012,http://mail-archives.apache.org/mod_mbox/ctakes-commits/201209.mbox/<20120920160818.163522388C6A@eris.apache.org>,chenpei
Thu Sep 20 16:09:56 2012,http://mail-archives.apache.org/mod_mbox/ctakes-commits/201209.mbox/<20120920160818.163522388C6A@eris.apache.org>,chenpei
Thu Sep 20 16:09:56 2012,http://mail-archives.apache.org/mod_mbox/ctakes-commits/201209.mbox/<20120920160818.163522388C6A@eris.apache.org>,chenpei
Thu Sep 20 16:09:56 2012,http://mail-archives.apache.org/mod_mbox/ctakes-commits/201209.mbox/<20120920160818.163522388C6A@eris.apache.org>,chenpei
Thu Sep 20 16:09:56 2012,http://mail-archives.apache.org/mod_mbox/ctakes-commits/201209.mbox/<20120920160818.163522388C6A@eris.apache.org>,chenpei
Thu Sep 20 16:09:56 2012,http://mail-archives.apache.org/mod_mbox/ctakes-commits/201209.mbox/<20120920160817.F36CB2388C63@eris.apache.org>,chenpei
Thu Sep 20 16:09:56 2012,http://mail-archives.apache.org/mod_mbox/ctakes-commits/201209.mbox/<20120920160818.163522388C6A@eris.apache.org>,chenpei
Thu Sep 20 16:09:56 2012,http://mail-archives.apache.org/mod_mbox/ctakes-commits/201209.mbox/<20120920160818.163522388C6A@eris.apache.org>,chenpei
Thu Sep 20 16:09:56 2012,http://mail-archives.apache.org/mod_mbox/ctakes-commits/201209.mbox/<20120920160817.F36CB2388C63@eris.apache.org>,chenpei
Thu Sep 20 16:09:56 2012,http://mail-archives.apache.org/mod_mbox/ctakes-commits/201209.mbox/<20120920160818.163522388C6A@eris.apache.org>,chenpei
Thu Sep 20 16:09:56 2012,http://mail-archives.apache.org/mod_mbox/ctakes-commits/201209.mbox/<20120920160818.163522388C6A@eris.apache.org>,chenpei
Thu Sep 20 16:09:56 2012,http://mail-archives.apache.org/mod_mbox/ctakes-commits/201209.mbox/<20120920160817.F36CB2388C63@eris.apache.org>,chenpei
Thu Sep 20 16:09:56 2012,http://mail-archives.apache.org/mod_mbox/ctakes-commits/201209.mbox/<20120920160817.F36CB2388C63@eris.apache.org>,chenpei
Thu Sep 20 16:09:56 2012,http://mail-archives.apache.org/mod_mbox/ctakes-commits/201209.mbox/<20120920160817.F36CB2388C63@eris.apache.org>,chenpei
Thu Sep 20 16:09:56 2012,http://mail-archives.apache.org/mod_mbox/ctakes-commits/201209.mbox/<20120920160817.F36CB2388C63@eris.apache.org>,chenpei
Thu Sep 20 16:09:56 2012,http://mail-archives.apache.org/mod_mbox/ctakes-commits/201209.mbox/<20120920160817.F36CB2388C63@eris.apache.org>,chenpei
Thu Sep 20 16:09:56 2012,http://mail-archives.apache.org/mod_mbox/ctakes-commits/201209.mbox/<20120920160817.F36CB2388C63@eris.apache.org>,chenpei
Thu Sep 20 16:09:56 2012,http://mail-archives.apache.org/mod_mbox/ctakes-commits/201209.mbox/<20120920160817.F36CB2388C63@eris.apache.org>,chenpei
Thu Sep 20 16:09:56 2012,http://mail-archives.apache.org/mod_mbox/ctakes-commits/201209.mbox/<20120920160817.F36CB2388C63@eris.apache.org>,chenpei
Thu Sep 20 16:09:56 2012,http://mail-archives.apache.org/mod_mbox/ctakes-commits/201209.mbox/<20120920160818.163522388C6A@eris.apache.org>,chenpei
Thu Sep 20 16:09:56 2012,http://mail-archives.apache.org/mod_mbox/ctakes-commits/201209.mbox/<20120920160818.163522388C6A@eris.apache.org>,chenpei
Thu Sep 20 16:09:56 2012,http://mail-archives.apache.org/mod_mbox/ctakes-commits/201209.mbox/<20120920160818.163522388C6A@eris.apache.org>,chenpei
Thu Sep 20 16:09:56 2012,http://mail-archives.apache.org/mod_mbox/ctakes-commits/201209.mbox/<20120920160818.163522388C6A@eris.apache.org>,chenpei
Thu Sep 20 16:09:56 2012,http://mail-archives.apache.org/mod_mbox/ctakes-commits/201209.mbox/<20120920160818.163522388C6A@eris.apache.org>,chenpei
Thu Sep 20 16:09:56 2012,http://mail-archives.apache.org/mod_mbox/ctakes-commits/201209.mbox/<20120920160818.163522388C6A@eris.apache.org>,chenpei
Thu Sep 20 16:09:56 2012,http://mail-archives.apache.org/mod_mbox/ctakes-commits/201209.mbox/<20120920160818.163522388C6A@eris.apache.org>,chenpei
Thu Sep 20 16:09:56 2012,http://mail-archives.apache.org/mod_mbox/ctakes-commits/201209.mbox/<20120920160818.163522388C6A@eris.apache.org>,chenpei
Thu Sep 20 16:09:56 2012,http://mail-archives.apache.org/mod_mbox/ctakes-commits/201209.mbox/<20120920160818.301D32388C6D@eris.apache.org>,chenpei
Thu Sep 20 16:09:56 2012,http://mail-archives.apache.org/mod_mbox/ctakes-commits/201209.mbox/<20120920160818.301D32388C6D@eris.apache.org>,chenpei
Thu Sep 20 16:09:56 2012,http://mail-archives.apache.org/mod_mbox/ctakes-commits/201209.mbox/<20120920160818.301D32388C6D@eris.apache.org>,chenpei
Thu Sep 20 16:09:56 2012,http://mail-archives.apache.org/mod_mbox/ctakes-commits/201209.mbox/<20120920160818.301D32388C6D@eris.apache.org>,chenpei
Thu Sep 20 16:09:56 2012,http://mail-archives.apache.org/mod_mbox/ctakes-commits/201209.mbox/<20120920160818.301D32388C6D@eris.apache.org>,chenpei
Thu Sep 20 16:09:56 2012,http://mail-archives.apache.org/mod_mbox/ctakes-commits/201209.mbox/<20120920160818.301D32388C6D@eris.apache.org>,chenpei
Thu Sep 20 16:09:56 2012,http://mail-archives.apache.org/mod_mbox/ctakes-commits/201209.mbox/<20120920160818.301D32388C6D@eris.apache.org>,chenpei
Thu Sep 20 16:09:56 2012,http://mail-archives.apache.org/mod_mbox/ctakes-commits/201209.mbox/<20120920160818.301D32388C6D@eris.apache.org>,chenpei
Thu Sep 20 16:09:56 2012,http://mail-archives.apache.org/mod_mbox/ctakes-commits/201209.mbox/<20120920160818.301D32388C6D@eris.apache.org>,chenpei
Thu Sep 20 16:09:56 2012,http://mail-archives.apache.org/mod_mbox/ctakes-commits/201209.mbox/<20120920160818.301D32388C6D@eris.apache.org>,chenpei
Thu Sep 20 16:09:56 2012,http://mail-archives.apache.org/mod_mbox/ctakes-commits/201209.mbox/<20120920160818.301D32388C6D@eris.apache.org>,chenpei
Thu Sep 20 16:09:56 2012,http://mail-archives.apache.org/mod_mbox/ctakes-commits/201209.mbox/<20120920160818.301D32388C6D@eris.apache.org>,chenpei
Thu Sep 20 16:09:56 2012,http://mail-archives.apache.org/mod_mbox/ctakes-commits/201209.mbox/<20120920160818.301D32388C6D@eris.apache.org>,chenpei
Thu Sep 20 16:09:56 2012,http://mail-archives.apache.org/mod_mbox/ctakes-commits/201209.mbox/<20120920160818.301D32388C6D@eris.apache.org>,chenpei
Thu Sep 20 16:09:56 2012,http://mail-archives.apache.org/mod_mbox/ctakes-commits/201209.mbox/<20120920160818.301D32388C6D@eris.apache.org>,chenpei
Thu Sep 20 16:09:56 2012,http://mail-archives.apache.org/mod_mbox/ctakes-commits/201209.mbox/<20120920160818.301D32388C6D@eris.apache.org>,chenpei
Thu Sep 20 16:09:56 2012,http://mail-archives.apache.org/mod_mbox/ctakes-commits/201209.mbox/<20120920160818.301D32388C6D@eris.apache.org>,chenpei
Thu Sep 20 16:09:56 2012,http://mail-archives.apache.org/mod_mbox/ctakes-commits/201209.mbox/<20120920160818.301D32388C6D@eris.apache.org>,chenpei
Thu Sep 20 16:09:56 2012,http://mail-archives.apache.org/mod_mbox/ctakes-commits/201209.mbox/<20120920160818.301D32388C6D@eris.apache.org>,chenpei
Thu Sep 20 16:09:56 2012,http://mail-archives.apache.org/mod_mbox/ctakes-commits/201209.mbox/<20120920160818.301D32388C6D@eris.apache.org>,chenpei
Thu Sep 20 16:09:56 2012,http://mail-archives.apache.org/mod_mbox/ctakes-commits/201209.mbox/<20120920160818.301D32388C6D@eris.apache.org>,chenpei
Thu Sep 20 16:09:56 2012,http://mail-archives.apache.org/mod_mbox/ctakes-commits/201209.mbox/<20120920160818.301D32388C6D@eris.apache.org>,chenpei
Thu Sep 20 16:09:56 2012,http://mail-archives.apache.org/mod_mbox/ctakes-commits/201209.mbox/<20120920160818.301D32388C6D@eris.apache.org>,chenpei
Thu Sep 20 16:09:56 2012,http://mail-archives.apache.org/mod_mbox/ctakes-commits/201209.mbox/<20120920160818.301D32388C6D@eris.apache.org>,chenpei
Thu Sep 20 16:09:56 2012,http://mail-archives.apache.org/mod_mbox/ctakes-commits/201209.mbox/<20120920160818.301D32388C6D@eris.apache.org>,chenpei
Thu Sep 20 16:09:56 2012,http://mail-archives.apache.org/mod_mbox/ctakes-commits/201209.mbox/<20120920160818.301D32388C6D@eris.apache.org>,chenpei
Thu Sep 20 16:09:56 2012,http://mail-archives.apache.org/mod_mbox/ctakes-commits/201209.mbox/<20120920160818.301D32388C6D@eris.apache.org>,chenpei
Thu Sep 20 16:09:56 2012,http://mail-archives.apache.org/mod_mbox/ctakes-commits/201209.mbox/<20120920160818.301D32388C6D@eris.apache.org>,chenpei
Thu Sep 20 16:09:56 2012,http://mail-archives.apache.org/mod_mbox/ctakes-commits/201209.mbox/<20120920160818.301D32388C6D@eris.apache.org>,chenpei
Thu Sep 20 16:09:56 2012,http://mail-archives.apache.org/mod_mbox/ctakes-commits/201209.mbox/<20120920160818.301D32388C6D@eris.apache.org>,chenpei
Thu Sep 20 16:09:56 2012,http://mail-archives.apache.org/mod_mbox/ctakes-commits/201209.mbox/<20120920160818.301D32388C6D@eris.apache.org>,chenpei
Thu Sep 20 16:09:56 2012,http://mail-archives.apache.org/mod_mbox/ctakes-commits/201209.mbox/<20120920160818.301D32388C6D@eris.apache.org>,chenpei
Thu Sep 20 16:09:56 2012,http://mail-archives.apache.org/mod_mbox/ctakes-commits/201209.mbox/<20120920160818.301D32388C6D@eris.apache.org>,chenpei
Thu Sep 20 16:09:56 2012,http://mail-archives.apache.org/mod_mbox/ctakes-commits/201209.mbox/<20120920160818.301D32388C6D@eris.apache.org>,chenpei
Thu Sep 20 16:09:56 2012,http://mail-archives.apache.org/mod_mbox/ctakes-commits/201209.mbox/<20120920160818.301D32388C6D@eris.apache.org>,chenpei
Thu Sep 20 16:09:56 2012,http://mail-archives.apache.org/mod_mbox/ctakes-commits/201209.mbox/<20120920160818.301D32388C6D@eris.apache.org>,chenpei
Thu Sep 20 16:09:56 2012,http://mail-archives.apache.org/mod_mbox/ctakes-commits/201209.mbox/<20120920160818.301D32388C6D@eris.apache.org>,chenpei
Thu Sep 20 16:09:56 2012,http://mail-archives.apache.org/mod_mbox/ctakes-commits/201209.mbox/<20120920160818.301D32388C6D@eris.apache.org>,chenpei
Thu Sep 20 16:09:56 2012,http://mail-archives.apache.org/mod_mbox/ctakes-commits/201209.mbox/<20120920160818.301D32388C6D@eris.apache.org>,chenpei
Thu Sep 20 16:09:56 2012,http://mail-archives.apache.org/mod_mbox/ctakes-commits/201209.mbox/<20120920160818.301D32388C6D@eris.apache.org>,chenpei
Thu Sep 20 16:09:56 2012,http://mail-archives.apache.org/mod_mbox/ctakes-commits/201209.mbox/<20120920160818.301D32388C6D@eris.apache.org>,chenpei
Thu Sep 20 16:09:56 2012,http://mail-archives.apache.org/mod_mbox/ctakes-commits/201209.mbox/<20120920160818.301D32388C6D@eris.apache.org>,chenpei
Thu Sep 20 16:09:56 2012,http://mail-archives.apache.org/mod_mbox/ctakes-commits/201209.mbox/<20120920160818.301D32388C6D@eris.apache.org>,chenpei
Thu Sep 20 16:09:56 2012,http://mail-archives.apache.org/mod_mbox/ctakes-commits/201209.mbox/<20120920160818.301D32388C6D@eris.apache.org>,chenpei
Thu Sep 20 16:09:56 2012,http://mail-archives.apache.org/mod_mbox/ctakes-commits/201209.mbox/<20120920160818.301D32388C6D@eris.apache.org>,chenpei
Thu Sep 20 16:09:56 2012,http://mail-archives.apache.org/mod_mbox/ctakes-commits/201209.mbox/<20120920160818.301D32388C6D@eris.apache.org>,chenpei
Thu Sep 20 16:09:57 2012,http://mail-archives.apache.org/mod_mbox/ctakes-commits/201209.mbox/<20120920160817.E94672388C56@eris.apache.org>,chenpei
Thu Sep 20 16:09:57 2012,http://mail-archives.apache.org/mod_mbox/ctakes-commits/201209.mbox/<20120920160817.E94672388C56@eris.apache.org>,chenpei
Thu Sep 20 16:09:57 2012,http://mail-archives.apache.org/mod_mbox/ctakes-commits/201209.mbox/<20120920160817.E94672388C56@eris.apache.org>,chenpei
Thu Sep 20 16:09:57 2012,http://mail-archives.apache.org/mod_mbox/ctakes-commits/201209.mbox/<20120920160817.E94672388C56@eris.apache.org>,chenpei
Thu Sep 20 16:09:57 2012,http://mail-archives.apache.org/mod_mbox/ctakes-commits/201209.mbox/<20120920160817.E94672388C56@eris.apache.org>,chenpei
Thu Sep 20 16:09:57 2012,http://mail-archives.apache.org/mod_mbox/ctakes-commits/201209.mbox/<20120920160817.E94672388C56@eris.apache.org>,chenpei
Thu Sep 20 16:09:57 2012,http://mail-archives.apache.org/mod_mbox/ctakes-commits/201209.mbox/<20120920160817.E94672388C56@eris.apache.org>,chenpei
Thu Sep 20 16:09:57 2012,http://mail-archives.apache.org/mod_mbox/ctakes-commits/201209.mbox/<20120920160817.E94672388C56@eris.apache.org>,chenpei
Thu Sep 20 16:09:57 2012,http://mail-archives.apache.org/mod_mbox/ctakes-commits/201209.mbox/<20120920160817.E94672388C56@eris.apache.org>,chenpei
Thu Sep 20 16:09:57 2012,http://mail-archives.apache.org/mod_mbox/ctakes-commits/201209.mbox/<20120920160817.E94672388C56@eris.apache.org>,chenpei
Thu Sep 20 16:09:57 2012,http://mail-archives.apache.org/mod_mbox/ctakes-commits/201209.mbox/<20120920160817.E94672388C56@eris.apache.org>,chenpei
Thu Sep 20 16:09:57 2012,http://mail-archives.apache.org/mod_mbox/ctakes-commits/201209.mbox/<20120920160817.E94672388C56@eris.apache.org>,chenpei
Thu Sep 20 16:09:57 2012,http://mail-archives.apache.org/mod_mbox/ctakes-commits/201209.mbox/<20120920160817.E94672388C56@eris.apache.org>,chenpei
Thu Sep 20 16:09:57 2012,http://mail-archives.apache.org/mod_mbox/ctakes-commits/201209.mbox/<20120920160817.E94672388C56@eris.apache.org>,chenpei
Thu Sep 20 16:09:57 2012,http://mail-archives.apache.org/mod_mbox/ctakes-commits/201209.mbox/<20120920160817.E94672388C56@eris.apache.org>,chenpei
Thu Sep 20 16:09:57 2012,http://mail-archives.apache.org/mod_mbox/ctakes-commits/201209.mbox/<20120920160817.E94672388C56@eris.apache.org>,chenpei
Thu Sep 20 16:09:57 2012,http://mail-archives.apache.org/mod_mbox/ctakes-commits/201209.mbox/<20120920160817.E94672388C56@eris.apache.org>,chenpei
Thu Sep 20 16:09:57 2012,http://mail-archives.apache.org/mod_mbox/ctakes-commits/201209.mbox/<20120920160817.E94672388C56@eris.apache.org>,chenpei
Thu Sep 20 16:09:57 2012,http://mail-archives.apache.org/mod_mbox/ctakes-commits/201209.mbox/<20120920160817.E94672388C56@eris.apache.org>,chenpei
Thu Sep 20 16:09:57 2012,http://mail-archives.apache.org/mod_mbox/ctakes-commits/201209.mbox/<20120920160817.E94672388C56@eris.apache.org>,chenpei
Thu Sep 20 16:09:57 2012,http://mail-archives.apache.org/mod_mbox/ctakes-commits/201209.mbox/<20120920160817.E94672388C56@eris.apache.org>,chenpei
Thu Sep 20 16:09:57 2012,http://mail-archives.apache.org/mod_mbox/ctakes-commits/201209.mbox/<20120920160817.E94672388C56@eris.apache.org>,chenpei
Thu Sep 20 16:09:57 2012,http://mail-archives.apache.org/mod_mbox/ctakes-commits/201209.mbox/<20120920160817.E94672388C56@eris.apache.org>,chenpei
Thu Sep 20 16:09:57 2012,http://mail-archives.apache.org/mod_mbox/ctakes-commits/201209.mbox/<20120920160817.E421B2388C52@eris.apache.org>,chenpei
Thu Sep 20 16:09:57 2012,http://mail-archives.apache.org/mod_mbox/ctakes-commits/201209.mbox/<20120920160817.E94672388C56@eris.apache.org>,chenpei
Thu Sep 20 16:09:57 2012,http://mail-archives.apache.org/mod_mbox/ctakes-commits/201209.mbox/<20120920160817.E421B2388C52@eris.apache.org>,chenpei
Thu Sep 20 16:09:57 2012,http://mail-archives.apache.org/mod_mbox/ctakes-commits/201209.mbox/<20120920160817.E421B2388C52@eris.apache.org>,chenpei
Thu Sep 20 16:09:57 2012,http://mail-archives.apache.org/mod_mbox/ctakes-commits/201209.mbox/<20120920160817.E421B2388C52@eris.apache.org>,chenpei
Thu Sep 20 16:09:57 2012,http://mail-archives.apache.org/mod_mbox/ctakes-commits/201209.mbox/<20120920160817.E421B2388C52@eris.apache.org>,chenpei
Thu Sep 20 16:09:57 2012,http://mail-archives.apache.org/mod_mbox/ctakes-commits/201209.mbox/<20120920160817.E421B2388C52@eris.apache.org>,chenpei
Thu Sep 20 16:09:57 2012,http://mail-archives.apache.org/mod_mbox/ctakes-commits/201209.mbox/<20120920160817.E421B2388C52@eris.apache.org>,chenpei
Thu Sep 20 16:09:57 2012,http://mail-archives.apache.org/mod_mbox/ctakes-commits/201209.mbox/<20120920160817.E421B2388C52@eris.apache.org>,chenpei
Thu Sep 20 16:09:57 2012,http://mail-archives.apache.org/mod_mbox/ctakes-commits/201209.mbox/<20120920160817.E421B2388C52@eris.apache.org>,chenpei
Thu Sep 20 16:09:57 2012,http://mail-archives.apache.org/mod_mbox/ctakes-commits/201209.mbox/<20120920160817.E421B2388C52@eris.apache.org>,chenpei
Thu Sep 20 16:09:57 2012,http://mail-archives.apache.org/mod_mbox/ctakes-commits/201209.mbox/<20120920160817.E94672388C56@eris.apache.org>,chenpei
Thu Sep 20 16:09:57 2012,http://mail-archives.apache.org/mod_mbox/ctakes-commits/201209.mbox/<20120920160817.E94672388C56@eris.apache.org>,chenpei
Thu Sep 20 16:09:57 2012,http://mail-archives.apache.org/mod_mbox/ctakes-commits/201209.mbox/<20120920160817.E94672388C56@eris.apache.org>,chenpei
Thu Sep 20 16:09:57 2012,http://mail-archives.apache.org/mod_mbox/ctakes-commits/201209.mbox/<20120920160817.E94672388C56@eris.apache.org>,chenpei
Thu Sep 20 16:09:57 2012,http://mail-archives.apache.org/mod_mbox/ctakes-commits/201209.mbox/<20120920160817.E94672388C56@eris.apache.org>,chenpei
Thu Sep 20 16:09:57 2012,http://mail-archives.apache.org/mod_mbox/ctakes-commits/201209.mbox/<20120920160817.E94672388C56@eris.apache.org>,chenpei
Thu Sep 20 16:09:57 2012,http://mail-archives.apache.org/mod_mbox/ctakes-commits/201209.mbox/<20120920160817.E94672388C56@eris.apache.org>,chenpei
Thu Sep 20 16:09:57 2012,http://mail-archives.apache.org/mod_mbox/ctakes-commits/201209.mbox/<20120920160817.E94672388C56@eris.apache.org>,chenpei
Thu Sep 20 16:09:57 2012,http://mail-archives.apache.org/mod_mbox/ctakes-commits/201209.mbox/<20120920160817.E94672388C56@eris.apache.org>,chenpei
Thu Sep 20 16:09:57 2012,http://mail-archives.apache.org/mod_mbox/ctakes-commits/201209.mbox/<20120920160817.E94672388C56@eris.apache.org>,chenpei
Thu Sep 20 16:09:57 2012,http://mail-archives.apache.org/mod_mbox/ctakes-commits/201209.mbox/<20120920160817.E94672388C56@eris.apache.org>,chenpei
Thu Sep 20 16:09:57 2012,http://mail-archives.apache.org/mod_mbox/ctakes-commits/201209.mbox/<20120920160817.E94672388C56@eris.apache.org>,chenpei
Thu Sep 20 16:09:57 2012,http://mail-archives.apache.org/mod_mbox/ctakes-commits/201209.mbox/<20120920160817.E94672388C56@eris.apache.org>,chenpei
Thu Sep 20 16:09:57 2012,http://mail-archives.apache.org/mod_mbox/ctakes-commits/201209.mbox/<20120920160817.E94672388C56@eris.apache.org>,chenpei
Thu Sep 20 16:09:57 2012,http://mail-archives.apache.org/mod_mbox/ctakes-commits/201209.mbox/<20120920160817.E94672388C56@eris.apache.org>,chenpei
Thu Sep 20 16:09:57 2012,http://mail-archives.apache.org/mod_mbox/ctakes-commits/201209.mbox/<20120920160817.E94672388C56@eris.apache.org>,chenpei
Thu Sep 20 16:09:57 2012,http://mail-archives.apache.org/mod_mbox/ctakes-commits/201209.mbox/<20120920160817.E94672388C56@eris.apache.org>,chenpei
Thu Sep 20 16:09:57 2012,http://mail-archives.apache.org/mod_mbox/ctakes-commits/201209.mbox/<20120920160817.E94672388C56@eris.apache.org>,chenpei
Thu Sep 20 16:09:57 2012,http://mail-archives.apache.org/mod_mbox/ctakes-commits/201209.mbox/<20120920160817.E94672388C56@eris.apache.org>,chenpei
Thu Sep 20 16:09:57 2012,http://mail-archives.apache.org/mod_mbox/ctakes-commits/201209.mbox/<20120920160818.067C62388C65@eris.apache.org>,chenpei
Thu Sep 20 16:09:57 2012,http://mail-archives.apache.org/mod_mbox/ctakes-commits/201209.mbox/<20120920160817.E94672388C56@eris.apache.org>,chenpei
Thu Sep 20 16:09:57 2012,http://mail-archives.apache.org/mod_mbox/ctakes-commits/201209.mbox/<20120920160818.067C62388C65@eris.apache.org>,chenpei
Thu Sep 20 16:09:57 2012,http://mail-archives.apache.org/mod_mbox/ctakes-commits/201209.mbox/<20120920160818.067C62388C65@eris.apache.org>,chenpei
Thu Sep 20 16:09:57 2012,http://mail-archives.apache.org/mod_mbox/ctakes-commits/201209.mbox/<20120920160818.067C62388C65@eris.apache.org>,chenpei
Thu Sep 20 16:09:57 2012,http://mail-archives.apache.org/mod_mbox/ctakes-commits/201209.mbox/<20120920160818.067C62388C65@eris.apache.org>,chenpei
Thu Sep 20 16:09:57 2012,http://mail-archives.apache.org/mod_mbox/ctakes-commits/201209.mbox/<20120920160818.067C62388C65@eris.apache.org>,chenpei
Thu Sep 20 16:09:57 2012,http://mail-archives.apache.org/mod_mbox/ctakes-commits/201209.mbox/<20120920160818.067C62388C65@eris.apache.org>,chenpei
Thu Sep 20 16:09:57 2012,http://mail-archives.apache.org/mod_mbox/ctakes-commits/201209.mbox/<20120920160818.067C62388C65@eris.apache.org>,chenpei
Thu Sep 20 16:09:57 2012,http://mail-archives.apache.org/mod_mbox/ctakes-commits/201209.mbox/<20120920160818.067C62388C65@eris.apache.org>,chenpei
Thu Sep 20 16:09:57 2012,http://mail-archives.apache.org/mod_mbox/ctakes-commits/201209.mbox/<20120920160818.067C62388C65@eris.apache.org>,chenpei
Thu Sep 20 16:09:57 2012,http://mail-archives.apache.org/mod_mbox/ctakes-commits/201209.mbox/<20120920160818.067C62388C65@eris.apache.org>,chenpei
Thu Sep 20 16:09:57 2012,http://mail-archives.apache.org/mod_mbox/ctakes-commits/201209.mbox/<20120920160818.067C62388C65@eris.apache.org>,chenpei
Thu Sep 20 16:09:57 2012,http://mail-archives.apache.org/mod_mbox/ctakes-commits/201209.mbox/<20120920160818.067C62388C65@eris.apache.org>,chenpei
Thu Sep 20 16:09:57 2012,http://mail-archives.apache.org/mod_mbox/ctakes-commits/201209.mbox/<20120920160818.067C62388C65@eris.apache.org>,chenpei
Thu Sep 20 16:09:57 2012,http://mail-archives.apache.org/mod_mbox/ctakes-commits/201209.mbox/<20120920160818.067C62388C65@eris.apache.org>,chenpei
Thu Sep 20 16:09:57 2012,http://mail-archives.apache.org/mod_mbox/ctakes-commits/201209.mbox/<20120920160818.067C62388C65@eris.apache.org>,chenpei
Thu Sep 20 16:09:57 2012,http://mail-archives.apache.org/mod_mbox/ctakes-commits/201209.mbox/<20120920160818.067C62388C65@eris.apache.org>,chenpei
Thu Sep 20 16:09:57 2012,http://mail-archives.apache.org/mod_mbox/ctakes-commits/201209.mbox/<20120920160818.067C62388C65@eris.apache.org>,chenpei
Thu Sep 20 16:09:57 2012,http://mail-archives.apache.org/mod_mbox/ctakes-commits/201209.mbox/<20120920160818.067C62388C65@eris.apache.org>,chenpei
Thu Sep 20 16:09:57 2012,http://mail-archives.apache.org/mod_mbox/ctakes-commits/201209.mbox/<20120920160818.067C62388C65@eris.apache.org>,chenpei
Thu Sep 20 16:09:57 2012,http://mail-archives.apache.org/mod_mbox/ctakes-commits/201209.mbox/<20120920160818.067C62388C65@eris.apache.org>,chenpei
Thu Sep 20 16:09:57 2012,http://mail-archives.apache.org/mod_mbox/ctakes-commits/201209.mbox/<20120920160818.067C62388C65@eris.apache.org>,chenpei
Thu Sep 20 16:09:57 2012,http://mail-archives.apache.org/mod_mbox/ctakes-commits/201209.mbox/<20120920160818.067C62388C65@eris.apache.org>,chenpei
Thu Sep 20 16:09:57 2012,http://mail-archives.apache.org/mod_mbox/ctakes-commits/201209.mbox/<20120920160818.067C62388C65@eris.apache.org>,chenpei
Thu Sep 20 16:09:57 2012,http://mail-archives.apache.org/mod_mbox/ctakes-commits/201209.mbox/<20120920160818.067C62388C65@eris.apache.org>,chenpei
Thu Sep 20 16:09:57 2012,http://mail-archives.apache.org/mod_mbox/ctakes-commits/201209.mbox/<20120920160818.067C62388C65@eris.apache.org>,chenpei
Thu Sep 20 16:09:57 2012,http://mail-archives.apache.org/mod_mbox/ctakes-commits/201209.mbox/<20120920160817.E94672388C56@eris.apache.org>,chenpei
Thu Sep 20 16:09:57 2012,http://mail-archives.apache.org/mod_mbox/ctakes-commits/201209.mbox/<20120920160818.067C62388C65@eris.apache.org>,chenpei
Thu Sep 20 16:09:57 2012,http://mail-archives.apache.org/mod_mbox/ctakes-commits/201209.mbox/<20120920160818.067C62388C65@eris.apache.org>,chenpei
Thu Sep 20 16:09:57 2012,http://mail-archives.apache.org/mod_mbox/ctakes-commits/201209.mbox/<20120920160817.E94672388C56@eris.apache.org>,chenpei
Thu Sep 20 16:09:57 2012,http://mail-archives.apache.org/mod_mbox/ctakes-commits/201209.mbox/<20120920160817.E94672388C56@eris.apache.org>,chenpei
Thu Sep 20 16:09:57 2012,http://mail-archives.apache.org/mod_mbox/ctakes-commits/201209.mbox/<20120920160817.E94672388C56@eris.apache.org>,chenpei
Thu Sep 20 16:09:57 2012,http://mail-archives.apache.org/mod_mbox/ctakes-commits/201209.mbox/<20120920160817.E94672388C56@eris.apache.org>,chenpei
Thu Sep 20 16:09:57 2012,http://mail-archives.apache.org/mod_mbox/ctakes-commits/201209.mbox/<20120920160817.E94672388C56@eris.apache.org>,chenpei
Thu Sep 20 16:09:57 2012,http://mail-archives.apache.org/mod_mbox/ctakes-commits/201209.mbox/<20120920160817.E94672388C56@eris.apache.org>,chenpei
Thu Sep 20 16:09:57 2012,http://mail-archives.apache.org/mod_mbox/ctakes-commits/201209.mbox/<20120920160817.E94672388C56@eris.apache.org>,chenpei
Thu Sep 20 16:09:57 2012,http://mail-archives.apache.org/mod_mbox/ctakes-commits/201209.mbox/<20120920160817.E94672388C56@eris.apache.org>,chenpei
Thu Sep 20 16:09:57 2012,http://mail-archives.apache.org/mod_mbox/ctakes-commits/201209.mbox/<20120920160817.E94672388C56@eris.apache.org>,chenpei
Thu Sep 20 16:09:57 2012,http://mail-archives.apache.org/mod_mbox/ctakes-commits/201209.mbox/<20120920160817.E94672388C56@eris.apache.org>,chenpei
Thu Sep 20 16:09:57 2012,http://mail-archives.apache.org/mod_mbox/ctakes-commits/201209.mbox/<20120920160818.067C62388C65@eris.apache.org>,chenpei
Thu Sep 20 16:09:57 2012,http://mail-archives.apache.org/mod_mbox/ctakes-commits/201209.mbox/<20120920160818.067C62388C65@eris.apache.org>,chenpei
Thu Sep 20 16:09:57 2012,http://mail-archives.apache.org/mod_mbox/ctakes-commits/201209.mbox/<20120920160818.067C62388C65@eris.apache.org>,chenpei
Thu Sep 20 16:09:57 2012,http://mail-archives.apache.org/mod_mbox/ctakes-commits/201209.mbox/<20120920160818.067C62388C65@eris.apache.org>,chenpei
Thu Sep 20 16:09:57 2012,http://mail-archives.apache.org/mod_mbox/ctakes-commits/201209.mbox/<20120920160818.067C62388C65@eris.apache.org>,chenpei
Thu Sep 20 16:09:57 2012,http://mail-archives.apache.org/mod_mbox/ctakes-commits/201209.mbox/<20120920160818.067C62388C65@eris.apache.org>,chenpei
Thu Sep 20 16:09:57 2012,http://mail-archives.apache.org/mod_mbox/ctakes-commits/201209.mbox/<20120920160818.067C62388C65@eris.apache.org>,chenpei
Thu Sep 20 16:09:57 2012,http://mail-archives.apache.org/mod_mbox/ctakes-commits/201209.mbox/<20120920160818.067C62388C65@eris.apache.org>,chenpei
Thu Sep 20 16:09:57 2012,http://mail-archives.apache.org/mod_mbox/ctakes-commits/201209.mbox/<20120920160817.E421B2388C52@eris.apache.org>,chenpei
Thu Sep 20 16:09:57 2012,http://mail-archives.apache.org/mod_mbox/ctakes-commits/201209.mbox/<20120920160818.067C62388C65@eris.apache.org>,chenpei
Thu Sep 20 16:09:57 2012,http://mail-archives.apache.org/mod_mbox/ctakes-commits/201209.mbox/<20120920160818.067C62388C65@eris.apache.org>,chenpei
Thu Sep 20 16:09:57 2012,http://mail-archives.apache.org/mod_mbox/ctakes-commits/201209.mbox/<20120920160818.067C62388C65@eris.apache.org>,chenpei
Thu Sep 20 16:09:57 2012,http://mail-archives.apache.org/mod_mbox/ctakes-commits/201209.mbox/<20120920160818.067C62388C65@eris.apache.org>,chenpei
Thu Sep 20 16:09:57 2012,http://mail-archives.apache.org/mod_mbox/ctakes-commits/201209.mbox/<20120920160818.067C62388C65@eris.apache.org>,chenpei
Thu Sep 20 16:09:57 2012,http://mail-archives.apache.org/mod_mbox/ctakes-commits/201209.mbox/<20120920160818.067C62388C65@eris.apache.org>,chenpei
Thu Sep 20 16:09:57 2012,http://mail-archives.apache.org/mod_mbox/ctakes-commits/201209.mbox/<20120920160817.E421B2388C52@eris.apache.org>,chenpei
Thu Sep 20 16:09:57 2012,http://mail-archives.apache.org/mod_mbox/ctakes-commits/201209.mbox/<20120920160817.E94672388C56@eris.apache.org>,chenpei
Thu Sep 20 16:09:57 2012,http://mail-archives.apache.org/mod_mbox/ctakes-commits/201209.mbox/<20120920160817.E421B2388C52@eris.apache.org>,chenpei
Thu Sep 20 16:09:57 2012,http://mail-archives.apache.org/mod_mbox/ctakes-commits/201209.mbox/<20120920160818.355362388C70@eris.apache.org>,chenpei
Thu Sep 20 16:09:57 2012,http://mail-archives.apache.org/mod_mbox/ctakes-commits/201209.mbox/<20120920160818.355362388C70@eris.apache.org>,chenpei
Thu Sep 20 16:09:57 2012,http://mail-archives.apache.org/mod_mbox/ctakes-commits/201209.mbox/<20120920160818.355362388C70@eris.apache.org>,chenpei
Thu Sep 20 16:09:57 2012,http://mail-archives.apache.org/mod_mbox/ctakes-commits/201209.mbox/<20120920160818.355362388C70@eris.apache.org>,chenpei
Thu Sep 20 16:09:57 2012,http://mail-archives.apache.org/mod_mbox/ctakes-commits/201209.mbox/<20120920160818.355362388C70@eris.apache.org>,chenpei
Thu Sep 20 16:09:57 2012,http://mail-archives.apache.org/mod_mbox/ctakes-commits/201209.mbox/<20120920160818.355362388C70@eris.apache.org>,chenpei
Thu Sep 20 16:09:57 2012,http://mail-archives.apache.org/mod_mbox/ctakes-commits/201209.mbox/<20120920160818.355362388C70@eris.apache.org>,chenpei
Thu Sep 20 16:09:57 2012,http://mail-archives.apache.org/mod_mbox/ctakes-commits/201209.mbox/<20120920160818.355362388C70@eris.apache.org>,chenpei
Thu Sep 20 16:09:57 2012,http://mail-archives.apache.org/mod_mbox/ctakes-commits/201209.mbox/<20120920160818.355362388C70@eris.apache.org>,chenpei
Thu Sep 20 16:09:57 2012,http://mail-archives.apache.org/mod_mbox/ctakes-commits/201209.mbox/<20120920160818.355362388C70@eris.apache.org>,chenpei
Thu Sep 20 16:09:57 2012,http://mail-archives.apache.org/mod_mbox/ctakes-commits/201209.mbox/<20120920160818.355362388C70@eris.apache.org>,chenpei
Thu Sep 20 16:09:57 2012,http://mail-archives.apache.org/mod_mbox/ctakes-commits/201209.mbox/<20120920160818.355362388C70@eris.apache.org>,chenpei
Thu Sep 20 16:09:57 2012,http://mail-archives.apache.org/mod_mbox/ctakes-commits/201209.mbox/<20120920160818.355362388C70@eris.apache.org>,chenpei
Thu Sep 20 16:09:57 2012,http://mail-archives.apache.org/mod_mbox/ctakes-commits/201209.mbox/<20120920160818.355362388C70@eris.apache.org>,chenpei
Thu Sep 20 16:09:57 2012,http://mail-archives.apache.org/mod_mbox/ctakes-commits/201209.mbox/<20120920160818.355362388C70@eris.apache.org>,chenpei
Thu Sep 20 16:09:57 2012,http://mail-archives.apache.org/mod_mbox/ctakes-commits/201209.mbox/<20120920160818.355362388C70@eris.apache.org>,chenpei
Thu Sep 20 16:09:57 2012,http://mail-archives.apache.org/mod_mbox/ctakes-commits/201209.mbox/<20120920160818.355362388C70@eris.apache.org>,chenpei
Thu Sep 20 16:09:57 2012,http://mail-archives.apache.org/mod_mbox/ctakes-commits/201209.mbox/<20120920160818.355362388C70@eris.apache.org>,chenpei
Thu Sep 20 16:09:57 2012,http://mail-archives.apache.org/mod_mbox/ctakes-commits/201209.mbox/<20120920160818.355362388C70@eris.apache.org>,chenpei
Thu Sep 20 16:09:57 2012,http://mail-archives.apache.org/mod_mbox/ctakes-commits/201209.mbox/<20120920160818.355362388C70@eris.apache.org>,chenpei
Thu Sep 20 16:09:57 2012,http://mail-archives.apache.org/mod_mbox/ctakes-commits/201209.mbox/<20120920160818.355362388C70@eris.apache.org>,chenpei
Thu Sep 20 16:09:57 2012,http://mail-archives.apache.org/mod_mbox/ctakes-commits/201209.mbox/<20120920160818.355362388C70@eris.apache.org>,chenpei
Thu Sep 20 16:09:57 2012,http://mail-archives.apache.org/mod_mbox/ctakes-commits/201209.mbox/<20120920160818.355362388C70@eris.apache.org>,chenpei
Thu Sep 20 16:09:57 2012,http://mail-archives.apache.org/mod_mbox/ctakes-commits/201209.mbox/<20120920160818.355362388C70@eris.apache.org>,chenpei
Thu Sep 20 16:09:57 2012,http://mail-archives.apache.org/mod_mbox/ctakes-commits/201209.mbox/<20120920160818.355362388C70@eris.apache.org>,chenpei
Thu Sep 20 16:09:57 2012,http://mail-archives.apache.org/mod_mbox/ctakes-commits/201209.mbox/<20120920160818.355362388C70@eris.apache.org>,chenpei
Thu Sep 20 16:09:57 2012,http://mail-archives.apache.org/mod_mbox/ctakes-commits/201209.mbox/<20120920160818.355362388C70@eris.apache.org>,chenpei
Thu Sep 20 16:09:57 2012,http://mail-archives.apache.org/mod_mbox/ctakes-commits/201209.mbox/<20120920160818.355362388C70@eris.apache.org>,chenpei
Thu Sep 20 16:09:57 2012,http://mail-archives.apache.org/mod_mbox/ctakes-commits/201209.mbox/<20120920160818.355362388C70@eris.apache.org>,chenpei
Thu Sep 20 16:09:57 2012,http://mail-archives.apache.org/mod_mbox/ctakes-commits/201209.mbox/<20120920160818.355362388C70@eris.apache.org>,chenpei
Thu Sep 20 16:09:57 2012,http://mail-archives.apache.org/mod_mbox/ctakes-commits/201209.mbox/<20120920160818.355362388C70@eris.apache.org>,chenpei
Thu Sep 20 16:09:57 2012,http://mail-archives.apache.org/mod_mbox/ctakes-commits/201209.mbox/<20120920160818.355362388C70@eris.apache.org>,chenpei
Thu Sep 20 16:09:57 2012,http://mail-archives.apache.org/mod_mbox/ctakes-commits/201209.mbox/<20120920160818.355362388C70@eris.apache.org>,chenpei
Thu Sep 20 16:09:57 2012,http://mail-archives.apache.org/mod_mbox/ctakes-commits/201209.mbox/<20120920160818.355362388C70@eris.apache.org>,chenpei
Thu Sep 20 16:09:57 2012,http://mail-archives.apache.org/mod_mbox/ctakes-commits/201209.mbox/<20120920160818.355362388C70@eris.apache.org>,chenpei
Thu Sep 20 16:09:57 2012,http://mail-archives.apache.org/mod_mbox/ctakes-commits/201209.mbox/<20120920160818.355362388C70@eris.apache.org>,chenpei
Thu Sep 20 16:09:57 2012,http://mail-archives.apache.org/mod_mbox/ctakes-commits/201209.mbox/<20120920160818.355362388C70@eris.apache.org>,chenpei
Thu Sep 20 16:09:57 2012,http://mail-archives.apache.org/mod_mbox/ctakes-commits/201209.mbox/<20120920160818.355362388C70@eris.apache.org>,chenpei
Thu Sep 20 16:09:57 2012,http://mail-archives.apache.org/mod_mbox/ctakes-commits/201209.mbox/<20120920160818.355362388C70@eris.apache.org>,chenpei
Thu Sep 20 16:09:57 2012,http://mail-archives.apache.org/mod_mbox/ctakes-commits/201209.mbox/<20120920160818.355362388C70@eris.apache.org>,chenpei
Thu Sep 20 16:09:57 2012,http://mail-archives.apache.org/mod_mbox/ctakes-commits/201209.mbox/<20120920160818.355362388C70@eris.apache.org>,chenpei
Thu Sep 20 16:09:57 2012,http://mail-archives.apache.org/mod_mbox/ctakes-commits/201209.mbox/<20120920160817.E421B2388C52@eris.apache.org>,chenpei
Thu Sep 20 16:09:57 2012,http://mail-archives.apache.org/mod_mbox/ctakes-commits/201209.mbox/<20120920160817.E421B2388C52@eris.apache.org>,chenpei
Thu Sep 20 16:09:57 2012,http://mail-archives.apache.org/mod_mbox/ctakes-commits/201209.mbox/<20120920160817.E421B2388C52@eris.apache.org>,chenpei
Thu Sep 20 16:09:57 2012,http://mail-archives.apache.org/mod_mbox/ctakes-commits/201209.mbox/<20120920160817.E421B2388C52@eris.apache.org>,chenpei
Thu Sep 20 16:09:57 2012,http://mail-archives.apache.org/mod_mbox/ctakes-commits/201209.mbox/<20120920160817.E421B2388C52@eris.apache.org>,chenpei
Thu Sep 20 16:09:57 2012,http://mail-archives.apache.org/mod_mbox/ctakes-commits/201209.mbox/<20120920160817.E421B2388C52@eris.apache.org>,chenpei
Thu Sep 20 16:09:57 2012,http://mail-archives.apache.org/mod_mbox/ctakes-commits/201209.mbox/<20120920160817.E421B2388C52@eris.apache.org>,chenpei
Thu Sep 20 16:09:57 2012,http://mail-archives.apache.org/mod_mbox/ctakes-commits/201209.mbox/<20120920160817.E421B2388C52@eris.apache.org>,chenpei
Thu Sep 20 16:09:57 2012,http://mail-archives.apache.org/mod_mbox/ctakes-commits/201209.mbox/<20120920160817.E421B2388C52@eris.apache.org>,chenpei
Thu Sep 20 16:09:57 2012,http://mail-archives.apache.org/mod_mbox/ctakes-commits/201209.mbox/<20120920160817.E421B2388C52@eris.apache.org>,chenpei
Thu Sep 20 16:09:57 2012,http://mail-archives.apache.org/mod_mbox/ctakes-commits/201209.mbox/<20120920160817.E421B2388C52@eris.apache.org>,chenpei
Thu Sep 20 16:09:57 2012,http://mail-archives.apache.org/mod_mbox/ctakes-commits/201209.mbox/<20120920160817.E421B2388C52@eris.apache.org>,chenpei
Thu Sep 20 16:09:57 2012,http://mail-archives.apache.org/mod_mbox/ctakes-commits/201209.mbox/<20120920160817.E421B2388C52@eris.apache.org>,chenpei
Thu Sep 20 16:09:57 2012,http://mail-archives.apache.org/mod_mbox/ctakes-commits/201209.mbox/<20120920160817.E421B2388C52@eris.apache.org>,chenpei
Thu Sep 20 16:09:57 2012,http://mail-archives.apache.org/mod_mbox/ctakes-commits/201209.mbox/<20120920160817.E421B2388C52@eris.apache.org>,chenpei
Thu Sep 20 16:09:57 2012,http://mail-archives.apache.org/mod_mbox/ctakes-commits/201209.mbox/<20120920160817.E421B2388C52@eris.apache.org>,chenpei
Thu Sep 20 16:09:57 2012,http://mail-archives.apache.org/mod_mbox/ctakes-commits/201209.mbox/<20120920160818.355362388C70@eris.apache.org>,chenpei
Thu Sep 20 16:09:57 2012,http://mail-archives.apache.org/mod_mbox/ctakes-commits/201209.mbox/<20120920160817.E421B2388C52@eris.apache.org>,chenpei
Thu Sep 20 16:09:57 2012,http://mail-archives.apache.org/mod_mbox/ctakes-commits/201209.mbox/<20120920160817.E421B2388C52@eris.apache.org>,chenpei
Thu Sep 20 16:09:57 2012,http://mail-archives.apache.org/mod_mbox/ctakes-commits/201209.mbox/<20120920160817.E421B2388C52@eris.apache.org>,chenpei
Thu Sep 20 16:09:57 2012,http://mail-archives.apache.org/mod_mbox/ctakes-commits/201209.mbox/<20120920160817.E421B2388C52@eris.apache.org>,chenpei
Thu Sep 20 16:09:57 2012,http://mail-archives.apache.org/mod_mbox/ctakes-commits/201209.mbox/<20120920160818.355362388C70@eris.apache.org>,chenpei
Thu Sep 20 16:09:57 2012,http://mail-archives.apache.org/mod_mbox/ctakes-commits/201209.mbox/<20120920160817.E421B2388C52@eris.apache.org>,chenpei
Thu Sep 20 16:09:57 2012,http://mail-archives.apache.org/mod_mbox/ctakes-commits/201209.mbox/<20120920160818.355362388C70@eris.apache.org>,chenpei
Thu Sep 20 16:09:57 2012,http://mail-archives.apache.org/mod_mbox/ctakes-commits/201209.mbox/<20120920160818.355362388C70@eris.apache.org>,chenpei
Thu Sep 20 16:09:57 2012,http://mail-archives.apache.org/mod_mbox/ctakes-commits/201209.mbox/<20120920160818.355362388C70@eris.apache.org>,chenpei
Thu Sep 20 16:09:57 2012,http://mail-archives.apache.org/mod_mbox/ctakes-commits/201209.mbox/<20120920160818.355362388C70@eris.apache.org>,chenpei
Thu Sep 20 16:09:57 2012,http://mail-archives.apache.org/mod_mbox/ctakes-commits/201209.mbox/<20120920160818.355362388C70@eris.apache.org>,chenpei
Thu Sep 20 16:09:57 2012,http://mail-archives.apache.org/mod_mbox/ctakes-commits/201209.mbox/<20120920160818.355362388C70@eris.apache.org>,chenpei
Thu Sep 20 16:09:57 2012,http://mail-archives.apache.org/mod_mbox/ctakes-commits/201209.mbox/<20120920160818.355362388C70@eris.apache.org>,chenpei
Thu Sep 20 16:09:57 2012,http://mail-archives.apache.org/mod_mbox/ctakes-commits/201209.mbox/<20120920160818.355362388C70@eris.apache.org>,chenpei
Thu Sep 20 16:09:57 2012,http://mail-archives.apache.org/mod_mbox/ctakes-commits/201209.mbox/<20120920160817.E421B2388C52@eris.apache.org>,chenpei
Thu Sep 20 16:09:57 2012,http://mail-archives.apache.org/mod_mbox/ctakes-commits/201209.mbox/<20120920160817.E421B2388C52@eris.apache.org>,chenpei
Thu Sep 20 16:09:57 2012,http://mail-archives.apache.org/mod_mbox/ctakes-commits/201209.mbox/<20120920160817.E421B2388C52@eris.apache.org>,chenpei
Thu Sep 20 16:09:57 2012,http://mail-archives.apache.org/mod_mbox/ctakes-commits/201209.mbox/<20120920160817.E421B2388C52@eris.apache.org>,chenpei
Thu Sep 20 16:09:57 2012,http://mail-archives.apache.org/mod_mbox/ctakes-commits/201209.mbox/<20120920160817.E421B2388C52@eris.apache.org>,chenpei
Thu Sep 20 16:09:57 2012,http://mail-archives.apache.org/mod_mbox/ctakes-commits/201209.mbox/<20120920160817.E421B2388C52@eris.apache.org>,chenpei
Thu Sep 20 16:09:57 2012,http://mail-archives.apache.org/mod_mbox/ctakes-commits/201209.mbox/<20120920160817.E421B2388C52@eris.apache.org>,chenpei
Thu Sep 20 16:09:57 2012,http://mail-archives.apache.org/mod_mbox/ctakes-commits/201209.mbox/<20120920160817.E421B2388C52@eris.apache.org>,chenpei
Thu Sep 20 16:09:58 2012,http://mail-archives.apache.org/mod_mbox/ctakes-commits/201209.mbox/<20120920160817.DEF032388C2D@eris.apache.org>,chenpei
Thu Sep 20 16:09:58 2012,http://mail-archives.apache.org/mod_mbox/ctakes-commits/201209.mbox/<20120920160817.DEF032388C2D@eris.apache.org>,chenpei
Thu Sep 20 16:09:58 2012,http://mail-archives.apache.org/mod_mbox/ctakes-commits/201209.mbox/<20120920160817.DEF032388C2D@eris.apache.org>,chenpei
Thu Sep 20 16:09:58 2012,http://mail-archives.apache.org/mod_mbox/ctakes-commits/201209.mbox/<20120920160817.DEF032388C2D@eris.apache.org>,chenpei
Thu Sep 20 16:09:58 2012,http://mail-archives.apache.org/mod_mbox/ctakes-commits/201209.mbox/<20120920160817.DEF032388C2D@eris.apache.org>,chenpei
Thu Sep 20 16:09:58 2012,http://mail-archives.apache.org/mod_mbox/ctakes-commits/201209.mbox/<20120920160817.DEF032388C2D@eris.apache.org>,chenpei
Thu Sep 20 16:09:58 2012,http://mail-archives.apache.org/mod_mbox/ctakes-commits/201209.mbox/<20120920160817.DEF032388C2D@eris.apache.org>,chenpei
Thu Sep 20 16:09:58 2012,http://mail-archives.apache.org/mod_mbox/ctakes-commits/201209.mbox/<20120920160817.DEF032388C2D@eris.apache.org>,chenpei
Thu Sep 20 16:09:58 2012,http://mail-archives.apache.org/mod_mbox/ctakes-commits/201209.mbox/<20120920160817.DEF032388C2D@eris.apache.org>,chenpei
Thu Sep 20 16:09:58 2012,http://mail-archives.apache.org/mod_mbox/ctakes-commits/201209.mbox/<20120920160817.DEF032388C2D@eris.apache.org>,chenpei
Thu Sep 20 16:09:58 2012,http://mail-archives.apache.org/mod_mbox/ctakes-commits/201209.mbox/<20120920160817.DEF032388C2D@eris.apache.org>,chenpei
Thu Sep 20 16:09:58 2012,http://mail-archives.apache.org/mod_mbox/ctakes-commits/201209.mbox/<20120920160817.DEF032388C2D@eris.apache.org>,chenpei
Thu Sep 20 16:09:58 2012,http://mail-archives.apache.org/mod_mbox/ctakes-commits/201209.mbox/<20120920160817.DEF032388C2D@eris.apache.org>,chenpei
Thu Sep 20 16:09:58 2012,http://mail-archives.apache.org/mod_mbox/ctakes-commits/201209.mbox/<20120920160817.DEF032388C2D@eris.apache.org>,chenpei
Thu Sep 20 16:09:58 2012,http://mail-archives.apache.org/mod_mbox/ctakes-commits/201209.mbox/<20120920160817.DEF032388C2D@eris.apache.org>,chenpei
Thu Sep 20 16:09:58 2012,http://mail-archives.apache.org/mod_mbox/ctakes-commits/201209.mbox/<20120920160817.DEF032388C2D@eris.apache.org>,chenpei
Thu Sep 20 16:09:58 2012,http://mail-archives.apache.org/mod_mbox/ctakes-commits/201209.mbox/<20120920160817.DEF032388C2D@eris.apache.org>,chenpei
Thu Sep 20 16:09:58 2012,http://mail-archives.apache.org/mod_mbox/ctakes-commits/201209.mbox/<20120920160817.DEF032388C2D@eris.apache.org>,chenpei
Thu Sep 20 16:09:58 2012,http://mail-archives.apache.org/mod_mbox/ctakes-commits/201209.mbox/<20120920160817.DEF032388C2D@eris.apache.org>,chenpei
Thu Sep 20 16:09:58 2012,http://mail-archives.apache.org/mod_mbox/ctakes-commits/201209.mbox/<20120920160817.DEF032388C2D@eris.apache.org>,chenpei
Thu Sep 20 16:09:58 2012,http://mail-archives.apache.org/mod_mbox/ctakes-commits/201209.mbox/<20120920160817.DEF032388C2D@eris.apache.org>,chenpei
Thu Sep 20 16:09:58 2012,http://mail-archives.apache.org/mod_mbox/ctakes-commits/201209.mbox/<20120920160817.DEF032388C2D@eris.apache.org>,chenpei
Thu Sep 20 16:09:58 2012,http://mail-archives.apache.org/mod_mbox/ctakes-commits/201209.mbox/<20120920160817.DEF032388C2D@eris.apache.org>,chenpei
Thu Sep 20 16:09:58 2012,http://mail-archives.apache.org/mod_mbox/ctakes-commits/201209.mbox/<20120920160817.DEF032388C2D@eris.apache.org>,chenpei
Thu Sep 20 16:09:58 2012,http://mail-archives.apache.org/mod_mbox/ctakes-commits/201209.mbox/<20120920160817.DEF032388C2D@eris.apache.org>,chenpei
Thu Sep 20 16:09:58 2012,http://mail-archives.apache.org/mod_mbox/ctakes-commits/201209.mbox/<20120920160817.DEF032388C2D@eris.apache.org>,chenpei
Thu Sep 20 16:09:58 2012,http://mail-archives.apache.org/mod_mbox/ctakes-commits/201209.mbox/<20120920160817.DEF032388C2D@eris.apache.org>,chenpei
Thu Sep 20 16:09:58 2012,http://mail-archives.apache.org/mod_mbox/ctakes-commits/201209.mbox/<20120920160817.DEF032388C2D@eris.apache.org>,chenpei
Thu Sep 20 16:09:58 2012,http://mail-archives.apache.org/mod_mbox/ctakes-commits/201209.mbox/<20120920160817.DEF032388C2D@eris.apache.org>,chenpei
Thu Sep 20 16:09:58 2012,http://mail-archives.apache.org/mod_mbox/ctakes-commits/201209.mbox/<20120920160817.DEF032388C2D@eris.apache.org>,chenpei
Thu Sep 20 16:09:58 2012,http://mail-archives.apache.org/mod_mbox/ctakes-commits/201209.mbox/<20120920160817.DEF032388C2D@eris.apache.org>,chenpei
Thu Sep 20 16:09:58 2012,http://mail-archives.apache.org/mod_mbox/ctakes-commits/201209.mbox/<20120920160817.DEF032388C2D@eris.apache.org>,chenpei
Thu Sep 20 16:10:06 2012,http://mail-archives.apache.org/mod_mbox/ctakes-commits/201209.mbox/<20120920160818.2B9042388C6C@eris.apache.org>,chenpei
Thu Sep 20 16:10:06 2012,http://mail-archives.apache.org/mod_mbox/ctakes-commits/201209.mbox/<20120920160818.2B9042388C6C@eris.apache.org>,chenpei
Thu Sep 20 16:10:06 2012,http://mail-archives.apache.org/mod_mbox/ctakes-commits/201209.mbox/<20120920160818.2B9042388C6C@eris.apache.org>,chenpei
Thu Sep 20 16:10:06 2012,http://mail-archives.apache.org/mod_mbox/ctakes-commits/201209.mbox/<20120920160818.2B9042388C6C@eris.apache.org>,chenpei
Thu Sep 20 16:10:06 2012,http://mail-archives.apache.org/mod_mbox/ctakes-commits/201209.mbox/<20120920160818.2B9042388C6C@eris.apache.org>,chenpei
Thu Sep 20 16:10:06 2012,http://mail-archives.apache.org/mod_mbox/ctakes-commits/201209.mbox/<20120920160818.2B9042388C6C@eris.apache.org>,chenpei
Thu Sep 20 16:10:06 2012,http://mail-archives.apache.org/mod_mbox/ctakes-commits/201209.mbox/<20120920160818.2B9042388C6C@eris.apache.org>,chenpei
Thu Sep 20 16:10:06 2012,http://mail-archives.apache.org/mod_mbox/ctakes-commits/201209.mbox/<20120920160818.2B9042388C6C@eris.apache.org>,chenpei
Thu Sep 20 16:10:06 2012,http://mail-archives.apache.org/mod_mbox/ctakes-commits/201209.mbox/<20120920160818.2B9042388C6C@eris.apache.org>,chenpei
Thu Sep 20 16:10:06 2012,http://mail-archives.apache.org/mod_mbox/ctakes-commits/201209.mbox/<20120920160818.2B9042388C6C@eris.apache.org>,chenpei
Thu Sep 20 16:10:06 2012,http://mail-archives.apache.org/mod_mbox/ctakes-commits/201209.mbox/<20120920160818.2B9042388C6C@eris.apache.org>,chenpei
Thu Sep 20 16:10:06 2012,http://mail-archives.apache.org/mod_mbox/ctakes-commits/201209.mbox/<20120920160818.2B9042388C6C@eris.apache.org>,chenpei
Thu Sep 20 16:10:06 2012,http://mail-archives.apache.org/mod_mbox/ctakes-commits/201209.mbox/<20120920160818.2B9042388C6C@eris.apache.org>,chenpei
Thu Sep 20 16:10:06 2012,http://mail-archives.apache.org/mod_mbox/ctakes-commits/201209.mbox/<20120920160818.2B9042388C6C@eris.apache.org>,chenpei
Thu Sep 20 16:10:06 2012,http://mail-archives.apache.org/mod_mbox/ctakes-commits/201209.mbox/<20120920160818.2B9042388C6C@eris.apache.org>,chenpei
Thu Sep 20 16:10:06 2012,http://mail-archives.apache.org/mod_mbox/ctakes-commits/201209.mbox/<20120920160818.2B9042388C6C@eris.apache.org>,chenpei
Thu Sep 20 16:10:06 2012,http://mail-archives.apache.org/mod_mbox/ctakes-commits/201209.mbox/<20120920160818.2B9042388C6C@eris.apache.org>,chenpei
Thu Sep 20 16:10:06 2012,http://mail-archives.apache.org/mod_mbox/ctakes-commits/201209.mbox/<20120920160818.2B9042388C6C@eris.apache.org>,chenpei
Thu Sep 20 16:10:06 2012,http://mail-archives.apache.org/mod_mbox/ctakes-commits/201209.mbox/<20120920160818.2B9042388C6C@eris.apache.org>,chenpei
Thu Sep 20 16:10:06 2012,http://mail-archives.apache.org/mod_mbox/ctakes-commits/201209.mbox/<20120920160818.2B9042388C6C@eris.apache.org>,chenpei
Thu Sep 20 16:10:06 2012,http://mail-archives.apache.org/mod_mbox/ctakes-commits/201209.mbox/<20120920160818.2B9042388C6C@eris.apache.org>,chenpei
Thu Sep 20 16:10:06 2012,http://mail-archives.apache.org/mod_mbox/ctakes-commits/201209.mbox/<20120920160818.2B9042388C6C@eris.apache.org>,chenpei
Thu Sep 20 16:10:06 2012,http://mail-archives.apache.org/mod_mbox/ctakes-commits/201209.mbox/<20120920160818.2B9042388C6C@eris.apache.org>,chenpei
Thu Sep 20 16:10:06 2012,http://mail-archives.apache.org/mod_mbox/ctakes-commits/201209.mbox/<20120920160818.2B9042388C6C@eris.apache.org>,chenpei
Thu Sep 20 16:10:06 2012,http://mail-archives.apache.org/mod_mbox/ctakes-commits/201209.mbox/<20120920160818.2B9042388C6C@eris.apache.org>,chenpei
Thu Sep 20 16:10:06 2012,http://mail-archives.apache.org/mod_mbox/ctakes-commits/201209.mbox/<20120920160818.2B9042388C6C@eris.apache.org>,chenpei
Thu Sep 20 16:10:06 2012,http://mail-archives.apache.org/mod_mbox/ctakes-commits/201209.mbox/<20120920160818.2B9042388C6C@eris.apache.org>,chenpei
Thu Sep 20 16:10:06 2012,http://mail-archives.apache.org/mod_mbox/ctakes-commits/201209.mbox/<20120920160818.2B9042388C6C@eris.apache.org>,chenpei
Thu Sep 20 16:10:06 2012,http://mail-archives.apache.org/mod_mbox/ctakes-commits/201209.mbox/<20120920160818.2B9042388C6C@eris.apache.org>,chenpei
Thu Sep 20 16:10:06 2012,http://mail-archives.apache.org/mod_mbox/ctakes-commits/201209.mbox/<20120920160818.2B9042388C6C@eris.apache.org>,chenpei
Thu Sep 20 16:10:06 2012,http://mail-archives.apache.org/mod_mbox/ctakes-commits/201209.mbox/<20120920160818.2B9042388C6C@eris.apache.org>,chenpei
Thu Sep 20 16:10:06 2012,http://mail-archives.apache.org/mod_mbox/ctakes-commits/201209.mbox/<20120920160818.2B9042388C6C@eris.apache.org>,chenpei
Thu Sep 20 16:10:08 2012,http://mail-archives.apache.org/mod_mbox/ctakes-commits/201209.mbox/<20120920160818.3A0702388C72@eris.apache.org>,chenpei
Thu Sep 20 16:10:08 2012,http://mail-archives.apache.org/mod_mbox/ctakes-commits/201209.mbox/<20120920160818.3A0702388C72@eris.apache.org>,chenpei
Thu Sep 20 16:10:08 2012,http://mail-archives.apache.org/mod_mbox/ctakes-commits/201209.mbox/<20120920160818.3A0702388C72@eris.apache.org>,chenpei
Thu Sep 20 16:10:08 2012,http://mail-archives.apache.org/mod_mbox/ctakes-commits/201209.mbox/<20120920160818.3A0702388C72@eris.apache.org>,chenpei
Thu Sep 20 16:10:08 2012,http://mail-archives.apache.org/mod_mbox/ctakes-commits/201209.mbox/<20120920160818.3A0702388C72@eris.apache.org>,chenpei
Thu Sep 20 16:10:08 2012,http://mail-archives.apache.org/mod_mbox/ctakes-commits/201209.mbox/<20120920160818.3A0702388C72@eris.apache.org>,chenpei
Thu Sep 20 16:10:08 2012,http://mail-archives.apache.org/mod_mbox/ctakes-commits/201209.mbox/<20120920160818.3A0702388C72@eris.apache.org>,chenpei
Thu Sep 20 16:10:08 2012,http://mail-archives.apache.org/mod_mbox/ctakes-commits/201209.mbox/<20120920160818.3A0702388C72@eris.apache.org>,chenpei
Thu Sep 20 16:10:08 2012,http://mail-archives.apache.org/mod_mbox/ctakes-commits/201209.mbox/<20120920160818.3A0702388C72@eris.apache.org>,chenpei
Thu Sep 20 16:10:08 2012,http://mail-archives.apache.org/mod_mbox/ctakes-commits/201209.mbox/<20120920160818.3A0702388C72@eris.apache.org>,chenpei
Thu Sep 20 16:10:08 2012,http://mail-archives.apache.org/mod_mbox/ctakes-commits/201209.mbox/<20120920160818.3A0702388C72@eris.apache.org>,chenpei
Thu Sep 20 16:10:08 2012,http://mail-archives.apache.org/mod_mbox/ctakes-commits/201209.mbox/<20120920160818.3A0702388C72@eris.apache.org>,chenpei
Thu Sep 20 16:10:08 2012,http://mail-archives.apache.org/mod_mbox/ctakes-commits/201209.mbox/<20120920160818.3A0702388C72@eris.apache.org>,chenpei
Thu Sep 20 16:10:08 2012,http://mail-archives.apache.org/mod_mbox/ctakes-commits/201209.mbox/<20120920160818.3A0702388C72@eris.apache.org>,chenpei
Thu Sep 20 16:10:08 2012,http://mail-archives.apache.org/mod_mbox/ctakes-commits/201209.mbox/<20120920160818.3A0702388C72@eris.apache.org>,chenpei
Thu Sep 20 16:10:08 2012,http://mail-archives.apache.org/mod_mbox/ctakes-commits/201209.mbox/<20120920160818.3A0702388C72@eris.apache.org>,chenpei
Thu Sep 20 16:10:08 2012,http://mail-archives.apache.org/mod_mbox/ctakes-commits/201209.mbox/<20120920160818.3A0702388C72@eris.apache.org>,chenpei
Thu Sep 20 16:10:08 2012,http://mail-archives.apache.org/mod_mbox/ctakes-commits/201209.mbox/<20120920160818.3A0702388C72@eris.apache.org>,chenpei
Thu Sep 20 16:10:08 2012,http://mail-archives.apache.org/mod_mbox/ctakes-commits/201209.mbox/<20120920160818.3A0702388C72@eris.apache.org>,chenpei
Thu Sep 20 16:10:08 2012,http://mail-archives.apache.org/mod_mbox/ctakes-commits/201209.mbox/<20120920160818.3A0702388C72@eris.apache.org>,chenpei
Thu Sep 20 16:10:08 2012,http://mail-archives.apache.org/mod_mbox/ctakes-commits/201209.mbox/<20120920160818.3A0702388C72@eris.apache.org>,chenpei
Thu Sep 20 16:10:08 2012,http://mail-archives.apache.org/mod_mbox/ctakes-commits/201209.mbox/<20120920160818.3A0702388C72@eris.apache.org>,chenpei
Thu Sep 20 16:10:08 2012,http://mail-archives.apache.org/mod_mbox/ctakes-commits/201209.mbox/<20120920160818.3A0702388C72@eris.apache.org>,chenpei
Thu Sep 20 16:10:08 2012,http://mail-archives.apache.org/mod_mbox/ctakes-commits/201209.mbox/<20120920160818.3A0702388C72@eris.apache.org>,chenpei
Thu Sep 20 16:10:08 2012,http://mail-archives.apache.org/mod_mbox/ctakes-commits/201209.mbox/<20120920160818.3A0702388C72@eris.apache.org>,chenpei
Thu Sep 20 16:10:08 2012,http://mail-archives.apache.org/mod_mbox/ctakes-commits/201209.mbox/<20120920160818.3A0702388C72@eris.apache.org>,chenpei
Thu Sep 20 16:10:08 2012,http://mail-archives.apache.org/mod_mbox/ctakes-commits/201209.mbox/<20120920160818.3A0702388C72@eris.apache.org>,chenpei
Thu Sep 20 16:10:08 2012,http://mail-archives.apache.org/mod_mbox/ctakes-commits/201209.mbox/<20120920160818.3A0702388C72@eris.apache.org>,chenpei
Thu Sep 20 16:10:08 2012,http://mail-archives.apache.org/mod_mbox/ctakes-commits/201209.mbox/<20120920160818.3A0702388C72@eris.apache.org>,chenpei
Thu Sep 20 16:10:08 2012,http://mail-archives.apache.org/mod_mbox/ctakes-commits/201209.mbox/<20120920160818.3A0702388C72@eris.apache.org>,chenpei
Thu Sep 20 16:26:42 2012,http://mail-archives.apache.org/mod_mbox/ctakes-commits/201209.mbox/<20120920162557.72E3D23888E4@eris.apache.org>,chenpei
Thu Sep 20 16:26:42 2012,http://mail-archives.apache.org/mod_mbox/ctakes-commits/201209.mbox/<20120920162557.72E3D23888E4@eris.apache.org>,chenpei
Thu Sep 20 16:26:42 2012,http://mail-archives.apache.org/mod_mbox/ctakes-commits/201209.mbox/<20120920162557.72E3D23888E4@eris.apache.org>,chenpei
Thu Sep 20 16:26:42 2012,http://mail-archives.apache.org/mod_mbox/ctakes-commits/201209.mbox/<20120920162557.72E3D23888E4@eris.apache.org>,chenpei
Thu Sep 20 16:26:42 2012,http://mail-archives.apache.org/mod_mbox/ctakes-commits/201209.mbox/<20120920162557.72E3D23888E4@eris.apache.org>,chenpei
Thu Sep 20 16:26:42 2012,http://mail-archives.apache.org/mod_mbox/ctakes-commits/201209.mbox/<20120920162557.72E3D23888E4@eris.apache.org>,chenpei
Thu Sep 20 20:26:56 2012,http://mail-archives.apache.org/mod_mbox/ctakes-commits/201209.mbox/<20120920202611.2FC3E2388AA9@eris.apache.org>,chenpei
Thu Sep 20 20:26:56 2012,http://mail-archives.apache.org/mod_mbox/ctakes-commits/201209.mbox/<20120920202611.274AD23889FD@eris.apache.org>,chenpei
Thu Sep 20 20:26:56 2012,http://mail-archives.apache.org/mod_mbox/ctakes-commits/201209.mbox/<20120920202611.274AD23889FD@eris.apache.org>,chenpei
Thu Sep 20 20:26:56 2012,http://mail-archives.apache.org/mod_mbox/ctakes-commits/201209.mbox/<20120920202611.274AD23889FD@eris.apache.org>,chenpei
Thu Sep 20 20:26:56 2012,http://mail-archives.apache.org/mod_mbox/ctakes-commits/201209.mbox/<20120920202611.274AD23889FD@eris.apache.org>,chenpei
Thu Sep 20 20:26:56 2012,http://mail-archives.apache.org/mod_mbox/ctakes-commits/201209.mbox/<20120920202611.274AD23889FD@eris.apache.org>,chenpei
Thu Sep 20 20:26:56 2012,http://mail-archives.apache.org/mod_mbox/ctakes-commits/201209.mbox/<20120920202611.274AD23889FD@eris.apache.org>,chenpei
Thu Sep 20 20:26:56 2012,http://mail-archives.apache.org/mod_mbox/ctakes-commits/201209.mbox/<20120920202611.274AD23889FD@eris.apache.org>,chenpei
Thu Sep 20 20:26:56 2012,http://mail-archives.apache.org/mod_mbox/ctakes-commits/201209.mbox/<20120920202611.274AD23889FD@eris.apache.org>,chenpei
Thu Sep 20 20:26:56 2012,http://mail-archives.apache.org/mod_mbox/ctakes-commits/201209.mbox/<20120920202611.2FC3E2388AA9@eris.apache.org>,chenpei
Thu Sep 20 20:26:56 2012,http://mail-archives.apache.org/mod_mbox/ctakes-commits/201209.mbox/<20120920202611.2FC3E2388AA9@eris.apache.org>,chenpei
Thu Sep 20 20:26:56 2012,http://mail-archives.apache.org/mod_mbox/ctakes-commits/201209.mbox/<20120920202611.2FC3E2388AA9@eris.apache.org>,chenpei
Thu Sep 20 20:26:56 2012,http://mail-archives.apache.org/mod_mbox/ctakes-commits/201209.mbox/<20120920202611.2FC3E2388AA9@eris.apache.org>,chenpei
Thu Sep 20 20:26:56 2012,http://mail-archives.apache.org/mod_mbox/ctakes-commits/201209.mbox/<20120920202611.2FC3E2388AA9@eris.apache.org>,chenpei
Thu Sep 20 20:26:56 2012,http://mail-archives.apache.org/mod_mbox/ctakes-commits/201209.mbox/<20120920202611.2FC3E2388AA9@eris.apache.org>,chenpei
Thu Sep 20 20:26:56 2012,http://mail-archives.apache.org/mod_mbox/ctakes-commits/201209.mbox/<20120920202611.2FC3E2388AA9@eris.apache.org>,chenpei
Thu Sep 20 20:26:56 2012,http://mail-archives.apache.org/mod_mbox/ctakes-commits/201209.mbox/<20120920202611.2FC3E2388AA9@eris.apache.org>,chenpei
Thu Sep 20 20:26:56 2012,http://mail-archives.apache.org/mod_mbox/ctakes-commits/201209.mbox/<20120920202611.2FC3E2388AA9@eris.apache.org>,chenpei
Thu Sep 20 20:26:56 2012,http://mail-archives.apache.org/mod_mbox/ctakes-commits/201209.mbox/<20120920202611.2FC3E2388AA9@eris.apache.org>,chenpei
Thu Sep 20 20:26:56 2012,http://mail-archives.apache.org/mod_mbox/ctakes-commits/201209.mbox/<20120920202611.2FC3E2388AA9@eris.apache.org>,chenpei
Thu Sep 20 20:26:56 2012,http://mail-archives.apache.org/mod_mbox/ctakes-commits/201209.mbox/<20120920202611.2FC3E2388AA9@eris.apache.org>,chenpei
Thu Sep 20 20:26:56 2012,http://mail-archives.apache.org/mod_mbox/ctakes-commits/201209.mbox/<20120920202611.2FC3E2388AA9@eris.apache.org>,chenpei
Thu Sep 20 20:26:56 2012,http://mail-archives.apache.org/mod_mbox/ctakes-commits/201209.mbox/<20120920202611.2FC3E2388AA9@eris.apache.org>,chenpei
Thu Sep 20 20:26:56 2012,http://mail-archives.apache.org/mod_mbox/ctakes-commits/201209.mbox/<20120920202611.2FC3E2388AA9@eris.apache.org>,chenpei
Thu Sep 20 20:26:56 2012,http://mail-archives.apache.org/mod_mbox/ctakes-commits/201209.mbox/<20120920202611.2FC3E2388AA9@eris.apache.org>,chenpei
Thu Sep 20 20:26:58 2012,http://mail-archives.apache.org/mod_mbox/ctakes-commits/201209.mbox/<20120920202611.2410F23889E1@eris.apache.org>,chenpei
Thu Sep 20 20:26:58 2012,http://mail-archives.apache.org/mod_mbox/ctakes-commits/201209.mbox/<20120920202611.2410F23889E1@eris.apache.org>,chenpei
Thu Sep 20 20:26:58 2012,http://mail-archives.apache.org/mod_mbox/ctakes-commits/201209.mbox/<20120920202611.2410F23889E1@eris.apache.org>,chenpei
Thu Sep 20 20:26:58 2012,http://mail-archives.apache.org/mod_mbox/ctakes-commits/201209.mbox/<20120920202611.2410F23889E1@eris.apache.org>,chenpei
Thu Sep 20 20:26:58 2012,http://mail-archives.apache.org/mod_mbox/ctakes-commits/201209.mbox/<20120920202611.2410F23889E1@eris.apache.org>,chenpei
Thu Sep 20 20:26:58 2012,http://mail-archives.apache.org/mod_mbox/ctakes-commits/201209.mbox/<20120920202611.2410F23889E1@eris.apache.org>,chenpei
Thu Sep 20 20:26:58 2012,http://mail-archives.apache.org/mod_mbox/ctakes-commits/201209.mbox/<20120920202611.2410F23889E1@eris.apache.org>,chenpei
Thu Sep 20 20:26:58 2012,http://mail-archives.apache.org/mod_mbox/ctakes-commits/201209.mbox/<20120920202611.2410F23889E1@eris.apache.org>,chenpei
Thu Sep 20 20:26:58 2012,http://mail-archives.apache.org/mod_mbox/ctakes-commits/201209.mbox/<20120920202611.2410F23889E1@eris.apache.org>,chenpei
Thu Sep 20 20:26:58 2012,http://mail-archives.apache.org/mod_mbox/ctakes-commits/201209.mbox/<20120920202611.2410F23889E1@eris.apache.org>,chenpei
Thu Sep 20 20:26:58 2012,http://mail-archives.apache.org/mod_mbox/ctakes-commits/201209.mbox/<20120920202611.2410F23889E1@eris.apache.org>,chenpei
Thu Sep 20 20:26:58 2012,http://mail-archives.apache.org/mod_mbox/ctakes-commits/201209.mbox/<20120920202611.2410F23889E1@eris.apache.org>,chenpei
Thu Sep 20 20:26:58 2012,http://mail-archives.apache.org/mod_mbox/ctakes-commits/201209.mbox/<20120920202611.2410F23889E1@eris.apache.org>,chenpei
Thu Sep 20 20:26:58 2012,http://mail-archives.apache.org/mod_mbox/ctakes-commits/201209.mbox/<20120920202611.2410F23889E1@eris.apache.org>,chenpei
Thu Sep 20 20:26:58 2012,http://mail-archives.apache.org/mod_mbox/ctakes-commits/201209.mbox/<20120920202611.2410F23889E1@eris.apache.org>,chenpei
Thu Sep 20 20:26:58 2012,http://mail-archives.apache.org/mod_mbox/ctakes-commits/201209.mbox/<20120920202611.2410F23889E1@eris.apache.org>,chenpei
Thu Sep 20 20:26:58 2012,http://mail-archives.apache.org/mod_mbox/ctakes-commits/201209.mbox/<20120920202611.2410F23889E1@eris.apache.org>,chenpei
Thu Sep 20 20:26:58 2012,http://mail-archives.apache.org/mod_mbox/ctakes-commits/201209.mbox/<20120920202611.2410F23889E1@eris.apache.org>,chenpei
Thu Sep 20 20:26:58 2012,http://mail-archives.apache.org/mod_mbox/ctakes-commits/201209.mbox/<20120920202611.2410F23889E1@eris.apache.org>,chenpei
Thu Sep 20 20:26:58 2012,http://mail-archives.apache.org/mod_mbox/ctakes-commits/201209.mbox/<20120920202611.2410F23889E1@eris.apache.org>,chenpei
Thu Sep 20 20:26:58 2012,http://mail-archives.apache.org/mod_mbox/ctakes-commits/201209.mbox/<20120920202611.2410F23889E1@eris.apache.org>,chenpei
Thu Sep 20 20:26:58 2012,http://mail-archives.apache.org/mod_mbox/ctakes-commits/201209.mbox/<20120920202611.2410F23889E1@eris.apache.org>,chenpei
Thu Sep 20 20:26:58 2012,http://mail-archives.apache.org/mod_mbox/ctakes-commits/201209.mbox/<20120920202611.2410F23889E1@eris.apache.org>,chenpei
Thu Sep 20 20:26:58 2012,http://mail-archives.apache.org/mod_mbox/ctakes-commits/201209.mbox/<20120920202611.2410F23889E1@eris.apache.org>,chenpei
Thu Sep 20 20:26:58 2012,http://mail-archives.apache.org/mod_mbox/ctakes-commits/201209.mbox/<20120920202611.2410F23889E1@eris.apache.org>,chenpei
Thu Sep 20 20:26:58 2012,http://mail-archives.apache.org/mod_mbox/ctakes-commits/201209.mbox/<20120920202611.2410F23889E1@eris.apache.org>,chenpei
Thu Sep 20 20:26:58 2012,http://mail-archives.apache.org/mod_mbox/ctakes-commits/201209.mbox/<20120920202611.29A1A2388A5B@eris.apache.org>,chenpei
Thu Sep 20 20:27:07 2012,http://mail-archives.apache.org/mod_mbox/ctakes-commits/201209.mbox/<20120920202611.2CB812388A6E@eris.apache.org>,chenpei
Thu Sep 20 20:27:07 2012,http://mail-archives.apache.org/mod_mbox/ctakes-commits/201209.mbox/<20120920202611.2CB812388A6E@eris.apache.org>,chenpei
Thu Sep 20 20:27:07 2012,http://mail-archives.apache.org/mod_mbox/ctakes-commits/201209.mbox/<20120920202611.2CB812388A6E@eris.apache.org>,chenpei
Thu Sep 20 20:27:07 2012,http://mail-archives.apache.org/mod_mbox/ctakes-commits/201209.mbox/<20120920202611.2CB812388A6E@eris.apache.org>,chenpei
Thu Sep 20 20:27:07 2012,http://mail-archives.apache.org/mod_mbox/ctakes-commits/201209.mbox/<20120920202611.2CB812388A6E@eris.apache.org>,chenpei
Thu Sep 20 20:27:07 2012,http://mail-archives.apache.org/mod_mbox/ctakes-commits/201209.mbox/<20120920202611.2CB812388A6E@eris.apache.org>,chenpei
Thu Sep 20 20:27:07 2012,http://mail-archives.apache.org/mod_mbox/ctakes-commits/201209.mbox/<20120920202611.2CB812388A6E@eris.apache.org>,chenpei
Thu Sep 20 20:27:07 2012,http://mail-archives.apache.org/mod_mbox/ctakes-commits/201209.mbox/<20120920202611.2CB812388A6E@eris.apache.org>,chenpei
Thu Sep 20 20:27:07 2012,http://mail-archives.apache.org/mod_mbox/ctakes-commits/201209.mbox/<20120920202611.2CB812388A6E@eris.apache.org>,chenpei
Thu Sep 20 20:27:07 2012,http://mail-archives.apache.org/mod_mbox/ctakes-commits/201209.mbox/<20120920202611.2CB812388A6E@eris.apache.org>,chenpei
Thu Sep 20 20:27:07 2012,http://mail-archives.apache.org/mod_mbox/ctakes-commits/201209.mbox/<20120920202611.2CB812388A6E@eris.apache.org>,chenpei
Thu Sep 20 20:27:07 2012,http://mail-archives.apache.org/mod_mbox/ctakes-commits/201209.mbox/<20120920202611.2CB812388A6E@eris.apache.org>,chenpei
Thu Sep 20 20:27:07 2012,http://mail-archives.apache.org/mod_mbox/ctakes-commits/201209.mbox/<20120920202611.2CB812388A6E@eris.apache.org>,chenpei
Thu Sep 20 20:27:07 2012,http://mail-archives.apache.org/mod_mbox/ctakes-commits/201209.mbox/<20120920202611.2CB812388A6E@eris.apache.org>,chenpei
Thu Sep 20 20:27:07 2012,http://mail-archives.apache.org/mod_mbox/ctakes-commits/201209.mbox/<20120920202611.2CB812388A6E@eris.apache.org>,chenpei
Thu Sep 20 20:27:07 2012,http://mail-archives.apache.org/mod_mbox/ctakes-commits/201209.mbox/<20120920202611.2CB812388A6E@eris.apache.org>,chenpei
Thu Sep 20 20:27:07 2012,http://mail-archives.apache.org/mod_mbox/ctakes-commits/201209.mbox/<20120920202611.2CB812388A6E@eris.apache.org>,chenpei
Thu Sep 20 20:27:07 2012,http://mail-archives.apache.org/mod_mbox/ctakes-commits/201209.mbox/<20120920202611.2CB812388A6E@eris.apache.org>,chenpei
Thu Sep 20 20:27:07 2012,http://mail-archives.apache.org/mod_mbox/ctakes-commits/201209.mbox/<20120920202611.2CB812388A6E@eris.apache.org>,chenpei
Thu Sep 20 20:27:07 2012,http://mail-archives.apache.org/mod_mbox/ctakes-commits/201209.mbox/<20120920202611.2CB812388A6E@eris.apache.org>,chenpei
Thu Sep 20 20:27:07 2012,http://mail-archives.apache.org/mod_mbox/ctakes-commits/201209.mbox/<20120920202611.2CB812388A6E@eris.apache.org>,chenpei
Thu Sep 20 20:27:07 2012,http://mail-archives.apache.org/mod_mbox/ctakes-commits/201209.mbox/<20120920202611.2CB812388A6E@eris.apache.org>,chenpei
Thu Sep 20 20:27:07 2012,http://mail-archives.apache.org/mod_mbox/ctakes-commits/201209.mbox/<20120920202611.2CB812388A6E@eris.apache.org>,chenpei
Thu Sep 20 20:27:07 2012,http://mail-archives.apache.org/mod_mbox/ctakes-commits/201209.mbox/<20120920202611.2CB812388A6E@eris.apache.org>,chenpei
Thu Sep 20 20:27:07 2012,http://mail-archives.apache.org/mod_mbox/ctakes-commits/201209.mbox/<20120920202611.2CB812388A6E@eris.apache.org>,chenpei
Thu Sep 20 20:27:07 2012,http://mail-archives.apache.org/mod_mbox/ctakes-commits/201209.mbox/<20120920202611.2CB812388A6E@eris.apache.org>,chenpei
Thu Sep 20 20:27:07 2012,http://mail-archives.apache.org/mod_mbox/ctakes-commits/201209.mbox/<20120920202611.2CB812388A6E@eris.apache.org>,chenpei
Thu Sep 20 20:27:07 2012,http://mail-archives.apache.org/mod_mbox/ctakes-commits/201209.mbox/<20120920202611.2CB812388A6E@eris.apache.org>,chenpei
Thu Sep 20 20:27:07 2012,http://mail-archives.apache.org/mod_mbox/ctakes-commits/201209.mbox/<20120920202611.2CB812388A6E@eris.apache.org>,chenpei
Thu Sep 20 20:27:07 2012,http://mail-archives.apache.org/mod_mbox/ctakes-commits/201209.mbox/<20120920202611.2CB812388A6E@eris.apache.org>,chenpei
Thu Sep 20 20:27:07 2012,http://mail-archives.apache.org/mod_mbox/ctakes-commits/201209.mbox/<20120920202611.2CB812388A6E@eris.apache.org>,chenpei
Thu Sep 20 20:27:07 2012,http://mail-archives.apache.org/mod_mbox/ctakes-commits/201209.mbox/<20120920202611.2CB812388A6E@eris.apache.org>,chenpei
Thu Sep 20 20:27:07 2012,http://mail-archives.apache.org/mod_mbox/ctakes-commits/201209.mbox/<20120920202611.2CB812388A6E@eris.apache.org>,chenpei
Thu Sep 20 20:27:07 2012,http://mail-archives.apache.org/mod_mbox/ctakes-commits/201209.mbox/<20120920202611.2CB812388A6E@eris.apache.org>,chenpei
Thu Sep 20 20:27:07 2012,http://mail-archives.apache.org/mod_mbox/ctakes-commits/201209.mbox/<20120920202611.2CB812388A6E@eris.apache.org>,chenpei
Thu Sep 20 20:27:07 2012,http://mail-archives.apache.org/mod_mbox/ctakes-commits/201209.mbox/<20120920202611.2CB812388A6E@eris.apache.org>,chenpei
Thu Sep 20 20:27:19 2012,http://mail-archives.apache.org/mod_mbox/ctakes-commits/201209.mbox/<20120920202611.3507B2388ABA@eris.apache.org>,chenpei
Thu Sep 20 20:27:19 2012,http://mail-archives.apache.org/mod_mbox/ctakes-commits/201209.mbox/<20120920202611.3507B2388ABA@eris.apache.org>,chenpei
Thu Sep 20 20:27:19 2012,http://mail-archives.apache.org/mod_mbox/ctakes-commits/201209.mbox/<20120920202611.3507B2388ABA@eris.apache.org>,chenpei
Thu Sep 20 20:27:19 2012,http://mail-archives.apache.org/mod_mbox/ctakes-commits/201209.mbox/<20120920202611.3507B2388ABA@eris.apache.org>,chenpei
Thu Sep 20 20:27:19 2012,http://mail-archives.apache.org/mod_mbox/ctakes-commits/201209.mbox/<20120920202611.3507B2388ABA@eris.apache.org>,chenpei
Thu Sep 20 20:27:19 2012,http://mail-archives.apache.org/mod_mbox/ctakes-commits/201209.mbox/<20120920202611.3507B2388ABA@eris.apache.org>,chenpei
Thu Sep 20 20:27:19 2012,http://mail-archives.apache.org/mod_mbox/ctakes-commits/201209.mbox/<20120920202611.3507B2388ABA@eris.apache.org>,chenpei
Thu Sep 20 20:27:19 2012,http://mail-archives.apache.org/mod_mbox/ctakes-commits/201209.mbox/<20120920202611.3507B2388ABA@eris.apache.org>,chenpei
Thu Sep 20 20:27:19 2012,http://mail-archives.apache.org/mod_mbox/ctakes-commits/201209.mbox/<20120920202611.3507B2388ABA@eris.apache.org>,chenpei
Thu Sep 20 20:27:19 2012,http://mail-archives.apache.org/mod_mbox/ctakes-commits/201209.mbox/<20120920202611.3507B2388ABA@eris.apache.org>,chenpei
Thu Sep 20 20:27:19 2012,http://mail-archives.apache.org/mod_mbox/ctakes-commits/201209.mbox/<20120920202611.3507B2388ABA@eris.apache.org>,chenpei
Thu Sep 20 20:27:19 2012,http://mail-archives.apache.org/mod_mbox/ctakes-commits/201209.mbox/<20120920202611.3507B2388ABA@eris.apache.org>,chenpei
Thu Sep 20 20:27:19 2012,http://mail-archives.apache.org/mod_mbox/ctakes-commits/201209.mbox/<20120920202611.3507B2388ABA@eris.apache.org>,chenpei
Thu Sep 20 20:27:19 2012,http://mail-archives.apache.org/mod_mbox/ctakes-commits/201209.mbox/<20120920202611.3507B2388ABA@eris.apache.org>,chenpei
Thu Sep 20 20:27:19 2012,http://mail-archives.apache.org/mod_mbox/ctakes-commits/201209.mbox/<20120920202611.3507B2388ABA@eris.apache.org>,chenpei
Thu Sep 20 20:27:19 2012,http://mail-archives.apache.org/mod_mbox/ctakes-commits/201209.mbox/<20120920202611.3507B2388ABA@eris.apache.org>,chenpei
Thu Sep 20 20:27:19 2012,http://mail-archives.apache.org/mod_mbox/ctakes-commits/201209.mbox/<20120920202611.3507B2388ABA@eris.apache.org>,chenpei
Thu Sep 20 20:27:19 2012,http://mail-archives.apache.org/mod_mbox/ctakes-commits/201209.mbox/<20120920202611.3507B2388ABA@eris.apache.org>,chenpei
Thu Sep 20 20:27:19 2012,http://mail-archives.apache.org/mod_mbox/ctakes-commits/201209.mbox/<20120920202611.3507B2388ABA@eris.apache.org>,chenpei
Thu Sep 20 20:27:19 2012,http://mail-archives.apache.org/mod_mbox/ctakes-commits/201209.mbox/<20120920202611.3507B2388ABA@eris.apache.org>,chenpei
Thu Sep 20 20:27:19 2012,http://mail-archives.apache.org/mod_mbox/ctakes-commits/201209.mbox/<20120920202611.3507B2388ABA@eris.apache.org>,chenpei
Thu Sep 20 20:27:19 2012,http://mail-archives.apache.org/mod_mbox/ctakes-commits/201209.mbox/<20120920202611.4369A2388C52@eris.apache.org>,chenpei
Thu Sep 20 20:27:19 2012,http://mail-archives.apache.org/mod_mbox/ctakes-commits/201209.mbox/<20120920202611.3507B2388ABA@eris.apache.org>,chenpei
Thu Sep 20 20:27:19 2012,http://mail-archives.apache.org/mod_mbox/ctakes-commits/201209.mbox/<20120920202611.3507B2388ABA@eris.apache.org>,chenpei
Thu Sep 20 20:27:19 2012,http://mail-archives.apache.org/mod_mbox/ctakes-commits/201209.mbox/<20120920202611.3507B2388ABA@eris.apache.org>,chenpei
Thu Sep 20 20:27:19 2012,http://mail-archives.apache.org/mod_mbox/ctakes-commits/201209.mbox/<20120920202611.3507B2388ABA@eris.apache.org>,chenpei
Thu Sep 20 20:27:19 2012,http://mail-archives.apache.org/mod_mbox/ctakes-commits/201209.mbox/<20120920202611.3507B2388ABA@eris.apache.org>,chenpei
Thu Sep 20 20:27:19 2012,http://mail-archives.apache.org/mod_mbox/ctakes-commits/201209.mbox/<20120920202611.3507B2388ABA@eris.apache.org>,chenpei
Thu Sep 20 20:27:19 2012,http://mail-archives.apache.org/mod_mbox/ctakes-commits/201209.mbox/<20120920202611.3507B2388ABA@eris.apache.org>,chenpei
Thu Sep 20 20:27:19 2012,http://mail-archives.apache.org/mod_mbox/ctakes-commits/201209.mbox/<20120920202611.3507B2388ABA@eris.apache.org>,chenpei
Thu Sep 20 20:27:19 2012,http://mail-archives.apache.org/mod_mbox/ctakes-commits/201209.mbox/<20120920202611.3507B2388ABA@eris.apache.org>,chenpei
Thu Sep 20 20:27:19 2012,http://mail-archives.apache.org/mod_mbox/ctakes-commits/201209.mbox/<20120920202611.3507B2388ABA@eris.apache.org>,chenpei
Thu Sep 20 20:27:19 2012,http://mail-archives.apache.org/mod_mbox/ctakes-commits/201209.mbox/<20120920202611.3507B2388ABA@eris.apache.org>,chenpei
Thu Sep 20 20:27:19 2012,http://mail-archives.apache.org/mod_mbox/ctakes-commits/201209.mbox/<20120920202611.3507B2388ABA@eris.apache.org>,chenpei
Thu Sep 20 20:27:19 2012,http://mail-archives.apache.org/mod_mbox/ctakes-commits/201209.mbox/<20120920202611.3507B2388ABA@eris.apache.org>,chenpei
Thu Sep 20 20:27:19 2012,http://mail-archives.apache.org/mod_mbox/ctakes-commits/201209.mbox/<20120920202611.3507B2388ABA@eris.apache.org>,chenpei
Thu Sep 20 20:27:19 2012,http://mail-archives.apache.org/mod_mbox/ctakes-commits/201209.mbox/<20120920202611.3507B2388ABA@eris.apache.org>,chenpei
Thu Sep 20 20:27:19 2012,http://mail-archives.apache.org/mod_mbox/ctakes-commits/201209.mbox/<20120920202611.3507B2388ABA@eris.apache.org>,chenpei
Thu Sep 20 20:27:19 2012,http://mail-archives.apache.org/mod_mbox/ctakes-commits/201209.mbox/<20120920202611.3507B2388ABA@eris.apache.org>,chenpei
Thu Sep 20 20:27:19 2012,http://mail-archives.apache.org/mod_mbox/ctakes-commits/201209.mbox/<20120920202611.3507B2388ABA@eris.apache.org>,chenpei
Thu Sep 20 20:27:19 2012,http://mail-archives.apache.org/mod_mbox/ctakes-commits/201209.mbox/<20120920202611.3507B2388ABA@eris.apache.org>,chenpei
Thu Sep 20 20:27:19 2012,http://mail-archives.apache.org/mod_mbox/ctakes-commits/201209.mbox/<20120920202611.3507B2388ABA@eris.apache.org>,chenpei
Thu Sep 20 20:27:19 2012,http://mail-archives.apache.org/mod_mbox/ctakes-commits/201209.mbox/<20120920202611.3507B2388ABA@eris.apache.org>,chenpei
Thu Sep 20 20:27:19 2012,http://mail-archives.apache.org/mod_mbox/ctakes-commits/201209.mbox/<20120920202611.3507B2388ABA@eris.apache.org>,chenpei
Thu Sep 20 20:27:19 2012,http://mail-archives.apache.org/mod_mbox/ctakes-commits/201209.mbox/<20120920202611.3507B2388ABA@eris.apache.org>,chenpei
Thu Sep 20 20:27:19 2012,http://mail-archives.apache.org/mod_mbox/ctakes-commits/201209.mbox/<20120920202611.3507B2388ABA@eris.apache.org>,chenpei
Thu Sep 20 20:27:19 2012,http://mail-archives.apache.org/mod_mbox/ctakes-commits/201209.mbox/<20120920202611.3507B2388ABA@eris.apache.org>,chenpei
Thu Sep 20 20:27:20 2012,http://mail-archives.apache.org/mod_mbox/ctakes-commits/201209.mbox/<20120920202611.3B4572388B46@eris.apache.org>,chenpei
Thu Sep 20 20:27:20 2012,http://mail-archives.apache.org/mod_mbox/ctakes-commits/201209.mbox/<20120920202611.3B4572388B46@eris.apache.org>,chenpei
Thu Sep 20 20:27:20 2012,http://mail-archives.apache.org/mod_mbox/ctakes-commits/201209.mbox/<20120920202611.3B4572388B46@eris.apache.org>,chenpei
Thu Sep 20 20:27:20 2012,http://mail-archives.apache.org/mod_mbox/ctakes-commits/201209.mbox/<20120920202611.3B4572388B46@eris.apache.org>,chenpei
Thu Sep 20 20:27:20 2012,http://mail-archives.apache.org/mod_mbox/ctakes-commits/201209.mbox/<20120920202611.3B4572388B46@eris.apache.org>,chenpei
Thu Sep 20 20:27:20 2012,http://mail-archives.apache.org/mod_mbox/ctakes-commits/201209.mbox/<20120920202611.3B4572388B46@eris.apache.org>,chenpei
Thu Sep 20 20:27:20 2012,http://mail-archives.apache.org/mod_mbox/ctakes-commits/201209.mbox/<20120920202611.3B4572388B46@eris.apache.org>,chenpei
Thu Sep 20 20:27:20 2012,http://mail-archives.apache.org/mod_mbox/ctakes-commits/201209.mbox/<20120920202611.3B4572388B46@eris.apache.org>,chenpei
Thu Sep 20 20:27:20 2012,http://mail-archives.apache.org/mod_mbox/ctakes-commits/201209.mbox/<20120920202611.3B4572388B46@eris.apache.org>,chenpei
Thu Sep 20 20:27:20 2012,http://mail-archives.apache.org/mod_mbox/ctakes-commits/201209.mbox/<20120920202611.3B4572388B46@eris.apache.org>,chenpei
Thu Sep 20 20:27:20 2012,http://mail-archives.apache.org/mod_mbox/ctakes-commits/201209.mbox/<20120920202611.3B4572388B46@eris.apache.org>,chenpei
Thu Sep 20 20:27:20 2012,http://mail-archives.apache.org/mod_mbox/ctakes-commits/201209.mbox/<20120920202611.3B4572388B46@eris.apache.org>,chenpei
Thu Sep 20 20:27:20 2012,http://mail-archives.apache.org/mod_mbox/ctakes-commits/201209.mbox/<20120920202611.3B4572388B46@eris.apache.org>,chenpei
Thu Sep 20 20:27:20 2012,http://mail-archives.apache.org/mod_mbox/ctakes-commits/201209.mbox/<20120920202611.3B4572388B46@eris.apache.org>,chenpei
Thu Sep 20 20:27:20 2012,http://mail-archives.apache.org/mod_mbox/ctakes-commits/201209.mbox/<20120920202611.3B4572388B46@eris.apache.org>,chenpei
Thu Sep 20 20:27:20 2012,http://mail-archives.apache.org/mod_mbox/ctakes-commits/201209.mbox/<20120920202611.3B4572388B46@eris.apache.org>,chenpei
Thu Sep 20 20:27:20 2012,http://mail-archives.apache.org/mod_mbox/ctakes-commits/201209.mbox/<20120920202611.3B4572388B46@eris.apache.org>,chenpei
Thu Sep 20 20:27:20 2012,http://mail-archives.apache.org/mod_mbox/ctakes-commits/201209.mbox/<20120920202611.3B4572388B46@eris.apache.org>,chenpei
Thu Sep 20 20:27:20 2012,http://mail-archives.apache.org/mod_mbox/ctakes-commits/201209.mbox/<20120920202611.3B4572388B46@eris.apache.org>,chenpei
Thu Sep 20 20:27:20 2012,http://mail-archives.apache.org/mod_mbox/ctakes-commits/201209.mbox/<20120920202611.3B4572388B46@eris.apache.org>,chenpei
Thu Sep 20 20:27:20 2012,http://mail-archives.apache.org/mod_mbox/ctakes-commits/201209.mbox/<20120920202611.3B4572388B46@eris.apache.org>,chenpei
Thu Sep 20 20:27:20 2012,http://mail-archives.apache.org/mod_mbox/ctakes-commits/201209.mbox/<20120920202611.3B4572388B46@eris.apache.org>,chenpei
Thu Sep 20 20:27:20 2012,http://mail-archives.apache.org/mod_mbox/ctakes-commits/201209.mbox/<20120920202611.3B4572388B46@eris.apache.org>,chenpei
Thu Sep 20 20:27:20 2012,http://mail-archives.apache.org/mod_mbox/ctakes-commits/201209.mbox/<20120920202611.3B4572388B46@eris.apache.org>,chenpei
Thu Sep 20 20:27:20 2012,http://mail-archives.apache.org/mod_mbox/ctakes-commits/201209.mbox/<20120920202611.3B4572388B46@eris.apache.org>,chenpei
Thu Sep 20 20:27:20 2012,http://mail-archives.apache.org/mod_mbox/ctakes-commits/201209.mbox/<20120920202611.3B4572388B46@eris.apache.org>,chenpei
Thu Sep 20 20:27:20 2012,http://mail-archives.apache.org/mod_mbox/ctakes-commits/201209.mbox/<20120920202611.3B4572388B46@eris.apache.org>,chenpei
Thu Sep 20 20:27:20 2012,http://mail-archives.apache.org/mod_mbox/ctakes-commits/201209.mbox/<20120920202611.3B4572388B46@eris.apache.org>,chenpei
Thu Sep 20 20:27:20 2012,http://mail-archives.apache.org/mod_mbox/ctakes-commits/201209.mbox/<20120920202611.3B4572388B46@eris.apache.org>,chenpei
Thu Sep 20 20:27:20 2012,http://mail-archives.apache.org/mod_mbox/ctakes-commits/201209.mbox/<20120920202611.3B4572388B46@eris.apache.org>,chenpei
Thu Sep 20 20:27:20 2012,http://mail-archives.apache.org/mod_mbox/ctakes-commits/201209.mbox/<20120920202611.3B4572388B46@eris.apache.org>,chenpei
Thu Sep 20 20:27:20 2012,http://mail-archives.apache.org/mod_mbox/ctakes-commits/201209.mbox/<20120920202611.3B4572388B46@eris.apache.org>,chenpei
Thu Sep 20 20:27:20 2012,http://mail-archives.apache.org/mod_mbox/ctakes-commits/201209.mbox/<20120920202611.3B4572388B46@eris.apache.org>,chenpei
Thu Sep 20 20:27:20 2012,http://mail-archives.apache.org/mod_mbox/ctakes-commits/201209.mbox/<20120920202611.3B4572388B46@eris.apache.org>,chenpei
Thu Sep 20 20:27:20 2012,http://mail-archives.apache.org/mod_mbox/ctakes-commits/201209.mbox/<20120920202611.3B4572388B46@eris.apache.org>,chenpei
Thu Sep 20 20:27:20 2012,http://mail-archives.apache.org/mod_mbox/ctakes-commits/201209.mbox/<20120920202611.3B4572388B46@eris.apache.org>,chenpei
Thu Sep 20 20:27:20 2012,http://mail-archives.apache.org/mod_mbox/ctakes-commits/201209.mbox/<20120920202611.3B4572388B46@eris.apache.org>,chenpei
Thu Sep 20 20:27:20 2012,http://mail-archives.apache.org/mod_mbox/ctakes-commits/201209.mbox/<20120920202611.3B4572388B46@eris.apache.org>,chenpei
Thu Sep 20 20:27:20 2012,http://mail-archives.apache.org/mod_mbox/ctakes-commits/201209.mbox/<20120920202611.3B4572388B46@eris.apache.org>,chenpei
Thu Sep 20 20:27:20 2012,http://mail-archives.apache.org/mod_mbox/ctakes-commits/201209.mbox/<20120920202611.3B4572388B46@eris.apache.org>,chenpei
Thu Sep 20 20:27:30 2012,http://mail-archives.apache.org/mod_mbox/ctakes-commits/201209.mbox/<20120920202611.3E1BA2388B75@eris.apache.org>,chenpei
Thu Sep 20 20:27:30 2012,http://mail-archives.apache.org/mod_mbox/ctakes-commits/201209.mbox/<20120920202611.3E1BA2388B75@eris.apache.org>,chenpei
Thu Sep 20 20:27:30 2012,http://mail-archives.apache.org/mod_mbox/ctakes-commits/201209.mbox/<20120920202611.3E1BA2388B75@eris.apache.org>,chenpei
Thu Sep 20 20:27:30 2012,http://mail-archives.apache.org/mod_mbox/ctakes-commits/201209.mbox/<20120920202611.3E1BA2388B75@eris.apache.org>,chenpei
Thu Sep 20 20:27:30 2012,http://mail-archives.apache.org/mod_mbox/ctakes-commits/201209.mbox/<20120920202611.3E1BA2388B75@eris.apache.org>,chenpei
Thu Sep 20 20:27:30 2012,http://mail-archives.apache.org/mod_mbox/ctakes-commits/201209.mbox/<20120920202611.3E1BA2388B75@eris.apache.org>,chenpei
Thu Sep 20 20:27:30 2012,http://mail-archives.apache.org/mod_mbox/ctakes-commits/201209.mbox/<20120920202611.3E1BA2388B75@eris.apache.org>,chenpei
Thu Sep 20 20:27:30 2012,http://mail-archives.apache.org/mod_mbox/ctakes-commits/201209.mbox/<20120920202611.3E1BA2388B75@eris.apache.org>,chenpei
Thu Sep 20 20:27:30 2012,http://mail-archives.apache.org/mod_mbox/ctakes-commits/201209.mbox/<20120920202611.3E1BA2388B75@eris.apache.org>,chenpei
Thu Sep 20 20:27:30 2012,http://mail-archives.apache.org/mod_mbox/ctakes-commits/201209.mbox/<20120920202611.3E1BA2388B75@eris.apache.org>,chenpei
Thu Sep 20 20:27:30 2012,http://mail-archives.apache.org/mod_mbox/ctakes-commits/201209.mbox/<20120920202611.3E1BA2388B75@eris.apache.org>,chenpei
Thu Sep 20 20:27:30 2012,http://mail-archives.apache.org/mod_mbox/ctakes-commits/201209.mbox/<20120920202611.3E1BA2388B75@eris.apache.org>,chenpei
Thu Sep 20 20:27:30 2012,http://mail-archives.apache.org/mod_mbox/ctakes-commits/201209.mbox/<20120920202611.3E1BA2388B75@eris.apache.org>,chenpei
Thu Sep 20 20:27:30 2012,http://mail-archives.apache.org/mod_mbox/ctakes-commits/201209.mbox/<20120920202611.3E1BA2388B75@eris.apache.org>,chenpei
Thu Sep 20 20:27:30 2012,http://mail-archives.apache.org/mod_mbox/ctakes-commits/201209.mbox/<20120920202611.3E1BA2388B75@eris.apache.org>,chenpei
Thu Sep 20 20:27:30 2012,http://mail-archives.apache.org/mod_mbox/ctakes-commits/201209.mbox/<20120920202611.3E1BA2388B75@eris.apache.org>,chenpei
Thu Sep 20 20:27:30 2012,http://mail-archives.apache.org/mod_mbox/ctakes-commits/201209.mbox/<20120920202611.3E1BA2388B75@eris.apache.org>,chenpei
Thu Sep 20 20:27:30 2012,http://mail-archives.apache.org/mod_mbox/ctakes-commits/201209.mbox/<20120920202611.3E1BA2388B75@eris.apache.org>,chenpei
Thu Sep 20 20:27:30 2012,http://mail-archives.apache.org/mod_mbox/ctakes-commits/201209.mbox/<20120920202611.3E1BA2388B75@eris.apache.org>,chenpei
Thu Sep 20 20:27:30 2012,http://mail-archives.apache.org/mod_mbox/ctakes-commits/201209.mbox/<20120920202611.3E1BA2388B75@eris.apache.org>,chenpei
Thu Sep 20 20:27:30 2012,http://mail-archives.apache.org/mod_mbox/ctakes-commits/201209.mbox/<20120920202611.3E1BA2388B75@eris.apache.org>,chenpei
Thu Sep 20 20:27:30 2012,http://mail-archives.apache.org/mod_mbox/ctakes-commits/201209.mbox/<20120920202611.3E1BA2388B75@eris.apache.org>,chenpei
Thu Sep 20 20:27:30 2012,http://mail-archives.apache.org/mod_mbox/ctakes-commits/201209.mbox/<20120920202611.3E1BA2388B75@eris.apache.org>,chenpei
Thu Sep 20 20:27:30 2012,http://mail-archives.apache.org/mod_mbox/ctakes-commits/201209.mbox/<20120920202611.3E1BA2388B75@eris.apache.org>,chenpei
Thu Sep 20 20:27:30 2012,http://mail-archives.apache.org/mod_mbox/ctakes-commits/201209.mbox/<20120920202611.3E1BA2388B75@eris.apache.org>,chenpei
Thu Sep 20 20:27:30 2012,http://mail-archives.apache.org/mod_mbox/ctakes-commits/201209.mbox/<20120920202611.3E1BA2388B75@eris.apache.org>,chenpei
Thu Sep 20 20:27:30 2012,http://mail-archives.apache.org/mod_mbox/ctakes-commits/201209.mbox/<20120920202611.3E1BA2388B75@eris.apache.org>,chenpei
Thu Sep 20 20:27:30 2012,http://mail-archives.apache.org/mod_mbox/ctakes-commits/201209.mbox/<20120920202611.3E1BA2388B75@eris.apache.org>,chenpei
Thu Sep 20 20:27:30 2012,http://mail-archives.apache.org/mod_mbox/ctakes-commits/201209.mbox/<20120920202611.3E1BA2388B75@eris.apache.org>,chenpei
Thu Sep 20 20:27:30 2012,http://mail-archives.apache.org/mod_mbox/ctakes-commits/201209.mbox/<20120920202611.3E1BA2388B75@eris.apache.org>,chenpei
Thu Sep 20 20:27:30 2012,http://mail-archives.apache.org/mod_mbox/ctakes-commits/201209.mbox/<20120920202611.3E1BA2388B75@eris.apache.org>,chenpei
Thu Sep 20 20:27:30 2012,http://mail-archives.apache.org/mod_mbox/ctakes-commits/201209.mbox/<20120920202611.3E1BA2388B75@eris.apache.org>,chenpei
Thu Sep 20 20:27:30 2012,http://mail-archives.apache.org/mod_mbox/ctakes-commits/201209.mbox/<20120920202611.3E1BA2388B75@eris.apache.org>,chenpei
Thu Sep 20 20:27:36 2012,http://mail-archives.apache.org/mod_mbox/ctakes-commits/201209.mbox/<20120920202611.31FEB2388AAA@eris.apache.org>,chenpei
Thu Sep 20 20:27:36 2012,http://mail-archives.apache.org/mod_mbox/ctakes-commits/201209.mbox/<20120920202611.408F22388C2D@eris.apache.org>,chenpei
Thu Sep 20 20:27:36 2012,http://mail-archives.apache.org/mod_mbox/ctakes-commits/201209.mbox/<20120920202611.408F22388C2D@eris.apache.org>,chenpei
Thu Sep 20 20:27:36 2012,http://mail-archives.apache.org/mod_mbox/ctakes-commits/201209.mbox/<20120920202611.408F22388C2D@eris.apache.org>,chenpei
Thu Sep 20 20:27:36 2012,http://mail-archives.apache.org/mod_mbox/ctakes-commits/201209.mbox/<20120920202611.408F22388C2D@eris.apache.org>,chenpei
Thu Sep 20 20:27:36 2012,http://mail-archives.apache.org/mod_mbox/ctakes-commits/201209.mbox/<20120920202611.408F22388C2D@eris.apache.org>,chenpei
Thu Sep 20 20:27:36 2012,http://mail-archives.apache.org/mod_mbox/ctakes-commits/201209.mbox/<20120920202611.408F22388C2D@eris.apache.org>,chenpei
Thu Sep 20 20:27:36 2012,http://mail-archives.apache.org/mod_mbox/ctakes-commits/201209.mbox/<20120920202611.408F22388C2D@eris.apache.org>,chenpei
Thu Sep 20 20:27:36 2012,http://mail-archives.apache.org/mod_mbox/ctakes-commits/201209.mbox/<20120920202611.408F22388C2D@eris.apache.org>,chenpei
Thu Sep 20 20:27:36 2012,http://mail-archives.apache.org/mod_mbox/ctakes-commits/201209.mbox/<20120920202611.408F22388C2D@eris.apache.org>,chenpei
Thu Sep 20 20:27:36 2012,http://mail-archives.apache.org/mod_mbox/ctakes-commits/201209.mbox/<20120920202611.408F22388C2D@eris.apache.org>,chenpei
Thu Sep 20 20:27:36 2012,http://mail-archives.apache.org/mod_mbox/ctakes-commits/201209.mbox/<20120920202611.408F22388C2D@eris.apache.org>,chenpei
Thu Sep 20 20:27:36 2012,http://mail-archives.apache.org/mod_mbox/ctakes-commits/201209.mbox/<20120920202611.408F22388C2D@eris.apache.org>,chenpei
Thu Sep 20 20:27:36 2012,http://mail-archives.apache.org/mod_mbox/ctakes-commits/201209.mbox/<20120920202611.408F22388C2D@eris.apache.org>,chenpei
Thu Sep 20 20:27:36 2012,http://mail-archives.apache.org/mod_mbox/ctakes-commits/201209.mbox/<20120920202611.408F22388C2D@eris.apache.org>,chenpei
Thu Sep 20 20:27:36 2012,http://mail-archives.apache.org/mod_mbox/ctakes-commits/201209.mbox/<20120920202611.408F22388C2D@eris.apache.org>,chenpei
Thu Sep 20 20:27:37 2012,http://mail-archives.apache.org/mod_mbox/ctakes-commits/201209.mbox/<20120920202611.37F462388ACC@eris.apache.org>,chenpei
Thu Sep 20 20:27:37 2012,http://mail-archives.apache.org/mod_mbox/ctakes-commits/201209.mbox/<20120920202611.37F462388ACC@eris.apache.org>,chenpei
Thu Sep 20 20:27:37 2012,http://mail-archives.apache.org/mod_mbox/ctakes-commits/201209.mbox/<20120920202611.37F462388ACC@eris.apache.org>,chenpei
Thu Sep 20 20:27:37 2012,http://mail-archives.apache.org/mod_mbox/ctakes-commits/201209.mbox/<20120920202611.37F462388ACC@eris.apache.org>,chenpei
Thu Sep 20 20:27:37 2012,http://mail-archives.apache.org/mod_mbox/ctakes-commits/201209.mbox/<20120920202611.37F462388ACC@eris.apache.org>,chenpei
Thu Sep 20 20:27:37 2012,http://mail-archives.apache.org/mod_mbox/ctakes-commits/201209.mbox/<20120920202611.37F462388ACC@eris.apache.org>,chenpei
Thu Sep 20 20:27:37 2012,http://mail-archives.apache.org/mod_mbox/ctakes-commits/201209.mbox/<20120920202611.37F462388ACC@eris.apache.org>,chenpei
Thu Sep 20 20:27:37 2012,http://mail-archives.apache.org/mod_mbox/ctakes-commits/201209.mbox/<20120920202611.37F462388ACC@eris.apache.org>,chenpei
Thu Sep 20 20:27:37 2012,http://mail-archives.apache.org/mod_mbox/ctakes-commits/201209.mbox/<20120920202611.37F462388ACC@eris.apache.org>,chenpei
Thu Sep 20 20:27:37 2012,http://mail-archives.apache.org/mod_mbox/ctakes-commits/201209.mbox/<20120920202611.37F462388ACC@eris.apache.org>,chenpei
Thu Sep 20 20:27:37 2012,http://mail-archives.apache.org/mod_mbox/ctakes-commits/201209.mbox/<20120920202611.37F462388ACC@eris.apache.org>,chenpei
Thu Sep 20 20:27:37 2012,http://mail-archives.apache.org/mod_mbox/ctakes-commits/201209.mbox/<20120920202611.37F462388ACC@eris.apache.org>,chenpei
Thu Sep 20 20:27:37 2012,http://mail-archives.apache.org/mod_mbox/ctakes-commits/201209.mbox/<20120920202611.37F462388ACC@eris.apache.org>,chenpei
Thu Sep 20 20:27:37 2012,http://mail-archives.apache.org/mod_mbox/ctakes-commits/201209.mbox/<20120920202611.37F462388ACC@eris.apache.org>,chenpei
Thu Sep 20 20:27:37 2012,http://mail-archives.apache.org/mod_mbox/ctakes-commits/201209.mbox/<20120920202611.37F462388ACC@eris.apache.org>,chenpei
Thu Sep 20 20:27:37 2012,http://mail-archives.apache.org/mod_mbox/ctakes-commits/201209.mbox/<20120920202611.37F462388ACC@eris.apache.org>,chenpei
Thu Sep 20 20:27:37 2012,http://mail-archives.apache.org/mod_mbox/ctakes-commits/201209.mbox/<20120920202611.37F462388ACC@eris.apache.org>,chenpei
Thu Sep 20 20:27:37 2012,http://mail-archives.apache.org/mod_mbox/ctakes-commits/201209.mbox/<20120920202611.37F462388ACC@eris.apache.org>,chenpei
Thu Sep 20 20:27:37 2012,http://mail-archives.apache.org/mod_mbox/ctakes-commits/201209.mbox/<20120920202611.37F462388ACC@eris.apache.org>,chenpei
Thu Sep 20 20:27:37 2012,http://mail-archives.apache.org/mod_mbox/ctakes-commits/201209.mbox/<20120920202611.37F462388ACC@eris.apache.org>,chenpei
Thu Sep 20 20:27:37 2012,http://mail-archives.apache.org/mod_mbox/ctakes-commits/201209.mbox/<20120920202611.37F462388ACC@eris.apache.org>,chenpei
Thu Sep 20 20:27:37 2012,http://mail-archives.apache.org/mod_mbox/ctakes-commits/201209.mbox/<20120920202611.37F462388ACC@eris.apache.org>,chenpei
Thu Sep 20 20:27:37 2012,http://mail-archives.apache.org/mod_mbox/ctakes-commits/201209.mbox/<20120920202611.37F462388ACC@eris.apache.org>,chenpei
Thu Sep 20 20:27:37 2012,http://mail-archives.apache.org/mod_mbox/ctakes-commits/201209.mbox/<20120920202611.37F462388ACC@eris.apache.org>,chenpei
Thu Sep 20 20:27:37 2012,http://mail-archives.apache.org/mod_mbox/ctakes-commits/201209.mbox/<20120920202611.37F462388ACC@eris.apache.org>,chenpei
Thu Sep 20 20:27:37 2012,http://mail-archives.apache.org/mod_mbox/ctakes-commits/201209.mbox/<20120920202611.37F462388ACC@eris.apache.org>,chenpei
Thu Sep 20 20:27:37 2012,http://mail-archives.apache.org/mod_mbox/ctakes-commits/201209.mbox/<20120920202611.37F462388ACC@eris.apache.org>,chenpei
Thu Sep 20 20:27:37 2012,http://mail-archives.apache.org/mod_mbox/ctakes-commits/201209.mbox/<20120920202611.37F462388ACC@eris.apache.org>,chenpei
Thu Sep 20 20:27:37 2012,http://mail-archives.apache.org/mod_mbox/ctakes-commits/201209.mbox/<20120920202611.37F462388ACC@eris.apache.org>,chenpei
Thu Sep 20 20:27:37 2012,http://mail-archives.apache.org/mod_mbox/ctakes-commits/201209.mbox/<20120920202611.37F462388ACC@eris.apache.org>,chenpei
Thu Sep 20 20:27:37 2012,http://mail-archives.apache.org/mod_mbox/ctakes-commits/201209.mbox/<20120920202611.37F462388ACC@eris.apache.org>,chenpei
Thu Sep 20 20:27:37 2012,http://mail-archives.apache.org/mod_mbox/ctakes-commits/201209.mbox/<20120920202611.37F462388ACC@eris.apache.org>,chenpei
Thu Sep 20 20:27:37 2012,http://mail-archives.apache.org/mod_mbox/ctakes-commits/201209.mbox/<20120920202611.37F462388ACC@eris.apache.org>,chenpei
Thu Sep 20 20:27:37 2012,http://mail-archives.apache.org/mod_mbox/ctakes-commits/201209.mbox/<20120920202611.37F462388ACC@eris.apache.org>,chenpei
Thu Sep 20 20:27:37 2012,http://mail-archives.apache.org/mod_mbox/ctakes-commits/201209.mbox/<20120920202611.37F462388ACC@eris.apache.org>,chenpei
Thu Sep 20 20:27:37 2012,http://mail-archives.apache.org/mod_mbox/ctakes-commits/201209.mbox/<20120920202611.37F462388ACC@eris.apache.org>,chenpei
Thu Sep 20 20:27:37 2012,http://mail-archives.apache.org/mod_mbox/ctakes-commits/201209.mbox/<20120920202611.37F462388ACC@eris.apache.org>,chenpei
Thu Sep 20 20:27:37 2012,http://mail-archives.apache.org/mod_mbox/ctakes-commits/201209.mbox/<20120920202611.37F462388ACC@eris.apache.org>,chenpei
Thu Sep 20 20:27:37 2012,http://mail-archives.apache.org/mod_mbox/ctakes-commits/201209.mbox/<20120920202611.37F462388ACC@eris.apache.org>,chenpei
Thu Sep 20 20:27:37 2012,http://mail-archives.apache.org/mod_mbox/ctakes-commits/201209.mbox/<20120920202611.37F462388ACC@eris.apache.org>,chenpei
Thu Sep 20 20:27:37 2012,http://mail-archives.apache.org/mod_mbox/ctakes-commits/201209.mbox/<20120920202611.37F462388ACC@eris.apache.org>,chenpei
Thu Sep 20 20:27:37 2012,http://mail-archives.apache.org/mod_mbox/ctakes-commits/201209.mbox/<20120920202611.37F462388ACC@eris.apache.org>,chenpei
Thu Sep 20 20:27:37 2012,http://mail-archives.apache.org/mod_mbox/ctakes-commits/201209.mbox/<20120920202611.37F462388ACC@eris.apache.org>,chenpei
Thu Sep 20 20:27:37 2012,http://mail-archives.apache.org/mod_mbox/ctakes-commits/201209.mbox/<20120920202611.37F462388ACC@eris.apache.org>,chenpei
Thu Sep 20 20:27:37 2012,http://mail-archives.apache.org/mod_mbox/ctakes-commits/201209.mbox/<20120920202611.37F462388ACC@eris.apache.org>,chenpei
Thu Sep 20 20:27:37 2012,http://mail-archives.apache.org/mod_mbox/ctakes-commits/201209.mbox/<20120920202611.37F462388ACC@eris.apache.org>,chenpei
Thu Sep 20 20:27:37 2012,http://mail-archives.apache.org/mod_mbox/ctakes-commits/201209.mbox/<20120920202611.37F462388ACC@eris.apache.org>,chenpei
Thu Sep 20 20:27:37 2012,http://mail-archives.apache.org/mod_mbox/ctakes-commits/201209.mbox/<20120920202611.37F462388ACC@eris.apache.org>,chenpei
Thu Sep 20 20:27:37 2012,http://mail-archives.apache.org/mod_mbox/ctakes-commits/201209.mbox/<20120920202611.37F462388ACC@eris.apache.org>,chenpei
Thu Sep 20 20:27:37 2012,http://mail-archives.apache.org/mod_mbox/ctakes-commits/201209.mbox/<20120920202611.37F462388ACC@eris.apache.org>,chenpei
Thu Sep 20 20:27:37 2012,http://mail-archives.apache.org/mod_mbox/ctakes-commits/201209.mbox/<20120920202611.37F462388ACC@eris.apache.org>,chenpei
Thu Sep 20 20:27:37 2012,http://mail-archives.apache.org/mod_mbox/ctakes-commits/201209.mbox/<20120920202611.37F462388ACC@eris.apache.org>,chenpei
Thu Sep 20 20:27:37 2012,http://mail-archives.apache.org/mod_mbox/ctakes-commits/201209.mbox/<20120920202611.37F462388ACC@eris.apache.org>,chenpei
Thu Sep 20 20:27:37 2012,http://mail-archives.apache.org/mod_mbox/ctakes-commits/201209.mbox/<20120920202611.37F462388ACC@eris.apache.org>,chenpei
Thu Sep 20 20:27:37 2012,http://mail-archives.apache.org/mod_mbox/ctakes-commits/201209.mbox/<20120920202611.37F462388ACC@eris.apache.org>,chenpei
Thu Sep 20 20:47:22 2012,http://mail-archives.apache.org/mod_mbox/ctakes-commits/201209.mbox/<20120920204638.0D9B2238896F@eris.apache.org>,chenpei
Thu Sep 20 20:47:22 2012,http://mail-archives.apache.org/mod_mbox/ctakes-commits/201209.mbox/<20120920204638.0D9B2238896F@eris.apache.org>,chenpei
Thu Sep 20 20:47:22 2012,http://mail-archives.apache.org/mod_mbox/ctakes-commits/201209.mbox/<20120920204638.0D9B2238896F@eris.apache.org>,chenpei
Thu Sep 20 20:47:22 2012,http://mail-archives.apache.org/mod_mbox/ctakes-commits/201209.mbox/<20120920204638.0D9B2238896F@eris.apache.org>,chenpei
Tue Sep 18 14:15:11 2012,http://mail-archives.apache.org/mod_mbox/ctakes-commits/201209.mbox/<20120918141426.31B3223888E4@eris.apache.org>,chenpei
Tue Sep 18 14:19:59 2012,http://mail-archives.apache.org/mod_mbox/ctakes-commits/201209.mbox/<20120918141914.E6AF623888E4@eris.apache.org>,chenpei
Tue Sep 18 14:26:56 2012,http://mail-archives.apache.org/mod_mbox/ctakes-commits/201209.mbox/<20120918142612.D194A2388A6C@eris.apache.org>,chenpei
Tue Sep 18 14:44:08 2012,http://mail-archives.apache.org/mod_mbox/ctakes-commits/201209.mbox/<20120918144324.0C140238890B@eris.apache.org>,chenpei
Tue Sep 18 14:44:08 2012,http://mail-archives.apache.org/mod_mbox/ctakes-commits/201209.mbox/<20120918144324.0C140238890B@eris.apache.org>,chenpei
Tue Sep 18 14:45:44 2012,http://mail-archives.apache.org/mod_mbox/ctakes-commits/201209.mbox/<20120918144500.1BCF223888E3@eris.apache.org>,chenpei
Tue Sep 18 14:45:44 2012,http://mail-archives.apache.org/mod_mbox/ctakes-commits/201209.mbox/<20120918144500.1BCF223888E3@eris.apache.org>,chenpei
Tue Sep 18 14:50:08 2012,http://mail-archives.apache.org/mod_mbox/ctakes-commits/201209.mbox/<20120918144924.612C823888E3@eris.apache.org>,chenpei
Tue Sep 18 14:50:08 2012,http://mail-archives.apache.org/mod_mbox/ctakes-commits/201209.mbox/<20120918144924.612C823888E3@eris.apache.org>,chenpei
Tue Sep 18 14:53:20 2012,http://mail-archives.apache.org/mod_mbox/ctakes-commits/201209.mbox/<20120918145234.678C2238899C@eris.apache.org>,chenpei
Tue Sep 18 14:54:10 2012,http://mail-archives.apache.org/mod_mbox/ctakes-commits/201209.mbox/<20120918145326.7A72423888FE@eris.apache.org>,chenpei
Tue Sep 18 14:58:56 2012,http://mail-archives.apache.org/mod_mbox/ctakes-commits/201209.mbox/<20120918145812.2723123888CD@eris.apache.org>,chenpei
Tue Sep 18 14:58:56 2012,http://mail-archives.apache.org/mod_mbox/ctakes-commits/201209.mbox/<20120918145812.2723123888CD@eris.apache.org>,chenpei
Tue Sep 18 16:06:01 2012,http://mail-archives.apache.org/mod_mbox/ctakes-commits/201209.mbox/<20120918160447.B8F5D23888EA@eris.apache.org>,chenpei
Tue Sep 18 16:06:15 2012,http://mail-archives.apache.org/mod_mbox/ctakes-commits/201209.mbox/<20120918160531.CA08523888CD@eris.apache.org>,chenpei
Tue Sep 18 16:59:44 2012,http://mail-archives.apache.org/mod_mbox/ctakes-commits/201209.mbox/<20120918165858.0709723889D7@eris.apache.org>,chenpei
Tue Sep 18 17:05:55 2012,http://mail-archives.apache.org/mod_mbox/ctakes-commits/201209.mbox/<20120918170509.E17FB23889C5@eris.apache.org>,chenpei
Tue Sep 18 17:05:55 2012,http://mail-archives.apache.org/mod_mbox/ctakes-commits/201209.mbox/<20120918170509.E17FB23889C5@eris.apache.org>,chenpei
Tue Sep 18 17:08:15 2012,http://mail-archives.apache.org/mod_mbox/ctakes-commits/201209.mbox/<20120918170729.BDC0F23889C5@eris.apache.org>,chenpei
Tue Sep 18 17:13:47 2012,http://mail-archives.apache.org/mod_mbox/ctakes-commits/201209.mbox/<20120918171303.2AC0C23888E4@eris.apache.org>,chenpei
Tue Sep 18 17:16:18 2012,http://mail-archives.apache.org/mod_mbox/ctakes-commits/201209.mbox/<20120918171532.7557E23888E4@eris.apache.org>,chenpei
Tue Sep 18 18:01:28 2012,http://mail-archives.apache.org/mod_mbox/ctakes-commits/201209.mbox/<20120918180042.4987C2388A56@eris.apache.org>,chenpei
Tue Sep 18 18:01:52 2012,http://mail-archives.apache.org/mod_mbox/ctakes-commits/201209.mbox/<20120918180108.9101923888FE@eris.apache.org>,chenpei
Tue Sep 18 18:02:17 2012,http://mail-archives.apache.org/mod_mbox/ctakes-commits/201209.mbox/<20120918180134.1367423889D7@eris.apache.org>,chenpei
Tue Sep 18 18:03:10 2012,http://mail-archives.apache.org/mod_mbox/ctakes-commits/201209.mbox/<20120918180225.2784223888FE@eris.apache.org>,chenpei
Tue Sep 18 18:03:34 2012,http://mail-archives.apache.org/mod_mbox/ctakes-commits/201209.mbox/<20120918180250.A7CC223889D7@eris.apache.org>,chenpei
Tue Sep 18 18:03:59 2012,http://mail-archives.apache.org/mod_mbox/ctakes-commits/201209.mbox/<20120918180314.004EF2388A40@eris.apache.org>,chenpei
Tue Sep 18 18:10:15 2012,http://mail-archives.apache.org/mod_mbox/ctakes-commits/201209.mbox/<20120918180924.A094723889D7@eris.apache.org>,chenpei
Tue Sep 18 18:10:15 2012,http://mail-archives.apache.org/mod_mbox/ctakes-commits/201209.mbox/<20120918180924.A094723889D7@eris.apache.org>,chenpei
Tue Sep 18 18:10:15 2012,http://mail-archives.apache.org/mod_mbox/ctakes-commits/201209.mbox/<20120918180924.A094723889D7@eris.apache.org>,chenpei
Tue Sep 18 18:10:15 2012,http://mail-archives.apache.org/mod_mbox/ctakes-commits/201209.mbox/<20120918180924.A094723889D7@eris.apache.org>,chenpei
Tue Sep 18 18:10:15 2012,http://mail-archives.apache.org/mod_mbox/ctakes-commits/201209.mbox/<20120918180924.A094723889D7@eris.apache.org>,chenpei
Tue Sep 18 18:10:15 2012,http://mail-archives.apache.org/mod_mbox/ctakes-commits/201209.mbox/<20120918180924.A094723889D7@eris.apache.org>,chenpei
Tue Sep 18 18:10:15 2012,http://mail-archives.apache.org/mod_mbox/ctakes-commits/201209.mbox/<20120918180924.A094723889D7@eris.apache.org>,chenpei
Tue Sep 18 18:10:15 2012,http://mail-archives.apache.org/mod_mbox/ctakes-commits/201209.mbox/<20120918180924.A094723889D7@eris.apache.org>,chenpei
Tue Sep 18 18:10:15 2012,http://mail-archives.apache.org/mod_mbox/ctakes-commits/201209.mbox/<20120918180924.A094723889D7@eris.apache.org>,chenpei
Tue Sep 18 18:10:15 2012,http://mail-archives.apache.org/mod_mbox/ctakes-commits/201209.mbox/<20120918180924.A094723889D7@eris.apache.org>,chenpei
Tue Sep 18 18:10:15 2012,http://mail-archives.apache.org/mod_mbox/ctakes-commits/201209.mbox/<20120918180924.A094723889D7@eris.apache.org>,chenpei
Tue Sep 18 18:10:15 2012,http://mail-archives.apache.org/mod_mbox/ctakes-commits/201209.mbox/<20120918180924.A094723889D7@eris.apache.org>,chenpei
Tue Sep 18 18:10:15 2012,http://mail-archives.apache.org/mod_mbox/ctakes-commits/201209.mbox/<20120918180924.A094723889D7@eris.apache.org>,chenpei
Tue Sep 18 18:10:15 2012,http://mail-archives.apache.org/mod_mbox/ctakes-commits/201209.mbox/<20120918180924.A094723889D7@eris.apache.org>,chenpei
Tue Sep 18 18:10:15 2012,http://mail-archives.apache.org/mod_mbox/ctakes-commits/201209.mbox/<20120918180924.A094723889D7@eris.apache.org>,chenpei
Tue Sep 18 18:10:15 2012,http://mail-archives.apache.org/mod_mbox/ctakes-commits/201209.mbox/<20120918180924.A094723889D7@eris.apache.org>,chenpei
Tue Sep 18 18:10:15 2012,http://mail-archives.apache.org/mod_mbox/ctakes-commits/201209.mbox/<20120918180924.A094723889D7@eris.apache.org>,chenpei
Tue Sep 18 18:10:15 2012,http://mail-archives.apache.org/mod_mbox/ctakes-commits/201209.mbox/<20120918180924.A094723889D7@eris.apache.org>,chenpei
Tue Sep 18 18:10:15 2012,http://mail-archives.apache.org/mod_mbox/ctakes-commits/201209.mbox/<20120918180924.A094723889D7@eris.apache.org>,chenpei
Tue Sep 18 18:10:15 2012,http://mail-archives.apache.org/mod_mbox/ctakes-commits/201209.mbox/<20120918180924.A094723889D7@eris.apache.org>,chenpei
Tue Sep 18 18:10:15 2012,http://mail-archives.apache.org/mod_mbox/ctakes-commits/201209.mbox/<20120918180924.A094723889D7@eris.apache.org>,chenpei
Tue Sep 18 18:10:15 2012,http://mail-archives.apache.org/mod_mbox/ctakes-commits/201209.mbox/<20120918180924.A094723889D7@eris.apache.org>,chenpei
Tue Sep 18 18:10:15 2012,http://mail-archives.apache.org/mod_mbox/ctakes-commits/201209.mbox/<20120918180924.A094723889D7@eris.apache.org>,chenpei
Tue Sep 18 18:11:28 2012,http://mail-archives.apache.org/mod_mbox/ctakes-commits/201209.mbox/<20120918181044.1C17623888FE@eris.apache.org>,chenpei
Tue Sep 18 18:13:01 2012,http://mail-archives.apache.org/mod_mbox/ctakes-commits/201209.mbox/<20120918181215.9E3EB23888FE@eris.apache.org>,chenpei
Tue Sep 18 18:13:01 2012,http://mail-archives.apache.org/mod_mbox/ctakes-commits/201209.mbox/<20120918181215.9E3EB23888FE@eris.apache.org>,chenpei
Tue Sep 18 18:13:01 2012,http://mail-archives.apache.org/mod_mbox/ctakes-commits/201209.mbox/<20120918181215.9E3EB23888FE@eris.apache.org>,chenpei
Tue Sep 18 18:13:01 2012,http://mail-archives.apache.org/mod_mbox/ctakes-commits/201209.mbox/<20120918181215.9E3EB23888FE@eris.apache.org>,chenpei
Tue Sep 18 18:13:01 2012,http://mail-archives.apache.org/mod_mbox/ctakes-commits/201209.mbox/<20120918181215.9E3EB23888FE@eris.apache.org>,chenpei
Tue Sep 18 18:13:01 2012,http://mail-archives.apache.org/mod_mbox/ctakes-commits/201209.mbox/<20120918181215.9E3EB23888FE@eris.apache.org>,chenpei
Tue Sep 18 18:13:01 2012,http://mail-archives.apache.org/mod_mbox/ctakes-commits/201209.mbox/<20120918181215.9E3EB23888FE@eris.apache.org>,chenpei
Tue Sep 18 18:13:01 2012,http://mail-archives.apache.org/mod_mbox/ctakes-commits/201209.mbox/<20120918181215.9E3EB23888FE@eris.apache.org>,chenpei
Tue Sep 18 18:13:01 2012,http://mail-archives.apache.org/mod_mbox/ctakes-commits/201209.mbox/<20120918181215.9E3EB23888FE@eris.apache.org>,chenpei
Tue Sep 18 18:13:01 2012,http://mail-archives.apache.org/mod_mbox/ctakes-commits/201209.mbox/<20120918181215.9E3EB23888FE@eris.apache.org>,chenpei
Tue Sep 18 18:13:01 2012,http://mail-archives.apache.org/mod_mbox/ctakes-commits/201209.mbox/<20120918181215.9E3EB23888FE@eris.apache.org>,chenpei
Tue Sep 18 18:13:01 2012,http://mail-archives.apache.org/mod_mbox/ctakes-commits/201209.mbox/<20120918181215.9E3EB23888FE@eris.apache.org>,chenpei
Tue Sep 18 18:13:01 2012,http://mail-archives.apache.org/mod_mbox/ctakes-commits/201209.mbox/<20120918181215.9E3EB23888FE@eris.apache.org>,chenpei
Tue Sep 18 18:13:01 2012,http://mail-archives.apache.org/mod_mbox/ctakes-commits/201209.mbox/<20120918181215.9E3EB23888FE@eris.apache.org>,chenpei
Tue Sep 18 18:16:33 2012,http://mail-archives.apache.org/mod_mbox/ctakes-commits/201209.mbox/<20120918181548.AF7462388A40@eris.apache.org>,chenpei
Tue Sep 18 18:22:43 2012,http://mail-archives.apache.org/mod_mbox/ctakes-commits/201209.mbox/<20120918182155.3AC6623888FE@eris.apache.org>,chenpei
Tue Sep 18 18:26:09 2012,http://mail-archives.apache.org/mod_mbox/ctakes-commits/201209.mbox/<20120918182523.7D3EB23889E2@eris.apache.org>,chenpei
Tue Sep 18 21:28:53 2012,http://mail-archives.apache.org/mod_mbox/ctakes-commits/201209.mbox/<20120918212801.DDA67238890B@eris.apache.org>,chenpei
Tue Sep 18 21:28:53 2012,http://mail-archives.apache.org/mod_mbox/ctakes-commits/201209.mbox/<20120918212801.DDA67238890B@eris.apache.org>,chenpei
Tue Sep 18 21:28:53 2012,http://mail-archives.apache.org/mod_mbox/ctakes-commits/201209.mbox/<20120918212801.DDA67238890B@eris.apache.org>,chenpei
Tue Sep 18 21:28:53 2012,http://mail-archives.apache.org/mod_mbox/ctakes-commits/201209.mbox/<20120918212801.DDA67238890B@eris.apache.org>,chenpei
Tue Sep 18 21:28:53 2012,http://mail-archives.apache.org/mod_mbox/ctakes-commits/201209.mbox/<20120918212801.DDA67238890B@eris.apache.org>,chenpei
Tue Sep 18 21:28:53 2012,http://mail-archives.apache.org/mod_mbox/ctakes-commits/201209.mbox/<20120918212801.DDA67238890B@eris.apache.org>,chenpei
Tue Sep 18 21:28:53 2012,http://mail-archives.apache.org/mod_mbox/ctakes-commits/201209.mbox/<20120918212801.DDA67238890B@eris.apache.org>,chenpei
Tue Sep 18 21:28:53 2012,http://mail-archives.apache.org/mod_mbox/ctakes-commits/201209.mbox/<20120918212801.DDA67238890B@eris.apache.org>,chenpei
Tue Sep 18 21:28:53 2012,http://mail-archives.apache.org/mod_mbox/ctakes-commits/201209.mbox/<20120918212801.DDA67238890B@eris.apache.org>,chenpei
Tue Sep 18 21:28:53 2012,http://mail-archives.apache.org/mod_mbox/ctakes-commits/201209.mbox/<20120918212801.DDA67238890B@eris.apache.org>,chenpei
Tue Sep 18 21:28:53 2012,http://mail-archives.apache.org/mod_mbox/ctakes-commits/201209.mbox/<20120918212801.DDA67238890B@eris.apache.org>,chenpei
Tue Sep 18 21:28:53 2012,http://mail-archives.apache.org/mod_mbox/ctakes-commits/201209.mbox/<20120918212801.DDA67238890B@eris.apache.org>,chenpei
Tue Sep 18 21:28:53 2012,http://mail-archives.apache.org/mod_mbox/ctakes-commits/201209.mbox/<20120918212801.DDA67238890B@eris.apache.org>,chenpei
Tue Sep 18 21:28:53 2012,http://mail-archives.apache.org/mod_mbox/ctakes-commits/201209.mbox/<20120918212801.DDA67238890B@eris.apache.org>,chenpei
Tue Sep 18 21:28:53 2012,http://mail-archives.apache.org/mod_mbox/ctakes-commits/201209.mbox/<20120918212801.DDA67238890B@eris.apache.org>,chenpei
Tue Sep 18 21:28:53 2012,http://mail-archives.apache.org/mod_mbox/ctakes-commits/201209.mbox/<20120918212801.DDA67238890B@eris.apache.org>,chenpei
Tue Sep 18 21:28:53 2012,http://mail-archives.apache.org/mod_mbox/ctakes-commits/201209.mbox/<20120918212801.DDA67238890B@eris.apache.org>,chenpei
Tue Sep 18 21:28:53 2012,http://mail-archives.apache.org/mod_mbox/ctakes-commits/201209.mbox/<20120918212801.DDA67238890B@eris.apache.org>,chenpei
Tue Sep 18 21:28:53 2012,http://mail-archives.apache.org/mod_mbox/ctakes-commits/201209.mbox/<20120918212801.DDA67238890B@eris.apache.org>,chenpei
Tue Sep 18 21:28:53 2012,http://mail-archives.apache.org/mod_mbox/ctakes-commits/201209.mbox/<20120918212801.DDA67238890B@eris.apache.org>,chenpei
Tue Sep 18 21:28:53 2012,http://mail-archives.apache.org/mod_mbox/ctakes-commits/201209.mbox/<20120918212801.DDA67238890B@eris.apache.org>,chenpei
Tue Sep 18 21:28:53 2012,http://mail-archives.apache.org/mod_mbox/ctakes-commits/201209.mbox/<20120918212801.DDA67238890B@eris.apache.org>,chenpei
Tue Sep 18 21:28:53 2012,http://mail-archives.apache.org/mod_mbox/ctakes-commits/201209.mbox/<20120918212801.DDA67238890B@eris.apache.org>,chenpei
Tue Sep 18 21:28:53 2012,http://mail-archives.apache.org/mod_mbox/ctakes-commits/201209.mbox/<20120918212801.DDA67238890B@eris.apache.org>,chenpei
Tue Sep 18 21:28:53 2012,http://mail-archives.apache.org/mod_mbox/ctakes-commits/201209.mbox/<20120918212801.DDA67238890B@eris.apache.org>,chenpei
Tue Sep 18 21:28:53 2012,http://mail-archives.apache.org/mod_mbox/ctakes-commits/201209.mbox/<20120918212801.DDA67238890B@eris.apache.org>,chenpei
Tue Sep 18 21:28:53 2012,http://mail-archives.apache.org/mod_mbox/ctakes-commits/201209.mbox/<20120918212801.DDA67238890B@eris.apache.org>,chenpei
Tue Sep 18 21:28:53 2012,http://mail-archives.apache.org/mod_mbox/ctakes-commits/201209.mbox/<20120918212801.DDA67238890B@eris.apache.org>,chenpei
Tue Sep 18 21:28:53 2012,http://mail-archives.apache.org/mod_mbox/ctakes-commits/201209.mbox/<20120918212801.DDA67238890B@eris.apache.org>,chenpei
Tue Sep 18 21:28:53 2012,http://mail-archives.apache.org/mod_mbox/ctakes-commits/201209.mbox/<20120918212801.DDA67238890B@eris.apache.org>,chenpei
Tue Sep 18 21:31:54 2012,http://mail-archives.apache.org/mod_mbox/ctakes-commits/201209.mbox/<20120918213108.64049238890B@eris.apache.org>,chenpei
Tue Sep 18 21:44:31 2012,http://mail-archives.apache.org/mod_mbox/ctakes-commits/201209.mbox/<20120918214347.7179D23888FE@eris.apache.org>,chenpei
Tue Sep 18 21:44:42 2012,http://mail-archives.apache.org/mod_mbox/ctakes-commits/201209.mbox/<20120918214356.0E7172388A66@eris.apache.org>,chenpei
Tue Sep 25 15:08:01 2012,http://mail-archives.apache.org/mod_mbox/ctakes-commits/201209.mbox/<20120925150715.07E7C23888EA@eris.apache.org>,chenpei
Tue Sep 25 15:08:01 2012,http://mail-archives.apache.org/mod_mbox/ctakes-commits/201209.mbox/<20120925150715.07E7C23888EA@eris.apache.org>,chenpei
Tue Sep 25 15:08:31 2012,http://mail-archives.apache.org/mod_mbox/ctakes-commits/201209.mbox/<20120925150746.C349F2388A5B@eris.apache.org>,chenpei
Tue Sep 25 15:08:31 2012,http://mail-archives.apache.org/mod_mbox/ctakes-commits/201209.mbox/<20120925150746.C349F2388A5B@eris.apache.org>,chenpei
Tue Sep 25 21:07:08 2012,http://mail-archives.apache.org/mod_mbox/ctakes-commits/201209.mbox/<20120925210622.43CF223888E3@eris.apache.org>,chenpei
Tue Sep 25 21:07:08 2012,http://mail-archives.apache.org/mod_mbox/ctakes-commits/201209.mbox/<20120925210622.43CF223888E3@eris.apache.org>,chenpei
Tue Sep 25 21:07:08 2012,http://mail-archives.apache.org/mod_mbox/ctakes-commits/201209.mbox/<20120925210622.43CF223888E3@eris.apache.org>,chenpei
Tue Sep 25 21:07:08 2012,http://mail-archives.apache.org/mod_mbox/ctakes-commits/201209.mbox/<20120925210622.43CF223888E3@eris.apache.org>,chenpei
Tue Sep 25 21:07:08 2012,http://mail-archives.apache.org/mod_mbox/ctakes-commits/201209.mbox/<20120925210622.43CF223888E3@eris.apache.org>,chenpei
Tue Sep 25 21:07:08 2012,http://mail-archives.apache.org/mod_mbox/ctakes-commits/201209.mbox/<20120925210622.43CF223888E3@eris.apache.org>,chenpei
Tue Sep 25 21:07:08 2012,http://mail-archives.apache.org/mod_mbox/ctakes-commits/201209.mbox/<20120925210622.43CF223888E3@eris.apache.org>,chenpei
Tue Sep 25 21:07:08 2012,http://mail-archives.apache.org/mod_mbox/ctakes-commits/201209.mbox/<20120925210622.43CF223888E3@eris.apache.org>,chenpei
Tue Sep 25 21:07:08 2012,http://mail-archives.apache.org/mod_mbox/ctakes-commits/201209.mbox/<20120925210622.43CF223888E3@eris.apache.org>,chenpei
Tue Sep 25 21:07:08 2012,http://mail-archives.apache.org/mod_mbox/ctakes-commits/201209.mbox/<20120925210622.43CF223888E3@eris.apache.org>,chenpei
Tue Sep 25 21:07:08 2012,http://mail-archives.apache.org/mod_mbox/ctakes-commits/201209.mbox/<20120925210622.43CF223888E3@eris.apache.org>,chenpei
Tue Sep 25 21:07:09 2012,http://mail-archives.apache.org/mod_mbox/ctakes-commits/201209.mbox/<20120925210622.4121B23888CD@eris.apache.org>,chenpei
Tue Sep 25 21:07:09 2012,http://mail-archives.apache.org/mod_mbox/ctakes-commits/201209.mbox/<20120925210622.4121B23888CD@eris.apache.org>,chenpei
Tue Sep 25 21:07:09 2012,http://mail-archives.apache.org/mod_mbox/ctakes-commits/201209.mbox/<20120925210622.4121B23888CD@eris.apache.org>,chenpei
Tue Sep 25 21:07:09 2012,http://mail-archives.apache.org/mod_mbox/ctakes-commits/201209.mbox/<20120925210622.4121B23888CD@eris.apache.org>,chenpei
Tue Sep 25 21:07:09 2012,http://mail-archives.apache.org/mod_mbox/ctakes-commits/201209.mbox/<20120925210622.4121B23888CD@eris.apache.org>,chenpei
Tue Sep 25 21:07:09 2012,http://mail-archives.apache.org/mod_mbox/ctakes-commits/201209.mbox/<20120925210622.4121B23888CD@eris.apache.org>,chenpei
Tue Sep 25 21:07:09 2012,http://mail-archives.apache.org/mod_mbox/ctakes-commits/201209.mbox/<20120925210622.4121B23888CD@eris.apache.org>,chenpei
Tue Sep 25 21:07:09 2012,http://mail-archives.apache.org/mod_mbox/ctakes-commits/201209.mbox/<20120925210622.4121B23888CD@eris.apache.org>,chenpei
Tue Sep 25 21:07:09 2012,http://mail-archives.apache.org/mod_mbox/ctakes-commits/201209.mbox/<20120925210622.4121B23888CD@eris.apache.org>,chenpei
Tue Sep 25 21:07:09 2012,http://mail-archives.apache.org/mod_mbox/ctakes-commits/201209.mbox/<20120925210622.4121B23888CD@eris.apache.org>,chenpei
Tue Sep 25 21:07:09 2012,http://mail-archives.apache.org/mod_mbox/ctakes-commits/201209.mbox/<20120925210622.4121B23888CD@eris.apache.org>,chenpei
Tue Sep 25 21:07:09 2012,http://mail-archives.apache.org/mod_mbox/ctakes-commits/201209.mbox/<20120925210622.4121B23888CD@eris.apache.org>,chenpei
Tue Sep 25 21:07:09 2012,http://mail-archives.apache.org/mod_mbox/ctakes-commits/201209.mbox/<20120925210622.4121B23888CD@eris.apache.org>,chenpei
Tue Sep 25 21:07:09 2012,http://mail-archives.apache.org/mod_mbox/ctakes-commits/201209.mbox/<20120925210622.4121B23888CD@eris.apache.org>,chenpei
Tue Sep 25 21:07:09 2012,http://mail-archives.apache.org/mod_mbox/ctakes-commits/201209.mbox/<20120925210622.4121B23888CD@eris.apache.org>,chenpei
Tue Sep 25 21:07:09 2012,http://mail-archives.apache.org/mod_mbox/ctakes-commits/201209.mbox/<20120925210622.4121B23888CD@eris.apache.org>,chenpei
Tue Sep 25 21:07:09 2012,http://mail-archives.apache.org/mod_mbox/ctakes-commits/201209.mbox/<20120925210622.4121B23888CD@eris.apache.org>,chenpei
Tue Sep 25 21:07:09 2012,http://mail-archives.apache.org/mod_mbox/ctakes-commits/201209.mbox/<20120925210622.4121B23888CD@eris.apache.org>,chenpei
Tue Sep 25 21:07:09 2012,http://mail-archives.apache.org/mod_mbox/ctakes-commits/201209.mbox/<20120925210622.4121B23888CD@eris.apache.org>,chenpei
Tue Sep 25 21:07:09 2012,http://mail-archives.apache.org/mod_mbox/ctakes-commits/201209.mbox/<20120925210622.4121B23888CD@eris.apache.org>,chenpei
Tue Sep 25 21:07:09 2012,http://mail-archives.apache.org/mod_mbox/ctakes-commits/201209.mbox/<20120925210622.4121B23888CD@eris.apache.org>,chenpei
Tue Sep 25 21:07:09 2012,http://mail-archives.apache.org/mod_mbox/ctakes-commits/201209.mbox/<20120925210622.4121B23888CD@eris.apache.org>,chenpei
Tue Sep 25 21:07:09 2012,http://mail-archives.apache.org/mod_mbox/ctakes-commits/201209.mbox/<20120925210622.4121B23888CD@eris.apache.org>,chenpei
Tue Sep 25 21:07:09 2012,http://mail-archives.apache.org/mod_mbox/ctakes-commits/201209.mbox/<20120925210622.4121B23888CD@eris.apache.org>,chenpei
Tue Sep 25 21:07:09 2012,http://mail-archives.apache.org/mod_mbox/ctakes-commits/201209.mbox/<20120925210622.4121B23888CD@eris.apache.org>,chenpei
Tue Sep 25 21:07:09 2012,http://mail-archives.apache.org/mod_mbox/ctakes-commits/201209.mbox/<20120925210622.4121B23888CD@eris.apache.org>,chenpei
Tue Sep 25 21:07:09 2012,http://mail-archives.apache.org/mod_mbox/ctakes-commits/201209.mbox/<20120925210622.4121B23888CD@eris.apache.org>,chenpei
Tue Sep 25 21:07:09 2012,http://mail-archives.apache.org/mod_mbox/ctakes-commits/201209.mbox/<20120925210622.4121B23888CD@eris.apache.org>,chenpei
Tue Sep 25 21:07:09 2012,http://mail-archives.apache.org/mod_mbox/ctakes-commits/201209.mbox/<20120925210622.4121B23888CD@eris.apache.org>,chenpei
Tue Sep 25 21:07:09 2012,http://mail-archives.apache.org/mod_mbox/ctakes-commits/201209.mbox/<20120925210622.4121B23888CD@eris.apache.org>,chenpei
Tue Sep 25 21:07:09 2012,http://mail-archives.apache.org/mod_mbox/ctakes-commits/201209.mbox/<20120925210622.4121B23888CD@eris.apache.org>,chenpei
Tue Sep 25 21:07:09 2012,http://mail-archives.apache.org/mod_mbox/ctakes-commits/201209.mbox/<20120925210622.4121B23888CD@eris.apache.org>,chenpei
Tue Sep 25 21:07:09 2012,http://mail-archives.apache.org/mod_mbox/ctakes-commits/201209.mbox/<20120925210622.4121B23888CD@eris.apache.org>,chenpei
Tue Sep 25 21:07:09 2012,http://mail-archives.apache.org/mod_mbox/ctakes-commits/201209.mbox/<20120925210622.4121B23888CD@eris.apache.org>,chenpei
Tue Sep 25 21:07:09 2012,http://mail-archives.apache.org/mod_mbox/ctakes-commits/201209.mbox/<20120925210622.4121B23888CD@eris.apache.org>,chenpei
Tue Sep 25 21:07:09 2012,http://mail-archives.apache.org/mod_mbox/ctakes-commits/201209.mbox/<20120925210622.4121B23888CD@eris.apache.org>,chenpei
Tue Sep 25 21:07:09 2012,http://mail-archives.apache.org/mod_mbox/ctakes-commits/201209.mbox/<20120925210622.4121B23888CD@eris.apache.org>,chenpei
Tue Sep 25 21:07:09 2012,http://mail-archives.apache.org/mod_mbox/ctakes-commits/201209.mbox/<20120925210622.4121B23888CD@eris.apache.org>,chenpei
Tue Sep 25 21:07:09 2012,http://mail-archives.apache.org/mod_mbox/ctakes-commits/201209.mbox/<20120925210622.4121B23888CD@eris.apache.org>,chenpei
Tue Sep 25 21:07:09 2012,http://mail-archives.apache.org/mod_mbox/ctakes-commits/201209.mbox/<20120925210622.4121B23888CD@eris.apache.org>,chenpei
Tue Sep 25 21:07:09 2012,http://mail-archives.apache.org/mod_mbox/ctakes-commits/201209.mbox/<20120925210622.4121B23888CD@eris.apache.org>,chenpei
Tue Sep 25 21:07:09 2012,http://mail-archives.apache.org/mod_mbox/ctakes-commits/201209.mbox/<20120925210622.4121B23888CD@eris.apache.org>,chenpei
Tue Sep 25 21:07:09 2012,http://mail-archives.apache.org/mod_mbox/ctakes-commits/201209.mbox/<20120925210622.4121B23888CD@eris.apache.org>,chenpei
Tue Sep 25 21:07:09 2012,http://mail-archives.apache.org/mod_mbox/ctakes-commits/201209.mbox/<20120925210622.4121B23888CD@eris.apache.org>,chenpei
Tue Sep 25 21:07:09 2012,http://mail-archives.apache.org/mod_mbox/ctakes-commits/201209.mbox/<20120925210622.4121B23888CD@eris.apache.org>,chenpei
Tue Sep 25 21:07:09 2012,http://mail-archives.apache.org/mod_mbox/ctakes-commits/201209.mbox/<20120925210622.4121B23888CD@eris.apache.org>,chenpei
Tue Sep 25 21:07:09 2012,http://mail-archives.apache.org/mod_mbox/ctakes-commits/201209.mbox/<20120925210622.4121B23888CD@eris.apache.org>,chenpei
Tue Sep 25 21:07:09 2012,http://mail-archives.apache.org/mod_mbox/ctakes-commits/201209.mbox/<20120925210622.4121B23888CD@eris.apache.org>,chenpei
Tue Sep 25 21:07:09 2012,http://mail-archives.apache.org/mod_mbox/ctakes-commits/201209.mbox/<20120925210622.4121B23888CD@eris.apache.org>,chenpei
Tue Sep 25 21:07:09 2012,http://mail-archives.apache.org/mod_mbox/ctakes-commits/201209.mbox/<20120925210622.4121B23888CD@eris.apache.org>,chenpei
Tue Sep 25 21:07:09 2012,http://mail-archives.apache.org/mod_mbox/ctakes-commits/201209.mbox/<20120925210622.4121B23888CD@eris.apache.org>,chenpei
Tue Sep 25 21:07:09 2012,http://mail-archives.apache.org/mod_mbox/ctakes-commits/201209.mbox/<20120925210622.4121B23888CD@eris.apache.org>,chenpei
Tue Sep 25 21:07:09 2012,http://mail-archives.apache.org/mod_mbox/ctakes-commits/201209.mbox/<20120925210622.4121B23888CD@eris.apache.org>,chenpei
Tue Sep 25 21:07:09 2012,http://mail-archives.apache.org/mod_mbox/ctakes-commits/201209.mbox/<20120925210622.4121B23888CD@eris.apache.org>,chenpei
Tue Sep 25 21:07:09 2012,http://mail-archives.apache.org/mod_mbox/ctakes-commits/201209.mbox/<20120925210622.4121B23888CD@eris.apache.org>,chenpei
Tue Sep 25 21:07:09 2012,http://mail-archives.apache.org/mod_mbox/ctakes-commits/201209.mbox/<20120925210622.4121B23888CD@eris.apache.org>,chenpei
Tue Sep 25 21:07:09 2012,http://mail-archives.apache.org/mod_mbox/ctakes-commits/201209.mbox/<20120925210622.4121B23888CD@eris.apache.org>,chenpei
Tue Sep 25 21:07:09 2012,http://mail-archives.apache.org/mod_mbox/ctakes-commits/201209.mbox/<20120925210622.4121B23888CD@eris.apache.org>,chenpei
Tue Sep 25 21:07:09 2012,http://mail-archives.apache.org/mod_mbox/ctakes-commits/201209.mbox/<20120925210622.4121B23888CD@eris.apache.org>,chenpei
Tue Sep 25 21:07:09 2012,http://mail-archives.apache.org/mod_mbox/ctakes-commits/201209.mbox/<20120925210622.4121B23888CD@eris.apache.org>,chenpei
Tue Sep 25 21:07:09 2012,http://mail-archives.apache.org/mod_mbox/ctakes-commits/201209.mbox/<20120925210622.4121B23888CD@eris.apache.org>,chenpei
Tue Sep 25 21:07:09 2012,http://mail-archives.apache.org/mod_mbox/ctakes-commits/201209.mbox/<20120925210622.4121B23888CD@eris.apache.org>,chenpei
Tue Sep 25 21:07:09 2012,http://mail-archives.apache.org/mod_mbox/ctakes-commits/201209.mbox/<20120925210622.4121B23888CD@eris.apache.org>,chenpei
Tue Sep 25 21:07:09 2012,http://mail-archives.apache.org/mod_mbox/ctakes-commits/201209.mbox/<20120925210622.4121B23888CD@eris.apache.org>,chenpei
Tue Sep 25 21:07:09 2012,http://mail-archives.apache.org/mod_mbox/ctakes-commits/201209.mbox/<20120925210622.4121B23888CD@eris.apache.org>,chenpei
Tue Sep 25 21:07:09 2012,http://mail-archives.apache.org/mod_mbox/ctakes-commits/201209.mbox/<20120925210622.4121B23888CD@eris.apache.org>,chenpei
Tue Sep 25 21:07:09 2012,http://mail-archives.apache.org/mod_mbox/ctakes-commits/201209.mbox/<20120925210622.4121B23888CD@eris.apache.org>,chenpei
Tue Sep 25 21:07:09 2012,http://mail-archives.apache.org/mod_mbox/ctakes-commits/201209.mbox/<20120925210622.4121B23888CD@eris.apache.org>,chenpei
Tue Sep 25 21:07:09 2012,http://mail-archives.apache.org/mod_mbox/ctakes-commits/201209.mbox/<20120925210622.4121B23888CD@eris.apache.org>,chenpei
Tue Sep 25 21:07:09 2012,http://mail-archives.apache.org/mod_mbox/ctakes-commits/201209.mbox/<20120925210622.4121B23888CD@eris.apache.org>,chenpei
Tue Sep 25 21:07:09 2012,http://mail-archives.apache.org/mod_mbox/ctakes-commits/201209.mbox/<20120925210622.4121B23888CD@eris.apache.org>,chenpei
Tue Sep 25 21:07:09 2012,http://mail-archives.apache.org/mod_mbox/ctakes-commits/201209.mbox/<20120925210622.4121B23888CD@eris.apache.org>,chenpei
Tue Sep 25 21:07:09 2012,http://mail-archives.apache.org/mod_mbox/ctakes-commits/201209.mbox/<20120925210622.4121B23888CD@eris.apache.org>,chenpei
Tue Sep 25 21:07:09 2012,http://mail-archives.apache.org/mod_mbox/ctakes-commits/201209.mbox/<20120925210622.4121B23888CD@eris.apache.org>,chenpei
Tue Sep 25 21:07:09 2012,http://mail-archives.apache.org/mod_mbox/ctakes-commits/201209.mbox/<20120925210622.4121B23888CD@eris.apache.org>,chenpei
Tue Sep 25 21:07:09 2012,http://mail-archives.apache.org/mod_mbox/ctakes-commits/201209.mbox/<20120925210622.4121B23888CD@eris.apache.org>,chenpei
Tue Sep 25 21:07:09 2012,http://mail-archives.apache.org/mod_mbox/ctakes-commits/201209.mbox/<20120925210622.4121B23888CD@eris.apache.org>,chenpei
Tue Sep 25 21:07:09 2012,http://mail-archives.apache.org/mod_mbox/ctakes-commits/201209.mbox/<20120925210622.4121B23888CD@eris.apache.org>,chenpei
Tue Sep 25 21:07:09 2012,http://mail-archives.apache.org/mod_mbox/ctakes-commits/201209.mbox/<20120925210622.4121B23888CD@eris.apache.org>,chenpei
Tue Sep 25 21:07:09 2012,http://mail-archives.apache.org/mod_mbox/ctakes-commits/201209.mbox/<20120925210622.4121B23888CD@eris.apache.org>,chenpei
Tue Sep 25 21:07:09 2012,http://mail-archives.apache.org/mod_mbox/ctakes-commits/201209.mbox/<20120925210622.4121B23888CD@eris.apache.org>,chenpei
Tue Sep 25 21:07:09 2012,http://mail-archives.apache.org/mod_mbox/ctakes-commits/201209.mbox/<20120925210622.4121B23888CD@eris.apache.org>,chenpei
Tue Sep 25 21:07:09 2012,http://mail-archives.apache.org/mod_mbox/ctakes-commits/201209.mbox/<20120925210622.4121B23888CD@eris.apache.org>,chenpei
Tue Sep 25 21:07:09 2012,http://mail-archives.apache.org/mod_mbox/ctakes-commits/201209.mbox/<20120925210622.4121B23888CD@eris.apache.org>,chenpei
Tue Sep 25 21:07:09 2012,http://mail-archives.apache.org/mod_mbox/ctakes-commits/201209.mbox/<20120925210622.4121B23888CD@eris.apache.org>,chenpei
Tue Sep 25 21:07:09 2012,http://mail-archives.apache.org/mod_mbox/ctakes-commits/201209.mbox/<20120925210622.4121B23888CD@eris.apache.org>,chenpei
Tue Sep 25 21:07:09 2012,http://mail-archives.apache.org/mod_mbox/ctakes-commits/201209.mbox/<20120925210622.4121B23888CD@eris.apache.org>,chenpei
Tue Sep 25 21:07:09 2012,http://mail-archives.apache.org/mod_mbox/ctakes-commits/201209.mbox/<20120925210622.4121B23888CD@eris.apache.org>,chenpei
Tue Sep 25 21:07:09 2012,http://mail-archives.apache.org/mod_mbox/ctakes-commits/201209.mbox/<20120925210622.4121B23888CD@eris.apache.org>,chenpei
Tue Sep 25 21:07:09 2012,http://mail-archives.apache.org/mod_mbox/ctakes-commits/201209.mbox/<20120925210622.4121B23888CD@eris.apache.org>,chenpei
Tue Sep 25 21:07:09 2012,http://mail-archives.apache.org/mod_mbox/ctakes-commits/201209.mbox/<20120925210622.4121B23888CD@eris.apache.org>,chenpei
Tue Sep 25 21:07:09 2012,http://mail-archives.apache.org/mod_mbox/ctakes-commits/201209.mbox/<20120925210622.4121B23888CD@eris.apache.org>,chenpei
Tue Sep 25 21:07:09 2012,http://mail-archives.apache.org/mod_mbox/ctakes-commits/201209.mbox/<20120925210622.4121B23888CD@eris.apache.org>,chenpei
Tue Sep 25 21:07:09 2012,http://mail-archives.apache.org/mod_mbox/ctakes-commits/201209.mbox/<20120925210622.4121B23888CD@eris.apache.org>,chenpei
Tue Sep 25 21:07:09 2012,http://mail-archives.apache.org/mod_mbox/ctakes-commits/201209.mbox/<20120925210622.4121B23888CD@eris.apache.org>,chenpei
Tue Sep 25 21:07:09 2012,http://mail-archives.apache.org/mod_mbox/ctakes-commits/201209.mbox/<20120925210622.4121B23888CD@eris.apache.org>,chenpei
Tue Sep 25 21:07:09 2012,http://mail-archives.apache.org/mod_mbox/ctakes-commits/201209.mbox/<20120925210622.4121B23888CD@eris.apache.org>,chenpei
Tue Sep 25 21:07:09 2012,http://mail-archives.apache.org/mod_mbox/ctakes-commits/201209.mbox/<20120925210622.4121B23888CD@eris.apache.org>,chenpei
Tue Sep 25 21:07:09 2012,http://mail-archives.apache.org/mod_mbox/ctakes-commits/201209.mbox/<20120925210622.4121B23888CD@eris.apache.org>,chenpei
Tue Sep 25 21:07:09 2012,http://mail-archives.apache.org/mod_mbox/ctakes-commits/201209.mbox/<20120925210622.4121B23888CD@eris.apache.org>,chenpei
Tue Sep 25 21:07:09 2012,http://mail-archives.apache.org/mod_mbox/ctakes-commits/201209.mbox/<20120925210622.4121B23888CD@eris.apache.org>,chenpei
Tue Sep 25 21:07:09 2012,http://mail-archives.apache.org/mod_mbox/ctakes-commits/201209.mbox/<20120925210622.4121B23888CD@eris.apache.org>,chenpei
Tue Sep 25 21:07:09 2012,http://mail-archives.apache.org/mod_mbox/ctakes-commits/201209.mbox/<20120925210622.4121B23888CD@eris.apache.org>,chenpei
Tue Sep 25 21:07:09 2012,http://mail-archives.apache.org/mod_mbox/ctakes-commits/201209.mbox/<20120925210622.4121B23888CD@eris.apache.org>,chenpei
Tue Sep 25 21:07:09 2012,http://mail-archives.apache.org/mod_mbox/ctakes-commits/201209.mbox/<20120925210622.4121B23888CD@eris.apache.org>,chenpei
Tue Sep 25 21:07:09 2012,http://mail-archives.apache.org/mod_mbox/ctakes-commits/201209.mbox/<20120925210622.4121B23888CD@eris.apache.org>,chenpei
Tue Sep 25 21:07:09 2012,http://mail-archives.apache.org/mod_mbox/ctakes-commits/201209.mbox/<20120925210622.4121B23888CD@eris.apache.org>,chenpei
Tue Sep 25 21:07:09 2012,http://mail-archives.apache.org/mod_mbox/ctakes-commits/201209.mbox/<20120925210622.4121B23888CD@eris.apache.org>,chenpei
Tue Sep 25 21:07:09 2012,http://mail-archives.apache.org/mod_mbox/ctakes-commits/201209.mbox/<20120925210622.4121B23888CD@eris.apache.org>,chenpei
Tue Sep 25 21:07:09 2012,http://mail-archives.apache.org/mod_mbox/ctakes-commits/201209.mbox/<20120925210622.4121B23888CD@eris.apache.org>,chenpei
Tue Sep 25 21:07:09 2012,http://mail-archives.apache.org/mod_mbox/ctakes-commits/201209.mbox/<20120925210622.4121B23888CD@eris.apache.org>,chenpei
Tue Sep 25 21:07:09 2012,http://mail-archives.apache.org/mod_mbox/ctakes-commits/201209.mbox/<20120925210622.4121B23888CD@eris.apache.org>,chenpei
Tue Sep 25 21:07:09 2012,http://mail-archives.apache.org/mod_mbox/ctakes-commits/201209.mbox/<20120925210622.4121B23888CD@eris.apache.org>,chenpei
Tue Sep 25 21:07:09 2012,http://mail-archives.apache.org/mod_mbox/ctakes-commits/201209.mbox/<20120925210622.4121B23888CD@eris.apache.org>,chenpei
Tue Sep 25 21:07:09 2012,http://mail-archives.apache.org/mod_mbox/ctakes-commits/201209.mbox/<20120925210622.4121B23888CD@eris.apache.org>,chenpei
Tue Sep 25 21:07:09 2012,http://mail-archives.apache.org/mod_mbox/ctakes-commits/201209.mbox/<20120925210622.4121B23888CD@eris.apache.org>,chenpei
Tue Sep 25 21:07:09 2012,http://mail-archives.apache.org/mod_mbox/ctakes-commits/201209.mbox/<20120925210622.4121B23888CD@eris.apache.org>,chenpei
Tue Sep 25 21:07:09 2012,http://mail-archives.apache.org/mod_mbox/ctakes-commits/201209.mbox/<20120925210622.4121B23888CD@eris.apache.org>,chenpei
Tue Sep 25 21:07:09 2012,http://mail-archives.apache.org/mod_mbox/ctakes-commits/201209.mbox/<20120925210622.4121B23888CD@eris.apache.org>,chenpei
Tue Sep 25 21:07:09 2012,http://mail-archives.apache.org/mod_mbox/ctakes-commits/201209.mbox/<20120925210622.4121B23888CD@eris.apache.org>,chenpei
Tue Sep 25 21:07:09 2012,http://mail-archives.apache.org/mod_mbox/ctakes-commits/201209.mbox/<20120925210622.4121B23888CD@eris.apache.org>,chenpei
Tue Sep 25 21:07:09 2012,http://mail-archives.apache.org/mod_mbox/ctakes-commits/201209.mbox/<20120925210622.4121B23888CD@eris.apache.org>,chenpei
Tue Sep 25 21:07:09 2012,http://mail-archives.apache.org/mod_mbox/ctakes-commits/201209.mbox/<20120925210622.4121B23888CD@eris.apache.org>,chenpei
Tue Sep 25 21:07:09 2012,http://mail-archives.apache.org/mod_mbox/ctakes-commits/201209.mbox/<20120925210622.4121B23888CD@eris.apache.org>,chenpei
Tue Sep 25 21:07:09 2012,http://mail-archives.apache.org/mod_mbox/ctakes-commits/201209.mbox/<20120925210622.4121B23888CD@eris.apache.org>,chenpei
Tue Sep 25 21:07:09 2012,http://mail-archives.apache.org/mod_mbox/ctakes-commits/201209.mbox/<20120925210622.4121B23888CD@eris.apache.org>,chenpei
Tue Sep 25 21:07:09 2012,http://mail-archives.apache.org/mod_mbox/ctakes-commits/201209.mbox/<20120925210622.4121B23888CD@eris.apache.org>,chenpei
Tue Sep 25 21:07:09 2012,http://mail-archives.apache.org/mod_mbox/ctakes-commits/201209.mbox/<20120925210622.4121B23888CD@eris.apache.org>,chenpei
Tue Sep 25 21:07:09 2012,http://mail-archives.apache.org/mod_mbox/ctakes-commits/201209.mbox/<20120925210622.4121B23888CD@eris.apache.org>,chenpei
Tue Sep 25 21:07:09 2012,http://mail-archives.apache.org/mod_mbox/ctakes-commits/201209.mbox/<20120925210622.4121B23888CD@eris.apache.org>,chenpei
Tue Sep 25 21:07:09 2012,http://mail-archives.apache.org/mod_mbox/ctakes-commits/201209.mbox/<20120925210622.4121B23888CD@eris.apache.org>,chenpei
Tue Sep 25 21:07:09 2012,http://mail-archives.apache.org/mod_mbox/ctakes-commits/201209.mbox/<20120925210622.4121B23888CD@eris.apache.org>,chenpei
Tue Sep 25 21:07:09 2012,http://mail-archives.apache.org/mod_mbox/ctakes-commits/201209.mbox/<20120925210622.4121B23888CD@eris.apache.org>,chenpei
Tue Sep 25 21:07:09 2012,http://mail-archives.apache.org/mod_mbox/ctakes-commits/201209.mbox/<20120925210622.4121B23888CD@eris.apache.org>,chenpei
Tue Sep 25 21:07:09 2012,http://mail-archives.apache.org/mod_mbox/ctakes-commits/201209.mbox/<20120925210622.4121B23888CD@eris.apache.org>,chenpei
Tue Sep 25 21:07:09 2012,http://mail-archives.apache.org/mod_mbox/ctakes-commits/201209.mbox/<20120925210622.4121B23888CD@eris.apache.org>,chenpei
Tue Sep 25 21:07:09 2012,http://mail-archives.apache.org/mod_mbox/ctakes-commits/201209.mbox/<20120925210622.4121B23888CD@eris.apache.org>,chenpei
Tue Sep 25 21:07:09 2012,http://mail-archives.apache.org/mod_mbox/ctakes-commits/201209.mbox/<20120925210622.4121B23888CD@eris.apache.org>,chenpei
Tue Sep 25 21:07:09 2012,http://mail-archives.apache.org/mod_mbox/ctakes-commits/201209.mbox/<20120925210622.4121B23888CD@eris.apache.org>,chenpei
Tue Sep 25 21:07:09 2012,http://mail-archives.apache.org/mod_mbox/ctakes-commits/201209.mbox/<20120925210622.4121B23888CD@eris.apache.org>,chenpei
Tue Sep 25 21:07:09 2012,http://mail-archives.apache.org/mod_mbox/ctakes-commits/201209.mbox/<20120925210622.4121B23888CD@eris.apache.org>,chenpei
Tue Sep 25 21:07:09 2012,http://mail-archives.apache.org/mod_mbox/ctakes-commits/201209.mbox/<20120925210622.4121B23888CD@eris.apache.org>,chenpei
Tue Sep 25 21:07:09 2012,http://mail-archives.apache.org/mod_mbox/ctakes-commits/201209.mbox/<20120925210622.4121B23888CD@eris.apache.org>,chenpei
Tue Sep 25 21:07:09 2012,http://mail-archives.apache.org/mod_mbox/ctakes-commits/201209.mbox/<20120925210622.4121B23888CD@eris.apache.org>,chenpei
Tue Sep 25 21:07:09 2012,http://mail-archives.apache.org/mod_mbox/ctakes-commits/201209.mbox/<20120925210622.4121B23888CD@eris.apache.org>,chenpei
Tue Sep 25 21:07:09 2012,http://mail-archives.apache.org/mod_mbox/ctakes-commits/201209.mbox/<20120925210622.4121B23888CD@eris.apache.org>,chenpei
Tue Sep 25 21:07:09 2012,http://mail-archives.apache.org/mod_mbox/ctakes-commits/201209.mbox/<20120925210622.4121B23888CD@eris.apache.org>,chenpei
Tue Sep 25 21:07:09 2012,http://mail-archives.apache.org/mod_mbox/ctakes-commits/201209.mbox/<20120925210622.4121B23888CD@eris.apache.org>,chenpei
Tue Sep 25 21:07:09 2012,http://mail-archives.apache.org/mod_mbox/ctakes-commits/201209.mbox/<20120925210622.4121B23888CD@eris.apache.org>,chenpei
Tue Sep 25 21:07:09 2012,http://mail-archives.apache.org/mod_mbox/ctakes-commits/201209.mbox/<20120925210622.4121B23888CD@eris.apache.org>,chenpei
Tue Sep 25 21:07:09 2012,http://mail-archives.apache.org/mod_mbox/ctakes-commits/201209.mbox/<20120925210622.4121B23888CD@eris.apache.org>,chenpei
Tue Sep 25 21:07:09 2012,http://mail-archives.apache.org/mod_mbox/ctakes-commits/201209.mbox/<20120925210622.4121B23888CD@eris.apache.org>,chenpei
Tue Sep 25 21:07:09 2012,http://mail-archives.apache.org/mod_mbox/ctakes-commits/201209.mbox/<20120925210622.4121B23888CD@eris.apache.org>,chenpei
Tue Sep 25 21:07:09 2012,http://mail-archives.apache.org/mod_mbox/ctakes-commits/201209.mbox/<20120925210622.4121B23888CD@eris.apache.org>,chenpei
Tue Sep 25 21:07:09 2012,http://mail-archives.apache.org/mod_mbox/ctakes-commits/201209.mbox/<20120925210622.4121B23888CD@eris.apache.org>,chenpei
Tue Sep 25 21:07:09 2012,http://mail-archives.apache.org/mod_mbox/ctakes-commits/201209.mbox/<20120925210622.4121B23888CD@eris.apache.org>,chenpei
Tue Sep 25 21:07:09 2012,http://mail-archives.apache.org/mod_mbox/ctakes-commits/201209.mbox/<20120925210622.4121B23888CD@eris.apache.org>,chenpei
Tue Sep 25 21:07:09 2012,http://mail-archives.apache.org/mod_mbox/ctakes-commits/201209.mbox/<20120925210622.4121B23888CD@eris.apache.org>,chenpei
Tue Sep 25 21:07:09 2012,http://mail-archives.apache.org/mod_mbox/ctakes-commits/201209.mbox/<20120925210622.4121B23888CD@eris.apache.org>,chenpei
Tue Sep 25 21:07:09 2012,http://mail-archives.apache.org/mod_mbox/ctakes-commits/201209.mbox/<20120925210622.4121B23888CD@eris.apache.org>,chenpei
Tue Sep 25 21:07:09 2012,http://mail-archives.apache.org/mod_mbox/ctakes-commits/201209.mbox/<20120925210622.4121B23888CD@eris.apache.org>,chenpei
Tue Sep 25 21:07:09 2012,http://mail-archives.apache.org/mod_mbox/ctakes-commits/201209.mbox/<20120925210622.4121B23888CD@eris.apache.org>,chenpei
Tue Sep 25 21:07:09 2012,http://mail-archives.apache.org/mod_mbox/ctakes-commits/201209.mbox/<20120925210622.4121B23888CD@eris.apache.org>,chenpei
Tue Sep 25 21:07:09 2012,http://mail-archives.apache.org/mod_mbox/ctakes-commits/201209.mbox/<20120925210622.4121B23888CD@eris.apache.org>,chenpei
Tue Sep 25 21:07:09 2012,http://mail-archives.apache.org/mod_mbox/ctakes-commits/201209.mbox/<20120925210622.4121B23888CD@eris.apache.org>,chenpei
Tue Sep 25 21:07:09 2012,http://mail-archives.apache.org/mod_mbox/ctakes-commits/201209.mbox/<20120925210622.4121B23888CD@eris.apache.org>,chenpei
Tue Sep 25 21:07:09 2012,http://mail-archives.apache.org/mod_mbox/ctakes-commits/201209.mbox/<20120925210622.4121B23888CD@eris.apache.org>,chenpei
Tue Sep 25 21:07:09 2012,http://mail-archives.apache.org/mod_mbox/ctakes-commits/201209.mbox/<20120925210622.4121B23888CD@eris.apache.org>,chenpei
Tue Sep 25 21:07:09 2012,http://mail-archives.apache.org/mod_mbox/ctakes-commits/201209.mbox/<20120925210622.4121B23888CD@eris.apache.org>,chenpei
Tue Sep 25 21:07:09 2012,http://mail-archives.apache.org/mod_mbox/ctakes-commits/201209.mbox/<20120925210622.4121B23888CD@eris.apache.org>,chenpei
Tue Sep 25 21:07:09 2012,http://mail-archives.apache.org/mod_mbox/ctakes-commits/201209.mbox/<20120925210622.4121B23888CD@eris.apache.org>,chenpei
Tue Sep 25 21:07:09 2012,http://mail-archives.apache.org/mod_mbox/ctakes-commits/201209.mbox/<20120925210622.4121B23888CD@eris.apache.org>,chenpei
Tue Sep 25 21:07:09 2012,http://mail-archives.apache.org/mod_mbox/ctakes-commits/201209.mbox/<20120925210622.4121B23888CD@eris.apache.org>,chenpei
Tue Sep 25 21:07:09 2012,http://mail-archives.apache.org/mod_mbox/ctakes-commits/201209.mbox/<20120925210622.4121B23888CD@eris.apache.org>,chenpei
Tue Sep 25 21:07:09 2012,http://mail-archives.apache.org/mod_mbox/ctakes-commits/201209.mbox/<20120925210622.4121B23888CD@eris.apache.org>,chenpei
Tue Sep 25 21:07:09 2012,http://mail-archives.apache.org/mod_mbox/ctakes-commits/201209.mbox/<20120925210622.4121B23888CD@eris.apache.org>,chenpei
Tue Sep 25 21:07:09 2012,http://mail-archives.apache.org/mod_mbox/ctakes-commits/201209.mbox/<20120925210622.4121B23888CD@eris.apache.org>,chenpei
Tue Sep 25 21:07:09 2012,http://mail-archives.apache.org/mod_mbox/ctakes-commits/201209.mbox/<20120925210622.4121B23888CD@eris.apache.org>,chenpei
Tue Sep 25 21:07:09 2012,http://mail-archives.apache.org/mod_mbox/ctakes-commits/201209.mbox/<20120925210622.4121B23888CD@eris.apache.org>,chenpei
Tue Sep 25 21:07:09 2012,http://mail-archives.apache.org/mod_mbox/ctakes-commits/201209.mbox/<20120925210622.4121B23888CD@eris.apache.org>,chenpei
Tue Sep 25 21:07:09 2012,http://mail-archives.apache.org/mod_mbox/ctakes-commits/201209.mbox/<20120925210622.4121B23888CD@eris.apache.org>,chenpei
Tue Sep 25 21:07:09 2012,http://mail-archives.apache.org/mod_mbox/ctakes-commits/201209.mbox/<20120925210622.4121B23888CD@eris.apache.org>,chenpei
Tue Sep 25 21:07:09 2012,http://mail-archives.apache.org/mod_mbox/ctakes-commits/201209.mbox/<20120925210622.4121B23888CD@eris.apache.org>,chenpei
Tue Sep 25 21:07:09 2012,http://mail-archives.apache.org/mod_mbox/ctakes-commits/201209.mbox/<20120925210622.4121B23888CD@eris.apache.org>,chenpei
Tue Sep 25 21:07:09 2012,http://mail-archives.apache.org/mod_mbox/ctakes-commits/201209.mbox/<20120925210622.4121B23888CD@eris.apache.org>,chenpei
Tue Sep 25 21:07:09 2012,http://mail-archives.apache.org/mod_mbox/ctakes-commits/201209.mbox/<20120925210622.4121B23888CD@eris.apache.org>,chenpei
Tue Sep 25 21:07:09 2012,http://mail-archives.apache.org/mod_mbox/ctakes-commits/201209.mbox/<20120925210622.4121B23888CD@eris.apache.org>,chenpei
Tue Sep 25 21:07:09 2012,http://mail-archives.apache.org/mod_mbox/ctakes-commits/201209.mbox/<20120925210622.4121B23888CD@eris.apache.org>,chenpei
Tue Sep 25 21:07:09 2012,http://mail-archives.apache.org/mod_mbox/ctakes-commits/201209.mbox/<20120925210622.4121B23888CD@eris.apache.org>,chenpei
Tue Sep 25 21:07:09 2012,http://mail-archives.apache.org/mod_mbox/ctakes-commits/201209.mbox/<20120925210622.4121B23888CD@eris.apache.org>,chenpei
Tue Sep 25 21:07:09 2012,http://mail-archives.apache.org/mod_mbox/ctakes-commits/201209.mbox/<20120925210622.4121B23888CD@eris.apache.org>,chenpei
Tue Sep 25 21:07:09 2012,http://mail-archives.apache.org/mod_mbox/ctakes-commits/201209.mbox/<20120925210622.4121B23888CD@eris.apache.org>,chenpei
Tue Sep 25 21:07:09 2012,http://mail-archives.apache.org/mod_mbox/ctakes-commits/201209.mbox/<20120925210622.4121B23888CD@eris.apache.org>,chenpei
Tue Sep 25 21:07:09 2012,http://mail-archives.apache.org/mod_mbox/ctakes-commits/201209.mbox/<20120925210622.4121B23888CD@eris.apache.org>,chenpei
Tue Sep 25 21:07:09 2012,http://mail-archives.apache.org/mod_mbox/ctakes-commits/201209.mbox/<20120925210622.4121B23888CD@eris.apache.org>,chenpei
Tue Sep 25 21:07:09 2012,http://mail-archives.apache.org/mod_mbox/ctakes-commits/201209.mbox/<20120925210622.4121B23888CD@eris.apache.org>,chenpei
Tue Sep 25 21:07:09 2012,http://mail-archives.apache.org/mod_mbox/ctakes-commits/201209.mbox/<20120925210622.4121B23888CD@eris.apache.org>,chenpei
Tue Sep 25 21:07:09 2012,http://mail-archives.apache.org/mod_mbox/ctakes-commits/201209.mbox/<20120925210622.4121B23888CD@eris.apache.org>,chenpei
Tue Sep 25 21:07:09 2012,http://mail-archives.apache.org/mod_mbox/ctakes-commits/201209.mbox/<20120925210622.4121B23888CD@eris.apache.org>,chenpei
Tue Sep 25 21:07:09 2012,http://mail-archives.apache.org/mod_mbox/ctakes-commits/201209.mbox/<20120925210622.4121B23888CD@eris.apache.org>,chenpei
Tue Sep 25 21:07:09 2012,http://mail-archives.apache.org/mod_mbox/ctakes-commits/201209.mbox/<20120925210622.4121B23888CD@eris.apache.org>,chenpei
Tue Sep 25 21:07:09 2012,http://mail-archives.apache.org/mod_mbox/ctakes-commits/201209.mbox/<20120925210622.4121B23888CD@eris.apache.org>,chenpei
Tue Sep 25 21:07:09 2012,http://mail-archives.apache.org/mod_mbox/ctakes-commits/201209.mbox/<20120925210622.4121B23888CD@eris.apache.org>,chenpei
Tue Sep 25 21:07:09 2012,http://mail-archives.apache.org/mod_mbox/ctakes-commits/201209.mbox/<20120925210622.4121B23888CD@eris.apache.org>,chenpei
Tue Sep 25 21:07:09 2012,http://mail-archives.apache.org/mod_mbox/ctakes-commits/201209.mbox/<20120925210622.4121B23888CD@eris.apache.org>,chenpei
Tue Sep 25 21:07:09 2012,http://mail-archives.apache.org/mod_mbox/ctakes-commits/201209.mbox/<20120925210622.4121B23888CD@eris.apache.org>,chenpei
Tue Sep 25 21:07:09 2012,http://mail-archives.apache.org/mod_mbox/ctakes-commits/201209.mbox/<20120925210622.4121B23888CD@eris.apache.org>,chenpei
Tue Sep 25 21:07:09 2012,http://mail-archives.apache.org/mod_mbox/ctakes-commits/201209.mbox/<20120925210622.4121B23888CD@eris.apache.org>,chenpei
Tue Sep 25 21:07:09 2012,http://mail-archives.apache.org/mod_mbox/ctakes-commits/201209.mbox/<20120925210622.4121B23888CD@eris.apache.org>,chenpei
Tue Sep 25 21:07:09 2012,http://mail-archives.apache.org/mod_mbox/ctakes-commits/201209.mbox/<20120925210622.4121B23888CD@eris.apache.org>,chenpei
Tue Sep 25 21:07:09 2012,http://mail-archives.apache.org/mod_mbox/ctakes-commits/201209.mbox/<20120925210622.4121B23888CD@eris.apache.org>,chenpei
Tue Sep 25 21:07:09 2012,http://mail-archives.apache.org/mod_mbox/ctakes-commits/201209.mbox/<20120925210622.4121B23888CD@eris.apache.org>,chenpei
Tue Sep 25 21:07:09 2012,http://mail-archives.apache.org/mod_mbox/ctakes-commits/201209.mbox/<20120925210622.4121B23888CD@eris.apache.org>,chenpei
Tue Sep 25 21:07:09 2012,http://mail-archives.apache.org/mod_mbox/ctakes-commits/201209.mbox/<20120925210622.4121B23888CD@eris.apache.org>,chenpei
Tue Sep 25 21:07:09 2012,http://mail-archives.apache.org/mod_mbox/ctakes-commits/201209.mbox/<20120925210622.4121B23888CD@eris.apache.org>,chenpei
Tue Sep 25 21:07:09 2012,http://mail-archives.apache.org/mod_mbox/ctakes-commits/201209.mbox/<20120925210622.4121B23888CD@eris.apache.org>,chenpei
Tue Sep 25 21:07:09 2012,http://mail-archives.apache.org/mod_mbox/ctakes-commits/201209.mbox/<20120925210622.4121B23888CD@eris.apache.org>,chenpei
Tue Sep 25 21:07:09 2012,http://mail-archives.apache.org/mod_mbox/ctakes-commits/201209.mbox/<20120925210622.4121B23888CD@eris.apache.org>,chenpei
Tue Sep 25 21:07:09 2012,http://mail-archives.apache.org/mod_mbox/ctakes-commits/201209.mbox/<20120925210622.4121B23888CD@eris.apache.org>,chenpei
Tue Sep 25 21:07:09 2012,http://mail-archives.apache.org/mod_mbox/ctakes-commits/201209.mbox/<20120925210622.4121B23888CD@eris.apache.org>,chenpei
Tue Sep 25 21:07:09 2012,http://mail-archives.apache.org/mod_mbox/ctakes-commits/201209.mbox/<20120925210622.4121B23888CD@eris.apache.org>,chenpei
Tue Sep 25 21:07:09 2012,http://mail-archives.apache.org/mod_mbox/ctakes-commits/201209.mbox/<20120925210622.4121B23888CD@eris.apache.org>,chenpei
Tue Sep 25 21:07:09 2012,http://mail-archives.apache.org/mod_mbox/ctakes-commits/201209.mbox/<20120925210622.4121B23888CD@eris.apache.org>,chenpei
Tue Sep 25 21:07:09 2012,http://mail-archives.apache.org/mod_mbox/ctakes-commits/201209.mbox/<20120925210622.4121B23888CD@eris.apache.org>,chenpei
Tue Sep 25 21:07:09 2012,http://mail-archives.apache.org/mod_mbox/ctakes-commits/201209.mbox/<20120925210622.4121B23888CD@eris.apache.org>,chenpei
Tue Sep 25 21:07:09 2012,http://mail-archives.apache.org/mod_mbox/ctakes-commits/201209.mbox/<20120925210622.4121B23888CD@eris.apache.org>,chenpei
Tue Sep 25 21:07:09 2012,http://mail-archives.apache.org/mod_mbox/ctakes-commits/201209.mbox/<20120925210622.4121B23888CD@eris.apache.org>,chenpei
Tue Sep 25 21:07:09 2012,http://mail-archives.apache.org/mod_mbox/ctakes-commits/201209.mbox/<20120925210622.4121B23888CD@eris.apache.org>,chenpei
Tue Sep 25 21:07:09 2012,http://mail-archives.apache.org/mod_mbox/ctakes-commits/201209.mbox/<20120925210622.4121B23888CD@eris.apache.org>,chenpei
Tue Sep 25 21:07:09 2012,http://mail-archives.apache.org/mod_mbox/ctakes-commits/201209.mbox/<20120925210622.4121B23888CD@eris.apache.org>,chenpei
Tue Sep 25 21:07:09 2012,http://mail-archives.apache.org/mod_mbox/ctakes-commits/201209.mbox/<20120925210622.4121B23888CD@eris.apache.org>,chenpei
Tue Sep 25 21:07:09 2012,http://mail-archives.apache.org/mod_mbox/ctakes-commits/201209.mbox/<20120925210622.4121B23888CD@eris.apache.org>,chenpei
Tue Sep 25 21:07:09 2012,http://mail-archives.apache.org/mod_mbox/ctakes-commits/201209.mbox/<20120925210622.4121B23888CD@eris.apache.org>,chenpei
Tue Sep 25 21:07:09 2012,http://mail-archives.apache.org/mod_mbox/ctakes-commits/201209.mbox/<20120925210622.4121B23888CD@eris.apache.org>,chenpei
Tue Sep 25 21:07:09 2012,http://mail-archives.apache.org/mod_mbox/ctakes-commits/201209.mbox/<20120925210622.4121B23888CD@eris.apache.org>,chenpei
Tue Sep 25 21:07:09 2012,http://mail-archives.apache.org/mod_mbox/ctakes-commits/201209.mbox/<20120925210622.4121B23888CD@eris.apache.org>,chenpei
Tue Sep 25 21:07:09 2012,http://mail-archives.apache.org/mod_mbox/ctakes-commits/201209.mbox/<20120925210622.4121B23888CD@eris.apache.org>,chenpei
Tue Sep 25 21:07:09 2012,http://mail-archives.apache.org/mod_mbox/ctakes-commits/201209.mbox/<20120925210622.4121B23888CD@eris.apache.org>,chenpei
Tue Sep 25 21:07:09 2012,http://mail-archives.apache.org/mod_mbox/ctakes-commits/201209.mbox/<20120925210622.4121B23888CD@eris.apache.org>,chenpei
Tue Sep 25 21:07:09 2012,http://mail-archives.apache.org/mod_mbox/ctakes-commits/201209.mbox/<20120925210622.4121B23888CD@eris.apache.org>,chenpei
Tue Sep 25 21:07:09 2012,http://mail-archives.apache.org/mod_mbox/ctakes-commits/201209.mbox/<20120925210622.4121B23888CD@eris.apache.org>,chenpei
Tue Sep 25 21:07:09 2012,http://mail-archives.apache.org/mod_mbox/ctakes-commits/201209.mbox/<20120925210622.4121B23888CD@eris.apache.org>,chenpei
Tue Sep 25 21:07:09 2012,http://mail-archives.apache.org/mod_mbox/ctakes-commits/201209.mbox/<20120925210622.4121B23888CD@eris.apache.org>,chenpei
Tue Sep 25 21:07:09 2012,http://mail-archives.apache.org/mod_mbox/ctakes-commits/201209.mbox/<20120925210622.4121B23888CD@eris.apache.org>,chenpei
Tue Sep 25 21:07:09 2012,http://mail-archives.apache.org/mod_mbox/ctakes-commits/201209.mbox/<20120925210622.4121B23888CD@eris.apache.org>,chenpei
Tue Sep 25 21:07:09 2012,http://mail-archives.apache.org/mod_mbox/ctakes-commits/201209.mbox/<20120925210622.4121B23888CD@eris.apache.org>,chenpei
Tue Sep 25 21:07:09 2012,http://mail-archives.apache.org/mod_mbox/ctakes-commits/201209.mbox/<20120925210622.4121B23888CD@eris.apache.org>,chenpei
Tue Sep 25 21:07:09 2012,http://mail-archives.apache.org/mod_mbox/ctakes-commits/201209.mbox/<20120925210622.4121B23888CD@eris.apache.org>,chenpei
Tue Sep 25 21:07:09 2012,http://mail-archives.apache.org/mod_mbox/ctakes-commits/201209.mbox/<20120925210622.4121B23888CD@eris.apache.org>,chenpei
Tue Sep 25 21:07:09 2012,http://mail-archives.apache.org/mod_mbox/ctakes-commits/201209.mbox/<20120925210622.4121B23888CD@eris.apache.org>,chenpei
Tue Sep 25 21:07:09 2012,http://mail-archives.apache.org/mod_mbox/ctakes-commits/201209.mbox/<20120925210622.4121B23888CD@eris.apache.org>,chenpei
Tue Sep 25 21:07:09 2012,http://mail-archives.apache.org/mod_mbox/ctakes-commits/201209.mbox/<20120925210622.4121B23888CD@eris.apache.org>,chenpei
Tue Sep 25 21:07:09 2012,http://mail-archives.apache.org/mod_mbox/ctakes-commits/201209.mbox/<20120925210622.4121B23888CD@eris.apache.org>,chenpei
Tue Sep 25 21:07:09 2012,http://mail-archives.apache.org/mod_mbox/ctakes-commits/201209.mbox/<20120925210622.4121B23888CD@eris.apache.org>,chenpei
Tue Sep 25 21:07:09 2012,http://mail-archives.apache.org/mod_mbox/ctakes-commits/201209.mbox/<20120925210622.4121B23888CD@eris.apache.org>,chenpei
Tue Sep 25 21:07:09 2012,http://mail-archives.apache.org/mod_mbox/ctakes-commits/201209.mbox/<20120925210622.4121B23888CD@eris.apache.org>,chenpei
Tue Sep 25 21:07:09 2012,http://mail-archives.apache.org/mod_mbox/ctakes-commits/201209.mbox/<20120925210622.4121B23888CD@eris.apache.org>,chenpei
Tue Sep 25 21:07:09 2012,http://mail-archives.apache.org/mod_mbox/ctakes-commits/201209.mbox/<20120925210622.4121B23888CD@eris.apache.org>,chenpei
Tue Sep 25 21:07:09 2012,http://mail-archives.apache.org/mod_mbox/ctakes-commits/201209.mbox/<20120925210622.4121B23888CD@eris.apache.org>,chenpei
Tue Sep 25 21:07:09 2012,http://mail-archives.apache.org/mod_mbox/ctakes-commits/201209.mbox/<20120925210622.4121B23888CD@eris.apache.org>,chenpei
Tue Sep 25 21:07:09 2012,http://mail-archives.apache.org/mod_mbox/ctakes-commits/201209.mbox/<20120925210622.4121B23888CD@eris.apache.org>,chenpei
Tue Sep 25 21:07:09 2012,http://mail-archives.apache.org/mod_mbox/ctakes-commits/201209.mbox/<20120925210622.4121B23888CD@eris.apache.org>,chenpei
Tue Sep 25 21:07:09 2012,http://mail-archives.apache.org/mod_mbox/ctakes-commits/201209.mbox/<20120925210622.4121B23888CD@eris.apache.org>,chenpei
Tue Sep 25 21:07:09 2012,http://mail-archives.apache.org/mod_mbox/ctakes-commits/201209.mbox/<20120925210622.4121B23888CD@eris.apache.org>,chenpei
Tue Sep 25 21:07:09 2012,http://mail-archives.apache.org/mod_mbox/ctakes-commits/201209.mbox/<20120925210622.4121B23888CD@eris.apache.org>,chenpei
Tue Sep 25 21:07:09 2012,http://mail-archives.apache.org/mod_mbox/ctakes-commits/201209.mbox/<20120925210622.4121B23888CD@eris.apache.org>,chenpei
Tue Sep 25 21:07:09 2012,http://mail-archives.apache.org/mod_mbox/ctakes-commits/201209.mbox/<20120925210622.4121B23888CD@eris.apache.org>,chenpei
Tue Sep 25 21:07:09 2012,http://mail-archives.apache.org/mod_mbox/ctakes-commits/201209.mbox/<20120925210622.4121B23888CD@eris.apache.org>,chenpei
Tue Sep 25 21:07:09 2012,http://mail-archives.apache.org/mod_mbox/ctakes-commits/201209.mbox/<20120925210622.4121B23888CD@eris.apache.org>,chenpei
Tue Sep 25 21:07:09 2012,http://mail-archives.apache.org/mod_mbox/ctakes-commits/201209.mbox/<20120925210622.4121B23888CD@eris.apache.org>,chenpei
Tue Sep 25 21:07:09 2012,http://mail-archives.apache.org/mod_mbox/ctakes-commits/201209.mbox/<20120925210622.4121B23888CD@eris.apache.org>,chenpei
Tue Sep 25 21:07:09 2012,http://mail-archives.apache.org/mod_mbox/ctakes-commits/201209.mbox/<20120925210622.4121B23888CD@eris.apache.org>,chenpei
Tue Sep 25 21:07:09 2012,http://mail-archives.apache.org/mod_mbox/ctakes-commits/201209.mbox/<20120925210622.4121B23888CD@eris.apache.org>,chenpei
Tue Sep 25 21:07:09 2012,http://mail-archives.apache.org/mod_mbox/ctakes-commits/201209.mbox/<20120925210622.4121B23888CD@eris.apache.org>,chenpei
Tue Sep 25 21:07:09 2012,http://mail-archives.apache.org/mod_mbox/ctakes-commits/201209.mbox/<20120925210622.4121B23888CD@eris.apache.org>,chenpei
Tue Sep 25 21:07:09 2012,http://mail-archives.apache.org/mod_mbox/ctakes-commits/201209.mbox/<20120925210622.4121B23888CD@eris.apache.org>,chenpei
Tue Sep 25 21:07:09 2012,http://mail-archives.apache.org/mod_mbox/ctakes-commits/201209.mbox/<20120925210622.4121B23888CD@eris.apache.org>,chenpei
Tue Sep 25 21:07:09 2012,http://mail-archives.apache.org/mod_mbox/ctakes-commits/201209.mbox/<20120925210622.4121B23888CD@eris.apache.org>,chenpei
Tue Sep 25 21:07:09 2012,http://mail-archives.apache.org/mod_mbox/ctakes-commits/201209.mbox/<20120925210622.4121B23888CD@eris.apache.org>,chenpei
Tue Sep 25 21:07:09 2012,http://mail-archives.apache.org/mod_mbox/ctakes-commits/201209.mbox/<20120925210622.4121B23888CD@eris.apache.org>,chenpei
Tue Sep 25 21:07:09 2012,http://mail-archives.apache.org/mod_mbox/ctakes-commits/201209.mbox/<20120925210622.4121B23888CD@eris.apache.org>,chenpei
Tue Sep 25 21:07:09 2012,http://mail-archives.apache.org/mod_mbox/ctakes-commits/201209.mbox/<20120925210622.4121B23888CD@eris.apache.org>,chenpei
Tue Sep 25 21:07:09 2012,http://mail-archives.apache.org/mod_mbox/ctakes-commits/201209.mbox/<20120925210622.4121B23888CD@eris.apache.org>,chenpei
Tue Sep 25 21:07:09 2012,http://mail-archives.apache.org/mod_mbox/ctakes-commits/201209.mbox/<20120925210622.4121B23888CD@eris.apache.org>,chenpei
Tue Sep 25 21:07:09 2012,http://mail-archives.apache.org/mod_mbox/ctakes-commits/201209.mbox/<20120925210622.4121B23888CD@eris.apache.org>,chenpei
Tue Sep 25 21:07:09 2012,http://mail-archives.apache.org/mod_mbox/ctakes-commits/201209.mbox/<20120925210622.4121B23888CD@eris.apache.org>,chenpei
Tue Sep 25 21:07:09 2012,http://mail-archives.apache.org/mod_mbox/ctakes-commits/201209.mbox/<20120925210622.4121B23888CD@eris.apache.org>,chenpei
Tue Sep 25 21:07:09 2012,http://mail-archives.apache.org/mod_mbox/ctakes-commits/201209.mbox/<20120925210622.4121B23888CD@eris.apache.org>,chenpei
Tue Sep 25 21:07:09 2012,http://mail-archives.apache.org/mod_mbox/ctakes-commits/201209.mbox/<20120925210622.4121B23888CD@eris.apache.org>,chenpei
Tue Sep 25 21:07:09 2012,http://mail-archives.apache.org/mod_mbox/ctakes-commits/201209.mbox/<20120925210622.4121B23888CD@eris.apache.org>,chenpei
Tue Sep 25 21:07:09 2012,http://mail-archives.apache.org/mod_mbox/ctakes-commits/201209.mbox/<20120925210622.4121B23888CD@eris.apache.org>,chenpei
Tue Sep 25 21:07:09 2012,http://mail-archives.apache.org/mod_mbox/ctakes-commits/201209.mbox/<20120925210622.4121B23888CD@eris.apache.org>,chenpei
Tue Sep 25 21:07:09 2012,http://mail-archives.apache.org/mod_mbox/ctakes-commits/201209.mbox/<20120925210622.4121B23888CD@eris.apache.org>,chenpei
Tue Sep 25 21:07:09 2012,http://mail-archives.apache.org/mod_mbox/ctakes-commits/201209.mbox/<20120925210622.4121B23888CD@eris.apache.org>,chenpei
Tue Sep 25 21:07:09 2012,http://mail-archives.apache.org/mod_mbox/ctakes-commits/201209.mbox/<20120925210622.4121B23888CD@eris.apache.org>,chenpei
Tue Sep 25 21:07:09 2012,http://mail-archives.apache.org/mod_mbox/ctakes-commits/201209.mbox/<20120925210622.4121B23888CD@eris.apache.org>,chenpei
Tue Sep 25 21:07:09 2012,http://mail-archives.apache.org/mod_mbox/ctakes-commits/201209.mbox/<20120925210622.4121B23888CD@eris.apache.org>,chenpei
Tue Sep 25 21:07:09 2012,http://mail-archives.apache.org/mod_mbox/ctakes-commits/201209.mbox/<20120925210622.4121B23888CD@eris.apache.org>,chenpei
Tue Sep 25 21:07:09 2012,http://mail-archives.apache.org/mod_mbox/ctakes-commits/201209.mbox/<20120925210622.4121B23888CD@eris.apache.org>,chenpei
Tue Sep 25 21:07:09 2012,http://mail-archives.apache.org/mod_mbox/ctakes-commits/201209.mbox/<20120925210622.4121B23888CD@eris.apache.org>,chenpei
Tue Sep 25 21:07:09 2012,http://mail-archives.apache.org/mod_mbox/ctakes-commits/201209.mbox/<20120925210622.4121B23888CD@eris.apache.org>,chenpei
Tue Sep 25 21:07:09 2012,http://mail-archives.apache.org/mod_mbox/ctakes-commits/201209.mbox/<20120925210622.4121B23888CD@eris.apache.org>,chenpei
Tue Sep 25 21:07:09 2012,http://mail-archives.apache.org/mod_mbox/ctakes-commits/201209.mbox/<20120925210622.4121B23888CD@eris.apache.org>,chenpei
Tue Sep 25 21:07:09 2012,http://mail-archives.apache.org/mod_mbox/ctakes-commits/201209.mbox/<20120925210622.4121B23888CD@eris.apache.org>,chenpei
Tue Sep 25 21:07:09 2012,http://mail-archives.apache.org/mod_mbox/ctakes-commits/201209.mbox/<20120925210622.4121B23888CD@eris.apache.org>,chenpei
Tue Sep 25 21:07:09 2012,http://mail-archives.apache.org/mod_mbox/ctakes-commits/201209.mbox/<20120925210622.4121B23888CD@eris.apache.org>,chenpei
Tue Sep 25 21:07:09 2012,http://mail-archives.apache.org/mod_mbox/ctakes-commits/201209.mbox/<20120925210622.4121B23888CD@eris.apache.org>,chenpei
Tue Sep 25 21:07:09 2012,http://mail-archives.apache.org/mod_mbox/ctakes-commits/201209.mbox/<20120925210622.4121B23888CD@eris.apache.org>,chenpei
Tue Sep 25 21:07:09 2012,http://mail-archives.apache.org/mod_mbox/ctakes-commits/201209.mbox/<20120925210622.4121B23888CD@eris.apache.org>,chenpei
Tue Sep 25 21:07:09 2012,http://mail-archives.apache.org/mod_mbox/ctakes-commits/201209.mbox/<20120925210622.4121B23888CD@eris.apache.org>,chenpei
Tue Sep 25 21:07:09 2012,http://mail-archives.apache.org/mod_mbox/ctakes-commits/201209.mbox/<20120925210622.4121B23888CD@eris.apache.org>,chenpei
Tue Sep 25 21:07:09 2012,http://mail-archives.apache.org/mod_mbox/ctakes-commits/201209.mbox/<20120925210622.4121B23888CD@eris.apache.org>,chenpei
Tue Sep 25 21:07:09 2012,http://mail-archives.apache.org/mod_mbox/ctakes-commits/201209.mbox/<20120925210622.4121B23888CD@eris.apache.org>,chenpei
Tue Sep 25 21:07:09 2012,http://mail-archives.apache.org/mod_mbox/ctakes-commits/201209.mbox/<20120925210622.4121B23888CD@eris.apache.org>,chenpei
Tue Sep 25 21:07:09 2012,http://mail-archives.apache.org/mod_mbox/ctakes-commits/201209.mbox/<20120925210622.4121B23888CD@eris.apache.org>,chenpei
Tue Sep 25 21:07:09 2012,http://mail-archives.apache.org/mod_mbox/ctakes-commits/201209.mbox/<20120925210622.4121B23888CD@eris.apache.org>,chenpei
Tue Sep 25 21:07:09 2012,http://mail-archives.apache.org/mod_mbox/ctakes-commits/201209.mbox/<20120925210622.4121B23888CD@eris.apache.org>,chenpei
Tue Sep 25 21:07:09 2012,http://mail-archives.apache.org/mod_mbox/ctakes-commits/201209.mbox/<20120925210622.4121B23888CD@eris.apache.org>,chenpei
Tue Sep 25 21:07:09 2012,http://mail-archives.apache.org/mod_mbox/ctakes-commits/201209.mbox/<20120925210622.4121B23888CD@eris.apache.org>,chenpei
Tue Sep 25 21:07:09 2012,http://mail-archives.apache.org/mod_mbox/ctakes-commits/201209.mbox/<20120925210622.4121B23888CD@eris.apache.org>,chenpei
Tue Sep 25 21:07:09 2012,http://mail-archives.apache.org/mod_mbox/ctakes-commits/201209.mbox/<20120925210622.4121B23888CD@eris.apache.org>,chenpei
Tue Sep 25 21:07:09 2012,http://mail-archives.apache.org/mod_mbox/ctakes-commits/201209.mbox/<20120925210622.4121B23888CD@eris.apache.org>,chenpei
Tue Sep 25 21:07:09 2012,http://mail-archives.apache.org/mod_mbox/ctakes-commits/201209.mbox/<20120925210622.4121B23888CD@eris.apache.org>,chenpei
Tue Sep 25 21:07:09 2012,http://mail-archives.apache.org/mod_mbox/ctakes-commits/201209.mbox/<20120925210622.4121B23888CD@eris.apache.org>,chenpei
Tue Sep 25 21:07:09 2012,http://mail-archives.apache.org/mod_mbox/ctakes-commits/201209.mbox/<20120925210622.4121B23888CD@eris.apache.org>,chenpei
Tue Sep 25 21:07:09 2012,http://mail-archives.apache.org/mod_mbox/ctakes-commits/201209.mbox/<20120925210622.4121B23888CD@eris.apache.org>,chenpei
Tue Sep 25 21:07:09 2012,http://mail-archives.apache.org/mod_mbox/ctakes-commits/201209.mbox/<20120925210622.4121B23888CD@eris.apache.org>,chenpei
Tue Sep 25 21:07:09 2012,http://mail-archives.apache.org/mod_mbox/ctakes-commits/201209.mbox/<20120925210622.4121B23888CD@eris.apache.org>,chenpei
Tue Sep 25 21:07:09 2012,http://mail-archives.apache.org/mod_mbox/ctakes-commits/201209.mbox/<20120925210622.4121B23888CD@eris.apache.org>,chenpei
Tue Sep 25 21:07:09 2012,http://mail-archives.apache.org/mod_mbox/ctakes-commits/201209.mbox/<20120925210622.4121B23888CD@eris.apache.org>,chenpei
Tue Sep 25 21:07:09 2012,http://mail-archives.apache.org/mod_mbox/ctakes-commits/201209.mbox/<20120925210622.4121B23888CD@eris.apache.org>,chenpei
Tue Sep 25 21:07:09 2012,http://mail-archives.apache.org/mod_mbox/ctakes-commits/201209.mbox/<20120925210622.4121B23888CD@eris.apache.org>,chenpei
Tue Sep 25 21:07:09 2012,http://mail-archives.apache.org/mod_mbox/ctakes-commits/201209.mbox/<20120925210622.4121B23888CD@eris.apache.org>,chenpei
Tue Sep 25 21:07:09 2012,http://mail-archives.apache.org/mod_mbox/ctakes-commits/201209.mbox/<20120925210622.4121B23888CD@eris.apache.org>,chenpei
Tue Sep 25 21:07:09 2012,http://mail-archives.apache.org/mod_mbox/ctakes-commits/201209.mbox/<20120925210622.4121B23888CD@eris.apache.org>,chenpei
Tue Sep 25 21:07:09 2012,http://mail-archives.apache.org/mod_mbox/ctakes-commits/201209.mbox/<20120925210622.4121B23888CD@eris.apache.org>,chenpei
Tue Sep 25 21:07:09 2012,http://mail-archives.apache.org/mod_mbox/ctakes-commits/201209.mbox/<20120925210622.4121B23888CD@eris.apache.org>,chenpei
Tue Sep 25 21:07:09 2012,http://mail-archives.apache.org/mod_mbox/ctakes-commits/201209.mbox/<20120925210622.4121B23888CD@eris.apache.org>,chenpei
Tue Sep 25 21:07:09 2012,http://mail-archives.apache.org/mod_mbox/ctakes-commits/201209.mbox/<20120925210622.4121B23888CD@eris.apache.org>,chenpei
Tue Sep 25 21:07:09 2012,http://mail-archives.apache.org/mod_mbox/ctakes-commits/201209.mbox/<20120925210622.4121B23888CD@eris.apache.org>,chenpei
Tue Sep 25 21:07:09 2012,http://mail-archives.apache.org/mod_mbox/ctakes-commits/201209.mbox/<20120925210622.4121B23888CD@eris.apache.org>,chenpei
Tue Sep 25 21:07:09 2012,http://mail-archives.apache.org/mod_mbox/ctakes-commits/201209.mbox/<20120925210622.4121B23888CD@eris.apache.org>,chenpei
Tue Sep 25 21:07:09 2012,http://mail-archives.apache.org/mod_mbox/ctakes-commits/201209.mbox/<20120925210622.4121B23888CD@eris.apache.org>,chenpei
Tue Sep 25 21:07:09 2012,http://mail-archives.apache.org/mod_mbox/ctakes-commits/201209.mbox/<20120925210622.4121B23888CD@eris.apache.org>,chenpei
Tue Sep 25 21:07:09 2012,http://mail-archives.apache.org/mod_mbox/ctakes-commits/201209.mbox/<20120925210622.4121B23888CD@eris.apache.org>,chenpei
Tue Sep 25 21:07:09 2012,http://mail-archives.apache.org/mod_mbox/ctakes-commits/201209.mbox/<20120925210622.4121B23888CD@eris.apache.org>,chenpei
Tue Sep 25 21:07:09 2012,http://mail-archives.apache.org/mod_mbox/ctakes-commits/201209.mbox/<20120925210622.4121B23888CD@eris.apache.org>,chenpei
Tue Sep 25 21:07:09 2012,http://mail-archives.apache.org/mod_mbox/ctakes-commits/201209.mbox/<20120925210622.4121B23888CD@eris.apache.org>,chenpei
Tue Sep 25 21:07:09 2012,http://mail-archives.apache.org/mod_mbox/ctakes-commits/201209.mbox/<20120925210622.4121B23888CD@eris.apache.org>,chenpei
Tue Sep 25 21:07:09 2012,http://mail-archives.apache.org/mod_mbox/ctakes-commits/201209.mbox/<20120925210622.4121B23888CD@eris.apache.org>,chenpei
Tue Sep 25 21:07:09 2012,http://mail-archives.apache.org/mod_mbox/ctakes-commits/201209.mbox/<20120925210622.4121B23888CD@eris.apache.org>,chenpei
Tue Sep 25 21:07:09 2012,http://mail-archives.apache.org/mod_mbox/ctakes-commits/201209.mbox/<20120925210622.4121B23888CD@eris.apache.org>,chenpei
Tue Sep 25 21:07:09 2012,http://mail-archives.apache.org/mod_mbox/ctakes-commits/201209.mbox/<20120925210622.4121B23888CD@eris.apache.org>,chenpei
Tue Sep 25 21:07:09 2012,http://mail-archives.apache.org/mod_mbox/ctakes-commits/201209.mbox/<20120925210622.4121B23888CD@eris.apache.org>,chenpei
Tue Sep 25 21:07:09 2012,http://mail-archives.apache.org/mod_mbox/ctakes-commits/201209.mbox/<20120925210622.4121B23888CD@eris.apache.org>,chenpei
Tue Sep 25 21:07:09 2012,http://mail-archives.apache.org/mod_mbox/ctakes-commits/201209.mbox/<20120925210622.4121B23888CD@eris.apache.org>,chenpei
Tue Sep 25 21:07:09 2012,http://mail-archives.apache.org/mod_mbox/ctakes-commits/201209.mbox/<20120925210622.4121B23888CD@eris.apache.org>,chenpei
Tue Sep 25 21:07:09 2012,http://mail-archives.apache.org/mod_mbox/ctakes-commits/201209.mbox/<20120925210622.4121B23888CD@eris.apache.org>,chenpei
Tue Sep 25 21:07:09 2012,http://mail-archives.apache.org/mod_mbox/ctakes-commits/201209.mbox/<20120925210622.4121B23888CD@eris.apache.org>,chenpei
Tue Sep 25 21:07:09 2012,http://mail-archives.apache.org/mod_mbox/ctakes-commits/201209.mbox/<20120925210622.4121B23888CD@eris.apache.org>,chenpei
Tue Sep 25 21:07:09 2012,http://mail-archives.apache.org/mod_mbox/ctakes-commits/201209.mbox/<20120925210622.4121B23888CD@eris.apache.org>,chenpei
Tue Sep 25 21:07:09 2012,http://mail-archives.apache.org/mod_mbox/ctakes-commits/201209.mbox/<20120925210622.4121B23888CD@eris.apache.org>,chenpei
Tue Sep 25 21:07:09 2012,http://mail-archives.apache.org/mod_mbox/ctakes-commits/201209.mbox/<20120925210622.4121B23888CD@eris.apache.org>,chenpei
Tue Sep 25 21:07:09 2012,http://mail-archives.apache.org/mod_mbox/ctakes-commits/201209.mbox/<20120925210622.4121B23888CD@eris.apache.org>,chenpei
Tue Sep 25 21:07:09 2012,http://mail-archives.apache.org/mod_mbox/ctakes-commits/201209.mbox/<20120925210622.4121B23888CD@eris.apache.org>,chenpei
Tue Sep 25 21:07:09 2012,http://mail-archives.apache.org/mod_mbox/ctakes-commits/201209.mbox/<20120925210622.4121B23888CD@eris.apache.org>,chenpei
Tue Sep 25 21:07:09 2012,http://mail-archives.apache.org/mod_mbox/ctakes-commits/201209.mbox/<20120925210622.4121B23888CD@eris.apache.org>,chenpei
Tue Sep 25 21:07:09 2012,http://mail-archives.apache.org/mod_mbox/ctakes-commits/201209.mbox/<20120925210622.4121B23888CD@eris.apache.org>,chenpei
Tue Sep 25 21:07:09 2012,http://mail-archives.apache.org/mod_mbox/ctakes-commits/201209.mbox/<20120925210622.4121B23888CD@eris.apache.org>,chenpei
Tue Sep 25 21:07:09 2012,http://mail-archives.apache.org/mod_mbox/ctakes-commits/201209.mbox/<20120925210622.4121B23888CD@eris.apache.org>,chenpei
Tue Sep 25 21:07:09 2012,http://mail-archives.apache.org/mod_mbox/ctakes-commits/201209.mbox/<20120925210622.4121B23888CD@eris.apache.org>,chenpei
Tue Sep 25 21:07:09 2012,http://mail-archives.apache.org/mod_mbox/ctakes-commits/201209.mbox/<20120925210622.4121B23888CD@eris.apache.org>,chenpei
Tue Sep 25 21:07:09 2012,http://mail-archives.apache.org/mod_mbox/ctakes-commits/201209.mbox/<20120925210622.4121B23888CD@eris.apache.org>,chenpei
Tue Sep 25 21:07:09 2012,http://mail-archives.apache.org/mod_mbox/ctakes-commits/201209.mbox/<20120925210622.4121B23888CD@eris.apache.org>,chenpei
Tue Sep 25 21:07:09 2012,http://mail-archives.apache.org/mod_mbox/ctakes-commits/201209.mbox/<20120925210622.4121B23888CD@eris.apache.org>,chenpei
Tue Sep 25 21:07:09 2012,http://mail-archives.apache.org/mod_mbox/ctakes-commits/201209.mbox/<20120925210622.4121B23888CD@eris.apache.org>,chenpei
Tue Sep 25 21:07:09 2012,http://mail-archives.apache.org/mod_mbox/ctakes-commits/201209.mbox/<20120925210622.4121B23888CD@eris.apache.org>,chenpei
Tue Sep 25 21:07:09 2012,http://mail-archives.apache.org/mod_mbox/ctakes-commits/201209.mbox/<20120925210622.4121B23888CD@eris.apache.org>,chenpei
Tue Sep 25 21:07:09 2012,http://mail-archives.apache.org/mod_mbox/ctakes-commits/201209.mbox/<20120925210622.4121B23888CD@eris.apache.org>,chenpei
Tue Sep 25 21:07:09 2012,http://mail-archives.apache.org/mod_mbox/ctakes-commits/201209.mbox/<20120925210622.4121B23888CD@eris.apache.org>,chenpei
Tue Sep 25 21:07:09 2012,http://mail-archives.apache.org/mod_mbox/ctakes-commits/201209.mbox/<20120925210622.4121B23888CD@eris.apache.org>,chenpei
Tue Sep 25 21:07:09 2012,http://mail-archives.apache.org/mod_mbox/ctakes-commits/201209.mbox/<20120925210622.4121B23888CD@eris.apache.org>,chenpei
Tue Sep 25 21:07:09 2012,http://mail-archives.apache.org/mod_mbox/ctakes-commits/201209.mbox/<20120925210622.4121B23888CD@eris.apache.org>,chenpei
Tue Sep 25 21:07:09 2012,http://mail-archives.apache.org/mod_mbox/ctakes-commits/201209.mbox/<20120925210622.4121B23888CD@eris.apache.org>,chenpei
Tue Sep 25 21:07:09 2012,http://mail-archives.apache.org/mod_mbox/ctakes-commits/201209.mbox/<20120925210622.4121B23888CD@eris.apache.org>,chenpei
Tue Sep 25 21:07:09 2012,http://mail-archives.apache.org/mod_mbox/ctakes-commits/201209.mbox/<20120925210622.4121B23888CD@eris.apache.org>,chenpei
Tue Sep 25 21:07:09 2012,http://mail-archives.apache.org/mod_mbox/ctakes-commits/201209.mbox/<20120925210622.4121B23888CD@eris.apache.org>,chenpei
Tue Sep 25 21:07:09 2012,http://mail-archives.apache.org/mod_mbox/ctakes-commits/201209.mbox/<20120925210622.4121B23888CD@eris.apache.org>,chenpei
Tue Sep 25 21:07:09 2012,http://mail-archives.apache.org/mod_mbox/ctakes-commits/201209.mbox/<20120925210622.4121B23888CD@eris.apache.org>,chenpei
Tue Sep 25 21:07:09 2012,http://mail-archives.apache.org/mod_mbox/ctakes-commits/201209.mbox/<20120925210622.4121B23888CD@eris.apache.org>,chenpei
Tue Sep 25 21:07:09 2012,http://mail-archives.apache.org/mod_mbox/ctakes-commits/201209.mbox/<20120925210622.4121B23888CD@eris.apache.org>,chenpei
Tue Sep 25 21:07:09 2012,http://mail-archives.apache.org/mod_mbox/ctakes-commits/201209.mbox/<20120925210622.4121B23888CD@eris.apache.org>,chenpei
Tue Sep 25 21:07:09 2012,http://mail-archives.apache.org/mod_mbox/ctakes-commits/201209.mbox/<20120925210622.4121B23888CD@eris.apache.org>,chenpei
Tue Sep 25 21:07:09 2012,http://mail-archives.apache.org/mod_mbox/ctakes-commits/201209.mbox/<20120925210622.4121B23888CD@eris.apache.org>,chenpei
Tue Sep 25 21:07:09 2012,http://mail-archives.apache.org/mod_mbox/ctakes-commits/201209.mbox/<20120925210622.4121B23888CD@eris.apache.org>,chenpei
Tue Sep 25 21:07:09 2012,http://mail-archives.apache.org/mod_mbox/ctakes-commits/201209.mbox/<20120925210622.4121B23888CD@eris.apache.org>,chenpei
Tue Sep 25 21:07:09 2012,http://mail-archives.apache.org/mod_mbox/ctakes-commits/201209.mbox/<20120925210622.4121B23888CD@eris.apache.org>,chenpei
Tue Sep 25 21:07:09 2012,http://mail-archives.apache.org/mod_mbox/ctakes-commits/201209.mbox/<20120925210622.4121B23888CD@eris.apache.org>,chenpei
Tue Sep 25 21:07:09 2012,http://mail-archives.apache.org/mod_mbox/ctakes-commits/201209.mbox/<20120925210622.4121B23888CD@eris.apache.org>,chenpei
Tue Sep 25 21:07:09 2012,http://mail-archives.apache.org/mod_mbox/ctakes-commits/201209.mbox/<20120925210622.4121B23888CD@eris.apache.org>,chenpei
Tue Sep 25 21:07:09 2012,http://mail-archives.apache.org/mod_mbox/ctakes-commits/201209.mbox/<20120925210622.4121B23888CD@eris.apache.org>,chenpei
Tue Sep 25 21:07:09 2012,http://mail-archives.apache.org/mod_mbox/ctakes-commits/201209.mbox/<20120925210622.4121B23888CD@eris.apache.org>,chenpei
Tue Sep 25 21:07:09 2012,http://mail-archives.apache.org/mod_mbox/ctakes-commits/201209.mbox/<20120925210622.4121B23888CD@eris.apache.org>,chenpei
Tue Sep 25 21:07:09 2012,http://mail-archives.apache.org/mod_mbox/ctakes-commits/201209.mbox/<20120925210622.4121B23888CD@eris.apache.org>,chenpei
Tue Sep 25 21:07:09 2012,http://mail-archives.apache.org/mod_mbox/ctakes-commits/201209.mbox/<20120925210622.4121B23888CD@eris.apache.org>,chenpei
Tue Sep 25 21:07:09 2012,http://mail-archives.apache.org/mod_mbox/ctakes-commits/201209.mbox/<20120925210622.4121B23888CD@eris.apache.org>,chenpei
Tue Sep 25 21:07:09 2012,http://mail-archives.apache.org/mod_mbox/ctakes-commits/201209.mbox/<20120925210622.4121B23888CD@eris.apache.org>,chenpei
Tue Sep 25 21:07:09 2012,http://mail-archives.apache.org/mod_mbox/ctakes-commits/201209.mbox/<20120925210622.4121B23888CD@eris.apache.org>,chenpei
Tue Sep 25 21:07:09 2012,http://mail-archives.apache.org/mod_mbox/ctakes-commits/201209.mbox/<20120925210622.4121B23888CD@eris.apache.org>,chenpei
Tue Sep 25 21:07:09 2012,http://mail-archives.apache.org/mod_mbox/ctakes-commits/201209.mbox/<20120925210622.4121B23888CD@eris.apache.org>,chenpei
Tue Sep 25 21:07:09 2012,http://mail-archives.apache.org/mod_mbox/ctakes-commits/201209.mbox/<20120925210622.4121B23888CD@eris.apache.org>,chenpei
Tue Sep 25 21:07:09 2012,http://mail-archives.apache.org/mod_mbox/ctakes-commits/201209.mbox/<20120925210622.4121B23888CD@eris.apache.org>,chenpei
Tue Sep 25 21:07:09 2012,http://mail-archives.apache.org/mod_mbox/ctakes-commits/201209.mbox/<20120925210622.4121B23888CD@eris.apache.org>,chenpei
Tue Sep 25 21:07:09 2012,http://mail-archives.apache.org/mod_mbox/ctakes-commits/201209.mbox/<20120925210622.4121B23888CD@eris.apache.org>,chenpei
Tue Sep 25 21:07:09 2012,http://mail-archives.apache.org/mod_mbox/ctakes-commits/201209.mbox/<20120925210622.4121B23888CD@eris.apache.org>,chenpei
Tue Sep 25 21:07:09 2012,http://mail-archives.apache.org/mod_mbox/ctakes-commits/201209.mbox/<20120925210622.4121B23888CD@eris.apache.org>,chenpei
Tue Sep 25 21:07:09 2012,http://mail-archives.apache.org/mod_mbox/ctakes-commits/201209.mbox/<20120925210622.4121B23888CD@eris.apache.org>,chenpei
Tue Sep 25 21:07:09 2012,http://mail-archives.apache.org/mod_mbox/ctakes-commits/201209.mbox/<20120925210622.4121B23888CD@eris.apache.org>,chenpei
Tue Sep 25 21:07:09 2012,http://mail-archives.apache.org/mod_mbox/ctakes-commits/201209.mbox/<20120925210622.4121B23888CD@eris.apache.org>,chenpei
Tue Sep 25 21:07:09 2012,http://mail-archives.apache.org/mod_mbox/ctakes-commits/201209.mbox/<20120925210622.4121B23888CD@eris.apache.org>,chenpei
Tue Sep 25 21:07:09 2012,http://mail-archives.apache.org/mod_mbox/ctakes-commits/201209.mbox/<20120925210622.4121B23888CD@eris.apache.org>,chenpei
Tue Sep 25 21:07:09 2012,http://mail-archives.apache.org/mod_mbox/ctakes-commits/201209.mbox/<20120925210622.4121B23888CD@eris.apache.org>,chenpei
Tue Sep 25 21:07:09 2012,http://mail-archives.apache.org/mod_mbox/ctakes-commits/201209.mbox/<20120925210622.4121B23888CD@eris.apache.org>,chenpei
Tue Sep 25 21:07:09 2012,http://mail-archives.apache.org/mod_mbox/ctakes-commits/201209.mbox/<20120925210622.4121B23888CD@eris.apache.org>,chenpei
Tue Sep 25 21:07:09 2012,http://mail-archives.apache.org/mod_mbox/ctakes-commits/201209.mbox/<20120925210622.4121B23888CD@eris.apache.org>,chenpei
Tue Sep 25 21:07:09 2012,http://mail-archives.apache.org/mod_mbox/ctakes-commits/201209.mbox/<20120925210622.4121B23888CD@eris.apache.org>,chenpei
Tue Sep 25 21:07:09 2012,http://mail-archives.apache.org/mod_mbox/ctakes-commits/201209.mbox/<20120925210622.4121B23888CD@eris.apache.org>,chenpei
Tue Sep 25 21:07:09 2012,http://mail-archives.apache.org/mod_mbox/ctakes-commits/201209.mbox/<20120925210622.4121B23888CD@eris.apache.org>,chenpei
Tue Sep 25 21:07:09 2012,http://mail-archives.apache.org/mod_mbox/ctakes-commits/201209.mbox/<20120925210622.4121B23888CD@eris.apache.org>,chenpei
Tue Sep 25 21:07:09 2012,http://mail-archives.apache.org/mod_mbox/ctakes-commits/201209.mbox/<20120925210622.4121B23888CD@eris.apache.org>,chenpei
Tue Sep 25 21:07:09 2012,http://mail-archives.apache.org/mod_mbox/ctakes-commits/201209.mbox/<20120925210622.4121B23888CD@eris.apache.org>,chenpei
Tue Sep 25 21:07:09 2012,http://mail-archives.apache.org/mod_mbox/ctakes-commits/201209.mbox/<20120925210622.4121B23888CD@eris.apache.org>,chenpei
Tue Sep 25 21:07:09 2012,http://mail-archives.apache.org/mod_mbox/ctakes-commits/201209.mbox/<20120925210622.4121B23888CD@eris.apache.org>,chenpei
Tue Sep 25 21:07:09 2012,http://mail-archives.apache.org/mod_mbox/ctakes-commits/201209.mbox/<20120925210622.4121B23888CD@eris.apache.org>,chenpei
Tue Sep 25 21:07:09 2012,http://mail-archives.apache.org/mod_mbox/ctakes-commits/201209.mbox/<20120925210622.4121B23888CD@eris.apache.org>,chenpei
Tue Sep 25 21:07:09 2012,http://mail-archives.apache.org/mod_mbox/ctakes-commits/201209.mbox/<20120925210622.4121B23888CD@eris.apache.org>,chenpei
Tue Sep 25 21:07:09 2012,http://mail-archives.apache.org/mod_mbox/ctakes-commits/201209.mbox/<20120925210622.4121B23888CD@eris.apache.org>,chenpei
Tue Sep 25 21:07:09 2012,http://mail-archives.apache.org/mod_mbox/ctakes-commits/201209.mbox/<20120925210622.4121B23888CD@eris.apache.org>,chenpei
Tue Sep 25 21:07:09 2012,http://mail-archives.apache.org/mod_mbox/ctakes-commits/201209.mbox/<20120925210622.4121B23888CD@eris.apache.org>,chenpei
Tue Sep 25 21:07:09 2012,http://mail-archives.apache.org/mod_mbox/ctakes-commits/201209.mbox/<20120925210622.4121B23888CD@eris.apache.org>,chenpei
Tue Sep 25 21:07:09 2012,http://mail-archives.apache.org/mod_mbox/ctakes-commits/201209.mbox/<20120925210622.4121B23888CD@eris.apache.org>,chenpei
Tue Sep 25 21:07:09 2012,http://mail-archives.apache.org/mod_mbox/ctakes-commits/201209.mbox/<20120925210622.4121B23888CD@eris.apache.org>,chenpei
Tue Sep 25 21:07:09 2012,http://mail-archives.apache.org/mod_mbox/ctakes-commits/201209.mbox/<20120925210622.4121B23888CD@eris.apache.org>,chenpei
Tue Sep 25 21:07:09 2012,http://mail-archives.apache.org/mod_mbox/ctakes-commits/201209.mbox/<20120925210622.4121B23888CD@eris.apache.org>,chenpei
Tue Sep 25 21:07:09 2012,http://mail-archives.apache.org/mod_mbox/ctakes-commits/201209.mbox/<20120925210622.4121B23888CD@eris.apache.org>,chenpei
Tue Sep 25 21:07:09 2012,http://mail-archives.apache.org/mod_mbox/ctakes-commits/201209.mbox/<20120925210622.4121B23888CD@eris.apache.org>,chenpei
Tue Sep 25 21:07:09 2012,http://mail-archives.apache.org/mod_mbox/ctakes-commits/201209.mbox/<20120925210622.4121B23888CD@eris.apache.org>,chenpei
Tue Sep 25 21:07:09 2012,http://mail-archives.apache.org/mod_mbox/ctakes-commits/201209.mbox/<20120925210622.4121B23888CD@eris.apache.org>,chenpei
Tue Sep 25 21:07:09 2012,http://mail-archives.apache.org/mod_mbox/ctakes-commits/201209.mbox/<20120925210622.4121B23888CD@eris.apache.org>,chenpei
Tue Sep 25 21:07:09 2012,http://mail-archives.apache.org/mod_mbox/ctakes-commits/201209.mbox/<20120925210622.4121B23888CD@eris.apache.org>,chenpei
Tue Sep 25 21:07:09 2012,http://mail-archives.apache.org/mod_mbox/ctakes-commits/201209.mbox/<20120925210622.4121B23888CD@eris.apache.org>,chenpei
Tue Sep 25 21:07:09 2012,http://mail-archives.apache.org/mod_mbox/ctakes-commits/201209.mbox/<20120925210622.4121B23888CD@eris.apache.org>,chenpei
Tue Sep 25 21:07:09 2012,http://mail-archives.apache.org/mod_mbox/ctakes-commits/201209.mbox/<20120925210622.4121B23888CD@eris.apache.org>,chenpei
Tue Sep 25 21:07:09 2012,http://mail-archives.apache.org/mod_mbox/ctakes-commits/201209.mbox/<20120925210622.4121B23888CD@eris.apache.org>,chenpei
Tue Sep 25 21:07:09 2012,http://mail-archives.apache.org/mod_mbox/ctakes-commits/201209.mbox/<20120925210622.4121B23888CD@eris.apache.org>,chenpei
Tue Sep 25 21:07:09 2012,http://mail-archives.apache.org/mod_mbox/ctakes-commits/201209.mbox/<20120925210622.4121B23888CD@eris.apache.org>,chenpei
Tue Sep 25 21:07:09 2012,http://mail-archives.apache.org/mod_mbox/ctakes-commits/201209.mbox/<20120925210622.4121B23888CD@eris.apache.org>,chenpei
Tue Sep 25 21:07:09 2012,http://mail-archives.apache.org/mod_mbox/ctakes-commits/201209.mbox/<20120925210622.4121B23888CD@eris.apache.org>,chenpei
Tue Sep 25 21:07:09 2012,http://mail-archives.apache.org/mod_mbox/ctakes-commits/201209.mbox/<20120925210622.4121B23888CD@eris.apache.org>,chenpei
Tue Sep 25 21:07:09 2012,http://mail-archives.apache.org/mod_mbox/ctakes-commits/201209.mbox/<20120925210622.4121B23888CD@eris.apache.org>,chenpei
Tue Sep 25 21:07:09 2012,http://mail-archives.apache.org/mod_mbox/ctakes-commits/201209.mbox/<20120925210622.4121B23888CD@eris.apache.org>,chenpei
Tue Sep 25 21:07:09 2012,http://mail-archives.apache.org/mod_mbox/ctakes-commits/201209.mbox/<20120925210622.4121B23888CD@eris.apache.org>,chenpei
Tue Sep 25 21:07:09 2012,http://mail-archives.apache.org/mod_mbox/ctakes-commits/201209.mbox/<20120925210622.4121B23888CD@eris.apache.org>,chenpei
Tue Sep 25 21:07:09 2012,http://mail-archives.apache.org/mod_mbox/ctakes-commits/201209.mbox/<20120925210622.4121B23888CD@eris.apache.org>,chenpei
Tue Sep 25 21:07:09 2012,http://mail-archives.apache.org/mod_mbox/ctakes-commits/201209.mbox/<20120925210622.4121B23888CD@eris.apache.org>,chenpei
Tue Sep 25 21:07:09 2012,http://mail-archives.apache.org/mod_mbox/ctakes-commits/201209.mbox/<20120925210622.4121B23888CD@eris.apache.org>,chenpei
Tue Sep 25 21:07:09 2012,http://mail-archives.apache.org/mod_mbox/ctakes-commits/201209.mbox/<20120925210622.4121B23888CD@eris.apache.org>,chenpei
Tue Sep 25 21:07:09 2012,http://mail-archives.apache.org/mod_mbox/ctakes-commits/201209.mbox/<20120925210622.4121B23888CD@eris.apache.org>,chenpei
Tue Sep 25 21:07:09 2012,http://mail-archives.apache.org/mod_mbox/ctakes-commits/201209.mbox/<20120925210622.4121B23888CD@eris.apache.org>,chenpei
Tue Sep 25 21:07:09 2012,http://mail-archives.apache.org/mod_mbox/ctakes-commits/201209.mbox/<20120925210622.4121B23888CD@eris.apache.org>,chenpei
Tue Sep 25 21:07:09 2012,http://mail-archives.apache.org/mod_mbox/ctakes-commits/201209.mbox/<20120925210622.4121B23888CD@eris.apache.org>,chenpei
Tue Sep 25 21:07:09 2012,http://mail-archives.apache.org/mod_mbox/ctakes-commits/201209.mbox/<20120925210622.4121B23888CD@eris.apache.org>,chenpei
Tue Sep 25 21:07:09 2012,http://mail-archives.apache.org/mod_mbox/ctakes-commits/201209.mbox/<20120925210622.4121B23888CD@eris.apache.org>,chenpei
Tue Sep 25 21:07:09 2012,http://mail-archives.apache.org/mod_mbox/ctakes-commits/201209.mbox/<20120925210622.4121B23888CD@eris.apache.org>,chenpei
Tue Sep 25 21:07:09 2012,http://mail-archives.apache.org/mod_mbox/ctakes-commits/201209.mbox/<20120925210622.4121B23888CD@eris.apache.org>,chenpei
Tue Sep 25 21:07:09 2012,http://mail-archives.apache.org/mod_mbox/ctakes-commits/201209.mbox/<20120925210622.4121B23888CD@eris.apache.org>,chenpei
Tue Sep 25 21:07:09 2012,http://mail-archives.apache.org/mod_mbox/ctakes-commits/201209.mbox/<20120925210622.4121B23888CD@eris.apache.org>,chenpei
Tue Sep 25 21:07:09 2012,http://mail-archives.apache.org/mod_mbox/ctakes-commits/201209.mbox/<20120925210622.4121B23888CD@eris.apache.org>,chenpei
Tue Sep 25 21:07:09 2012,http://mail-archives.apache.org/mod_mbox/ctakes-commits/201209.mbox/<20120925210622.4121B23888CD@eris.apache.org>,chenpei
Tue Sep 25 21:07:09 2012,http://mail-archives.apache.org/mod_mbox/ctakes-commits/201209.mbox/<20120925210622.4121B23888CD@eris.apache.org>,chenpei
Tue Sep 25 21:07:09 2012,http://mail-archives.apache.org/mod_mbox/ctakes-commits/201209.mbox/<20120925210622.4121B23888CD@eris.apache.org>,chenpei
Tue Sep 25 21:07:09 2012,http://mail-archives.apache.org/mod_mbox/ctakes-commits/201209.mbox/<20120925210622.4121B23888CD@eris.apache.org>,chenpei
Tue Sep 25 21:07:09 2012,http://mail-archives.apache.org/mod_mbox/ctakes-commits/201209.mbox/<20120925210622.4121B23888CD@eris.apache.org>,chenpei
Tue Sep 25 21:07:09 2012,http://mail-archives.apache.org/mod_mbox/ctakes-commits/201209.mbox/<20120925210622.4121B23888CD@eris.apache.org>,chenpei
Tue Sep 25 21:07:09 2012,http://mail-archives.apache.org/mod_mbox/ctakes-commits/201209.mbox/<20120925210622.4121B23888CD@eris.apache.org>,chenpei
Tue Sep 25 21:07:09 2012,http://mail-archives.apache.org/mod_mbox/ctakes-commits/201209.mbox/<20120925210622.4121B23888CD@eris.apache.org>,chenpei
Tue Sep 25 21:07:09 2012,http://mail-archives.apache.org/mod_mbox/ctakes-commits/201209.mbox/<20120925210622.4121B23888CD@eris.apache.org>,chenpei
Tue Sep 25 21:07:09 2012,http://mail-archives.apache.org/mod_mbox/ctakes-commits/201209.mbox/<20120925210622.4121B23888CD@eris.apache.org>,chenpei
Tue Sep 25 21:07:09 2012,http://mail-archives.apache.org/mod_mbox/ctakes-commits/201209.mbox/<20120925210622.4121B23888CD@eris.apache.org>,chenpei
Tue Sep 25 21:07:09 2012,http://mail-archives.apache.org/mod_mbox/ctakes-commits/201209.mbox/<20120925210622.4121B23888CD@eris.apache.org>,chenpei
Tue Sep 25 21:07:09 2012,http://mail-archives.apache.org/mod_mbox/ctakes-commits/201209.mbox/<20120925210622.4121B23888CD@eris.apache.org>,chenpei
Tue Sep 25 21:07:09 2012,http://mail-archives.apache.org/mod_mbox/ctakes-commits/201209.mbox/<20120925210622.4121B23888CD@eris.apache.org>,chenpei
Tue Sep 25 21:07:09 2012,http://mail-archives.apache.org/mod_mbox/ctakes-commits/201209.mbox/<20120925210622.4121B23888CD@eris.apache.org>,chenpei
Tue Sep 25 21:07:09 2012,http://mail-archives.apache.org/mod_mbox/ctakes-commits/201209.mbox/<20120925210622.4121B23888CD@eris.apache.org>,chenpei
Tue Sep 25 21:07:09 2012,http://mail-archives.apache.org/mod_mbox/ctakes-commits/201209.mbox/<20120925210622.4121B23888CD@eris.apache.org>,chenpei
Tue Sep 25 21:07:09 2012,http://mail-archives.apache.org/mod_mbox/ctakes-commits/201209.mbox/<20120925210622.4121B23888CD@eris.apache.org>,chenpei
Tue Sep 25 21:07:09 2012,http://mail-archives.apache.org/mod_mbox/ctakes-commits/201209.mbox/<20120925210622.4121B23888CD@eris.apache.org>,chenpei
Tue Sep 25 21:07:09 2012,http://mail-archives.apache.org/mod_mbox/ctakes-commits/201209.mbox/<20120925210622.4121B23888CD@eris.apache.org>,chenpei
Tue Sep 25 21:07:09 2012,http://mail-archives.apache.org/mod_mbox/ctakes-commits/201209.mbox/<20120925210622.4121B23888CD@eris.apache.org>,chenpei
Tue Sep 25 21:07:09 2012,http://mail-archives.apache.org/mod_mbox/ctakes-commits/201209.mbox/<20120925210622.4121B23888CD@eris.apache.org>,chenpei
Tue Sep 25 21:07:09 2012,http://mail-archives.apache.org/mod_mbox/ctakes-commits/201209.mbox/<20120925210622.4121B23888CD@eris.apache.org>,chenpei
Tue Sep 25 21:07:09 2012,http://mail-archives.apache.org/mod_mbox/ctakes-commits/201209.mbox/<20120925210622.4121B23888CD@eris.apache.org>,chenpei
Tue Sep 25 21:07:09 2012,http://mail-archives.apache.org/mod_mbox/ctakes-commits/201209.mbox/<20120925210622.4121B23888CD@eris.apache.org>,chenpei
Tue Sep 25 21:07:09 2012,http://mail-archives.apache.org/mod_mbox/ctakes-commits/201209.mbox/<20120925210622.4121B23888CD@eris.apache.org>,chenpei
Tue Sep 25 21:07:09 2012,http://mail-archives.apache.org/mod_mbox/ctakes-commits/201209.mbox/<20120925210622.4121B23888CD@eris.apache.org>,chenpei
Tue Sep 25 21:07:09 2012,http://mail-archives.apache.org/mod_mbox/ctakes-commits/201209.mbox/<20120925210622.4121B23888CD@eris.apache.org>,chenpei
Tue Sep 25 21:07:09 2012,http://mail-archives.apache.org/mod_mbox/ctakes-commits/201209.mbox/<20120925210622.4121B23888CD@eris.apache.org>,chenpei
Tue Sep 25 21:07:09 2012,http://mail-archives.apache.org/mod_mbox/ctakes-commits/201209.mbox/<20120925210622.4121B23888CD@eris.apache.org>,chenpei
Tue Sep 25 21:07:09 2012,http://mail-archives.apache.org/mod_mbox/ctakes-commits/201209.mbox/<20120925210622.4121B23888CD@eris.apache.org>,chenpei
Tue Sep 25 21:07:09 2012,http://mail-archives.apache.org/mod_mbox/ctakes-commits/201209.mbox/<20120925210622.4121B23888CD@eris.apache.org>,chenpei
Tue Sep 25 21:07:09 2012,http://mail-archives.apache.org/mod_mbox/ctakes-commits/201209.mbox/<20120925210622.4121B23888CD@eris.apache.org>,chenpei
Tue Sep 25 21:07:09 2012,http://mail-archives.apache.org/mod_mbox/ctakes-commits/201209.mbox/<20120925210622.4121B23888CD@eris.apache.org>,chenpei
Tue Sep 25 21:07:09 2012,http://mail-archives.apache.org/mod_mbox/ctakes-commits/201209.mbox/<20120925210622.4121B23888CD@eris.apache.org>,chenpei
Tue Sep 25 21:07:09 2012,http://mail-archives.apache.org/mod_mbox/ctakes-commits/201209.mbox/<20120925210622.4121B23888CD@eris.apache.org>,chenpei
Tue Sep 25 21:07:09 2012,http://mail-archives.apache.org/mod_mbox/ctakes-commits/201209.mbox/<20120925210622.4121B23888CD@eris.apache.org>,chenpei
Tue Sep 25 21:07:09 2012,http://mail-archives.apache.org/mod_mbox/ctakes-commits/201209.mbox/<20120925210622.4121B23888CD@eris.apache.org>,chenpei
Tue Sep 25 21:07:09 2012,http://mail-archives.apache.org/mod_mbox/ctakes-commits/201209.mbox/<20120925210622.4121B23888CD@eris.apache.org>,chenpei
Tue Sep 25 21:07:09 2012,http://mail-archives.apache.org/mod_mbox/ctakes-commits/201209.mbox/<20120925210622.4121B23888CD@eris.apache.org>,chenpei
Tue Sep 25 21:07:09 2012,http://mail-archives.apache.org/mod_mbox/ctakes-commits/201209.mbox/<20120925210622.4121B23888CD@eris.apache.org>,chenpei
Tue Sep 25 21:07:09 2012,http://mail-archives.apache.org/mod_mbox/ctakes-commits/201209.mbox/<20120925210622.4121B23888CD@eris.apache.org>,chenpei
Tue Sep 25 21:07:09 2012,http://mail-archives.apache.org/mod_mbox/ctakes-commits/201209.mbox/<20120925210622.4121B23888CD@eris.apache.org>,chenpei
Tue Sep 25 21:07:09 2012,http://mail-archives.apache.org/mod_mbox/ctakes-commits/201209.mbox/<20120925210622.4121B23888CD@eris.apache.org>,chenpei
Tue Sep 25 21:07:09 2012,http://mail-archives.apache.org/mod_mbox/ctakes-commits/201209.mbox/<20120925210622.4121B23888CD@eris.apache.org>,chenpei
Tue Sep 25 21:07:09 2012,http://mail-archives.apache.org/mod_mbox/ctakes-commits/201209.mbox/<20120925210622.4121B23888CD@eris.apache.org>,chenpei
Tue Sep 25 21:07:09 2012,http://mail-archives.apache.org/mod_mbox/ctakes-commits/201209.mbox/<20120925210622.4121B23888CD@eris.apache.org>,chenpei
Tue Sep 25 21:07:09 2012,http://mail-archives.apache.org/mod_mbox/ctakes-commits/201209.mbox/<20120925210622.4121B23888CD@eris.apache.org>,chenpei
Tue Sep 25 21:07:09 2012,http://mail-archives.apache.org/mod_mbox/ctakes-commits/201209.mbox/<20120925210622.4121B23888CD@eris.apache.org>,chenpei
Tue Sep 25 21:07:09 2012,http://mail-archives.apache.org/mod_mbox/ctakes-commits/201209.mbox/<20120925210622.4121B23888CD@eris.apache.org>,chenpei
Tue Sep 25 21:07:09 2012,http://mail-archives.apache.org/mod_mbox/ctakes-commits/201209.mbox/<20120925210622.4121B23888CD@eris.apache.org>,chenpei
Tue Sep 25 21:07:09 2012,http://mail-archives.apache.org/mod_mbox/ctakes-commits/201209.mbox/<20120925210622.4121B23888CD@eris.apache.org>,chenpei
Tue Sep 25 21:07:09 2012,http://mail-archives.apache.org/mod_mbox/ctakes-commits/201209.mbox/<20120925210622.4121B23888CD@eris.apache.org>,chenpei
Tue Sep 25 21:07:09 2012,http://mail-archives.apache.org/mod_mbox/ctakes-commits/201209.mbox/<20120925210622.4121B23888CD@eris.apache.org>,chenpei
Tue Sep 25 21:07:09 2012,http://mail-archives.apache.org/mod_mbox/ctakes-commits/201209.mbox/<20120925210622.4121B23888CD@eris.apache.org>,chenpei
Tue Sep 25 21:07:09 2012,http://mail-archives.apache.org/mod_mbox/ctakes-commits/201209.mbox/<20120925210622.4121B23888CD@eris.apache.org>,chenpei
Tue Sep 25 21:07:09 2012,http://mail-archives.apache.org/mod_mbox/ctakes-commits/201209.mbox/<20120925210622.4121B23888CD@eris.apache.org>,chenpei
Tue Sep 25 21:07:09 2012,http://mail-archives.apache.org/mod_mbox/ctakes-commits/201209.mbox/<20120925210622.4121B23888CD@eris.apache.org>,chenpei
Tue Sep 25 21:07:09 2012,http://mail-archives.apache.org/mod_mbox/ctakes-commits/201209.mbox/<20120925210622.4121B23888CD@eris.apache.org>,chenpei
Tue Sep 25 21:07:09 2012,http://mail-archives.apache.org/mod_mbox/ctakes-commits/201209.mbox/<20120925210622.4121B23888CD@eris.apache.org>,chenpei
Tue Sep 25 21:07:09 2012,http://mail-archives.apache.org/mod_mbox/ctakes-commits/201209.mbox/<20120925210622.4121B23888CD@eris.apache.org>,chenpei
Tue Sep 25 21:07:09 2012,http://mail-archives.apache.org/mod_mbox/ctakes-commits/201209.mbox/<20120925210622.4121B23888CD@eris.apache.org>,chenpei
Tue Sep 25 21:07:09 2012,http://mail-archives.apache.org/mod_mbox/ctakes-commits/201209.mbox/<20120925210622.4121B23888CD@eris.apache.org>,chenpei
Tue Sep 25 21:07:09 2012,http://mail-archives.apache.org/mod_mbox/ctakes-commits/201209.mbox/<20120925210622.4121B23888CD@eris.apache.org>,chenpei
Tue Sep 25 21:07:09 2012,http://mail-archives.apache.org/mod_mbox/ctakes-commits/201209.mbox/<20120925210622.4121B23888CD@eris.apache.org>,chenpei
Tue Sep 25 21:07:09 2012,http://mail-archives.apache.org/mod_mbox/ctakes-commits/201209.mbox/<20120925210622.4121B23888CD@eris.apache.org>,chenpei
Tue Sep 25 21:07:09 2012,http://mail-archives.apache.org/mod_mbox/ctakes-commits/201209.mbox/<20120925210622.4121B23888CD@eris.apache.org>,chenpei
Tue Sep 25 21:07:09 2012,http://mail-archives.apache.org/mod_mbox/ctakes-commits/201209.mbox/<20120925210622.4121B23888CD@eris.apache.org>,chenpei
Tue Sep 25 21:07:09 2012,http://mail-archives.apache.org/mod_mbox/ctakes-commits/201209.mbox/<20120925210622.4121B23888CD@eris.apache.org>,chenpei
Tue Sep 25 21:07:09 2012,http://mail-archives.apache.org/mod_mbox/ctakes-commits/201209.mbox/<20120925210622.4121B23888CD@eris.apache.org>,chenpei
Tue Sep 25 21:07:09 2012,http://mail-archives.apache.org/mod_mbox/ctakes-commits/201209.mbox/<20120925210622.4121B23888CD@eris.apache.org>,chenpei
Tue Sep 25 21:07:09 2012,http://mail-archives.apache.org/mod_mbox/ctakes-commits/201209.mbox/<20120925210622.4121B23888CD@eris.apache.org>,chenpei
Tue Sep 25 21:07:09 2012,http://mail-archives.apache.org/mod_mbox/ctakes-commits/201209.mbox/<20120925210622.4121B23888CD@eris.apache.org>,chenpei
Tue Sep 25 21:07:09 2012,http://mail-archives.apache.org/mod_mbox/ctakes-commits/201209.mbox/<20120925210622.4121B23888CD@eris.apache.org>,chenpei
Tue Sep 25 21:07:09 2012,http://mail-archives.apache.org/mod_mbox/ctakes-commits/201209.mbox/<20120925210622.4121B23888CD@eris.apache.org>,chenpei
Tue Sep 25 21:07:09 2012,http://mail-archives.apache.org/mod_mbox/ctakes-commits/201209.mbox/<20120925210622.4121B23888CD@eris.apache.org>,chenpei
Tue Sep 25 21:07:09 2012,http://mail-archives.apache.org/mod_mbox/ctakes-commits/201209.mbox/<20120925210622.4121B23888CD@eris.apache.org>,chenpei
Tue Sep 25 21:07:09 2012,http://mail-archives.apache.org/mod_mbox/ctakes-commits/201209.mbox/<20120925210622.4121B23888CD@eris.apache.org>,chenpei
Tue Sep 25 21:07:09 2012,http://mail-archives.apache.org/mod_mbox/ctakes-commits/201209.mbox/<20120925210622.4121B23888CD@eris.apache.org>,chenpei
Tue Sep 25 21:07:09 2012,http://mail-archives.apache.org/mod_mbox/ctakes-commits/201209.mbox/<20120925210622.4121B23888CD@eris.apache.org>,chenpei
Tue Sep 25 21:07:09 2012,http://mail-archives.apache.org/mod_mbox/ctakes-commits/201209.mbox/<20120925210622.4121B23888CD@eris.apache.org>,chenpei
Tue Sep 25 21:07:09 2012,http://mail-archives.apache.org/mod_mbox/ctakes-commits/201209.mbox/<20120925210622.4121B23888CD@eris.apache.org>,chenpei
Tue Sep 25 21:07:09 2012,http://mail-archives.apache.org/mod_mbox/ctakes-commits/201209.mbox/<20120925210622.4121B23888CD@eris.apache.org>,chenpei
Tue Sep 25 21:07:09 2012,http://mail-archives.apache.org/mod_mbox/ctakes-commits/201209.mbox/<20120925210622.4121B23888CD@eris.apache.org>,chenpei
Tue Sep 25 21:07:09 2012,http://mail-archives.apache.org/mod_mbox/ctakes-commits/201209.mbox/<20120925210622.4121B23888CD@eris.apache.org>,chenpei
Tue Sep 25 21:07:09 2012,http://mail-archives.apache.org/mod_mbox/ctakes-commits/201209.mbox/<20120925210622.4121B23888CD@eris.apache.org>,chenpei
Tue Sep 25 21:07:09 2012,http://mail-archives.apache.org/mod_mbox/ctakes-commits/201209.mbox/<20120925210622.4121B23888CD@eris.apache.org>,chenpei
Tue Sep 25 21:07:09 2012,http://mail-archives.apache.org/mod_mbox/ctakes-commits/201209.mbox/<20120925210622.4121B23888CD@eris.apache.org>,chenpei
Tue Sep 25 21:07:09 2012,http://mail-archives.apache.org/mod_mbox/ctakes-commits/201209.mbox/<20120925210622.4121B23888CD@eris.apache.org>,chenpei
Tue Sep 25 21:07:09 2012,http://mail-archives.apache.org/mod_mbox/ctakes-commits/201209.mbox/<20120925210622.4121B23888CD@eris.apache.org>,chenpei
Tue Sep 25 21:07:09 2012,http://mail-archives.apache.org/mod_mbox/ctakes-commits/201209.mbox/<20120925210622.4121B23888CD@eris.apache.org>,chenpei
Tue Sep 25 21:07:09 2012,http://mail-archives.apache.org/mod_mbox/ctakes-commits/201209.mbox/<20120925210622.4121B23888CD@eris.apache.org>,chenpei
Tue Sep 25 21:07:09 2012,http://mail-archives.apache.org/mod_mbox/ctakes-commits/201209.mbox/<20120925210622.4121B23888CD@eris.apache.org>,chenpei
Tue Sep 25 21:07:09 2012,http://mail-archives.apache.org/mod_mbox/ctakes-commits/201209.mbox/<20120925210622.4121B23888CD@eris.apache.org>,chenpei
Tue Sep 25 21:07:09 2012,http://mail-archives.apache.org/mod_mbox/ctakes-commits/201209.mbox/<20120925210622.4121B23888CD@eris.apache.org>,chenpei
Wed Oct  3 17:31:46 2012,http://mail-archives.apache.org/mod_mbox/ctakes-commits/201210.mbox/<20121003173101.BBCBE2388A3D@eris.apache.org>,chenpei
Wed Oct  3 21:50:03 2012,http://mail-archives.apache.org/mod_mbox/ctakes-commits/201210.mbox/<20121003214907.E97FC2388C5D@eris.apache.org>,chenpei
Wed Oct  3 21:50:03 2012,http://mail-archives.apache.org/mod_mbox/ctakes-commits/201210.mbox/<20121003214907.E97FC2388C5D@eris.apache.org>,chenpei
Wed Oct  3 21:50:03 2012,http://mail-archives.apache.org/mod_mbox/ctakes-commits/201210.mbox/<20121003214907.E97FC2388C5D@eris.apache.org>,chenpei
Wed Oct  3 21:50:03 2012,http://mail-archives.apache.org/mod_mbox/ctakes-commits/201210.mbox/<20121003214907.E97FC2388C5D@eris.apache.org>,chenpei
Wed Oct  3 21:50:03 2012,http://mail-archives.apache.org/mod_mbox/ctakes-commits/201210.mbox/<20121003214907.E97FC2388C5D@eris.apache.org>,chenpei
Wed Oct  3 21:50:03 2012,http://mail-archives.apache.org/mod_mbox/ctakes-commits/201210.mbox/<20121003214907.E97FC2388C5D@eris.apache.org>,chenpei
Wed Oct  3 21:50:03 2012,http://mail-archives.apache.org/mod_mbox/ctakes-commits/201210.mbox/<20121003214907.E97FC2388C5D@eris.apache.org>,chenpei
Wed Oct  3 21:50:03 2012,http://mail-archives.apache.org/mod_mbox/ctakes-commits/201210.mbox/<20121003214907.E97FC2388C5D@eris.apache.org>,chenpei
Wed Oct  3 21:50:03 2012,http://mail-archives.apache.org/mod_mbox/ctakes-commits/201210.mbox/<20121003214907.E97FC2388C5D@eris.apache.org>,chenpei
Wed Oct  3 21:50:03 2012,http://mail-archives.apache.org/mod_mbox/ctakes-commits/201210.mbox/<20121003214907.E97FC2388C5D@eris.apache.org>,chenpei
Wed Oct  3 21:50:03 2012,http://mail-archives.apache.org/mod_mbox/ctakes-commits/201210.mbox/<20121003214907.E97FC2388C5D@eris.apache.org>,chenpei
Wed Oct  3 21:50:03 2012,http://mail-archives.apache.org/mod_mbox/ctakes-commits/201210.mbox/<20121003214907.E97FC2388C5D@eris.apache.org>,chenpei
Wed Oct  3 21:50:03 2012,http://mail-archives.apache.org/mod_mbox/ctakes-commits/201210.mbox/<20121003214907.E97FC2388C5D@eris.apache.org>,chenpei
Wed Oct  3 21:50:03 2012,http://mail-archives.apache.org/mod_mbox/ctakes-commits/201210.mbox/<20121003214907.E97FC2388C5D@eris.apache.org>,chenpei
Wed Oct  3 21:50:03 2012,http://mail-archives.apache.org/mod_mbox/ctakes-commits/201210.mbox/<20121003214907.E97FC2388C5D@eris.apache.org>,chenpei
Wed Oct  3 21:50:03 2012,http://mail-archives.apache.org/mod_mbox/ctakes-commits/201210.mbox/<20121003214907.E97FC2388C5D@eris.apache.org>,chenpei
Wed Oct  3 21:50:03 2012,http://mail-archives.apache.org/mod_mbox/ctakes-commits/201210.mbox/<20121003214907.E97FC2388C5D@eris.apache.org>,chenpei
Wed Oct  3 21:50:03 2012,http://mail-archives.apache.org/mod_mbox/ctakes-commits/201210.mbox/<20121003214907.E97FC2388C5D@eris.apache.org>,chenpei
Wed Oct  3 21:50:03 2012,http://mail-archives.apache.org/mod_mbox/ctakes-commits/201210.mbox/<20121003214907.E97FC2388C5D@eris.apache.org>,chenpei
Wed Oct  3 21:50:03 2012,http://mail-archives.apache.org/mod_mbox/ctakes-commits/201210.mbox/<20121003214907.E97FC2388C5D@eris.apache.org>,chenpei
Wed Oct  3 21:50:03 2012,http://mail-archives.apache.org/mod_mbox/ctakes-commits/201210.mbox/<20121003214907.E97FC2388C5D@eris.apache.org>,chenpei
Wed Oct  3 21:50:03 2012,http://mail-archives.apache.org/mod_mbox/ctakes-commits/201210.mbox/<20121003214907.E97FC2388C5D@eris.apache.org>,chenpei
Wed Oct  3 21:50:03 2012,http://mail-archives.apache.org/mod_mbox/ctakes-commits/201210.mbox/<20121003214907.E97FC2388C5D@eris.apache.org>,chenpei
Wed Oct  3 21:50:03 2012,http://mail-archives.apache.org/mod_mbox/ctakes-commits/201210.mbox/<20121003214907.E97FC2388C5D@eris.apache.org>,chenpei
Wed Oct  3 21:50:03 2012,http://mail-archives.apache.org/mod_mbox/ctakes-commits/201210.mbox/<20121003214907.E97FC2388C5D@eris.apache.org>,chenpei
Wed Oct  3 21:50:03 2012,http://mail-archives.apache.org/mod_mbox/ctakes-commits/201210.mbox/<20121003214907.E97FC2388C5D@eris.apache.org>,chenpei
Wed Oct  3 21:50:03 2012,http://mail-archives.apache.org/mod_mbox/ctakes-commits/201210.mbox/<20121003214907.E97FC2388C5D@eris.apache.org>,chenpei
Wed Oct  3 21:50:03 2012,http://mail-archives.apache.org/mod_mbox/ctakes-commits/201210.mbox/<20121003214907.E97FC2388C5D@eris.apache.org>,chenpei
Wed Oct  3 21:50:03 2012,http://mail-archives.apache.org/mod_mbox/ctakes-commits/201210.mbox/<20121003214907.E97FC2388C5D@eris.apache.org>,chenpei
Wed Oct  3 21:50:03 2012,http://mail-archives.apache.org/mod_mbox/ctakes-commits/201210.mbox/<20121003214907.E97FC2388C5D@eris.apache.org>,chenpei
Wed Oct  3 21:50:03 2012,http://mail-archives.apache.org/mod_mbox/ctakes-commits/201210.mbox/<20121003214907.E97FC2388C5D@eris.apache.org>,chenpei
Wed Oct  3 21:50:03 2012,http://mail-archives.apache.org/mod_mbox/ctakes-commits/201210.mbox/<20121003214907.E97FC2388C5D@eris.apache.org>,chenpei
Wed Oct  3 21:50:03 2012,http://mail-archives.apache.org/mod_mbox/ctakes-commits/201210.mbox/<20121003214907.E97FC2388C5D@eris.apache.org>,chenpei
Wed Oct  3 21:50:03 2012,http://mail-archives.apache.org/mod_mbox/ctakes-commits/201210.mbox/<20121003214907.E97FC2388C5D@eris.apache.org>,chenpei
Wed Oct  3 21:50:03 2012,http://mail-archives.apache.org/mod_mbox/ctakes-commits/201210.mbox/<20121003214907.E97FC2388C5D@eris.apache.org>,chenpei
Wed Oct  3 21:50:03 2012,http://mail-archives.apache.org/mod_mbox/ctakes-commits/201210.mbox/<20121003214907.E97FC2388C5D@eris.apache.org>,chenpei
Wed Oct  3 21:50:03 2012,http://mail-archives.apache.org/mod_mbox/ctakes-commits/201210.mbox/<20121003214907.E97FC2388C5D@eris.apache.org>,chenpei
Wed Oct  3 21:50:03 2012,http://mail-archives.apache.org/mod_mbox/ctakes-commits/201210.mbox/<20121003214907.E97FC2388C5D@eris.apache.org>,chenpei
Wed Oct  3 21:50:03 2012,http://mail-archives.apache.org/mod_mbox/ctakes-commits/201210.mbox/<20121003214907.E97FC2388C5D@eris.apache.org>,chenpei
Wed Oct  3 21:50:03 2012,http://mail-archives.apache.org/mod_mbox/ctakes-commits/201210.mbox/<20121003214907.E97FC2388C5D@eris.apache.org>,chenpei
Wed Oct  3 21:50:03 2012,http://mail-archives.apache.org/mod_mbox/ctakes-commits/201210.mbox/<20121003214907.E97FC2388C5D@eris.apache.org>,chenpei
Wed Oct  3 21:50:03 2012,http://mail-archives.apache.org/mod_mbox/ctakes-commits/201210.mbox/<20121003214907.E97FC2388C5D@eris.apache.org>,chenpei
Wed Oct  3 21:50:03 2012,http://mail-archives.apache.org/mod_mbox/ctakes-commits/201210.mbox/<20121003214907.E97FC2388C5D@eris.apache.org>,chenpei
Wed Oct  3 21:50:03 2012,http://mail-archives.apache.org/mod_mbox/ctakes-commits/201210.mbox/<20121003214907.E97FC2388C5D@eris.apache.org>,chenpei
Wed Oct  3 21:50:03 2012,http://mail-archives.apache.org/mod_mbox/ctakes-commits/201210.mbox/<20121003214907.E97FC2388C5D@eris.apache.org>,chenpei
Wed Oct  3 21:50:03 2012,http://mail-archives.apache.org/mod_mbox/ctakes-commits/201210.mbox/<20121003214907.E97FC2388C5D@eris.apache.org>,chenpei
Wed Oct  3 21:50:03 2012,http://mail-archives.apache.org/mod_mbox/ctakes-commits/201210.mbox/<20121003214907.E97FC2388C5D@eris.apache.org>,chenpei
Wed Oct  3 21:50:03 2012,http://mail-archives.apache.org/mod_mbox/ctakes-commits/201210.mbox/<20121003214907.E97FC2388C5D@eris.apache.org>,chenpei
Wed Oct  3 21:50:03 2012,http://mail-archives.apache.org/mod_mbox/ctakes-commits/201210.mbox/<20121003214907.E97FC2388C5D@eris.apache.org>,chenpei
Wed Oct  3 21:50:03 2012,http://mail-archives.apache.org/mod_mbox/ctakes-commits/201210.mbox/<20121003214907.E97FC2388C5D@eris.apache.org>,chenpei
Wed Oct  3 21:50:03 2012,http://mail-archives.apache.org/mod_mbox/ctakes-commits/201210.mbox/<20121003214907.E97FC2388C5D@eris.apache.org>,chenpei
Wed Oct  3 21:50:03 2012,http://mail-archives.apache.org/mod_mbox/ctakes-commits/201210.mbox/<20121003214907.E97FC2388C5D@eris.apache.org>,chenpei
Wed Oct  3 21:50:03 2012,http://mail-archives.apache.org/mod_mbox/ctakes-commits/201210.mbox/<20121003214907.E97FC2388C5D@eris.apache.org>,chenpei
Wed Oct  3 21:50:03 2012,http://mail-archives.apache.org/mod_mbox/ctakes-commits/201210.mbox/<20121003214907.E97FC2388C5D@eris.apache.org>,chenpei
Wed Oct  3 21:50:03 2012,http://mail-archives.apache.org/mod_mbox/ctakes-commits/201210.mbox/<20121003214907.E97FC2388C5D@eris.apache.org>,chenpei
Wed Oct  3 21:50:03 2012,http://mail-archives.apache.org/mod_mbox/ctakes-commits/201210.mbox/<20121003214907.E97FC2388C5D@eris.apache.org>,chenpei
Wed Oct  3 21:50:03 2012,http://mail-archives.apache.org/mod_mbox/ctakes-commits/201210.mbox/<20121003214907.E97FC2388C5D@eris.apache.org>,chenpei
Wed Oct  3 21:50:03 2012,http://mail-archives.apache.org/mod_mbox/ctakes-commits/201210.mbox/<20121003214907.E97FC2388C5D@eris.apache.org>,chenpei
Wed Oct  3 21:50:03 2012,http://mail-archives.apache.org/mod_mbox/ctakes-commits/201210.mbox/<20121003214907.E97FC2388C5D@eris.apache.org>,chenpei
Wed Oct  3 21:50:03 2012,http://mail-archives.apache.org/mod_mbox/ctakes-commits/201210.mbox/<20121003214907.E97FC2388C5D@eris.apache.org>,chenpei
Wed Oct  3 21:50:03 2012,http://mail-archives.apache.org/mod_mbox/ctakes-commits/201210.mbox/<20121003214907.E97FC2388C5D@eris.apache.org>,chenpei
Wed Oct  3 21:50:03 2012,http://mail-archives.apache.org/mod_mbox/ctakes-commits/201210.mbox/<20121003214907.E97FC2388C5D@eris.apache.org>,chenpei
Wed Oct  3 21:50:03 2012,http://mail-archives.apache.org/mod_mbox/ctakes-commits/201210.mbox/<20121003214907.E97FC2388C5D@eris.apache.org>,chenpei
Wed Oct  3 21:50:03 2012,http://mail-archives.apache.org/mod_mbox/ctakes-commits/201210.mbox/<20121003214907.E97FC2388C5D@eris.apache.org>,chenpei
Wed Oct  3 21:50:03 2012,http://mail-archives.apache.org/mod_mbox/ctakes-commits/201210.mbox/<20121003214907.E97FC2388C5D@eris.apache.org>,chenpei
Wed Oct  3 21:50:03 2012,http://mail-archives.apache.org/mod_mbox/ctakes-commits/201210.mbox/<20121003214907.E97FC2388C5D@eris.apache.org>,chenpei
Wed Oct  3 21:50:03 2012,http://mail-archives.apache.org/mod_mbox/ctakes-commits/201210.mbox/<20121003214907.E97FC2388C5D@eris.apache.org>,chenpei
Wed Oct  3 21:50:03 2012,http://mail-archives.apache.org/mod_mbox/ctakes-commits/201210.mbox/<20121003214907.E97FC2388C5D@eris.apache.org>,chenpei
Wed Oct  3 21:50:03 2012,http://mail-archives.apache.org/mod_mbox/ctakes-commits/201210.mbox/<20121003214907.E97FC2388C5D@eris.apache.org>,chenpei
Wed Oct  3 21:50:03 2012,http://mail-archives.apache.org/mod_mbox/ctakes-commits/201210.mbox/<20121003214907.E97FC2388C5D@eris.apache.org>,chenpei
Wed Oct  3 21:50:03 2012,http://mail-archives.apache.org/mod_mbox/ctakes-commits/201210.mbox/<20121003214907.E97FC2388C5D@eris.apache.org>,chenpei
Wed Oct  3 21:50:03 2012,http://mail-archives.apache.org/mod_mbox/ctakes-commits/201210.mbox/<20121003214907.E97FC2388C5D@eris.apache.org>,chenpei
Wed Oct  3 21:50:03 2012,http://mail-archives.apache.org/mod_mbox/ctakes-commits/201210.mbox/<20121003214907.E97FC2388C5D@eris.apache.org>,chenpei
Wed Oct  3 21:50:03 2012,http://mail-archives.apache.org/mod_mbox/ctakes-commits/201210.mbox/<20121003214907.E97FC2388C5D@eris.apache.org>,chenpei
Wed Oct  3 21:50:03 2012,http://mail-archives.apache.org/mod_mbox/ctakes-commits/201210.mbox/<20121003214907.E97FC2388C5D@eris.apache.org>,chenpei
Wed Oct  3 21:50:03 2012,http://mail-archives.apache.org/mod_mbox/ctakes-commits/201210.mbox/<20121003214907.E97FC2388C5D@eris.apache.org>,chenpei
Wed Oct  3 21:50:03 2012,http://mail-archives.apache.org/mod_mbox/ctakes-commits/201210.mbox/<20121003214907.E97FC2388C5D@eris.apache.org>,chenpei
Wed Oct  3 21:50:03 2012,http://mail-archives.apache.org/mod_mbox/ctakes-commits/201210.mbox/<20121003214907.E97FC2388C5D@eris.apache.org>,chenpei
Wed Oct  3 21:50:03 2012,http://mail-archives.apache.org/mod_mbox/ctakes-commits/201210.mbox/<20121003214907.E97FC2388C5D@eris.apache.org>,chenpei
Wed Oct  3 21:50:03 2012,http://mail-archives.apache.org/mod_mbox/ctakes-commits/201210.mbox/<20121003214907.E97FC2388C5D@eris.apache.org>,chenpei
Wed Oct  3 21:50:03 2012,http://mail-archives.apache.org/mod_mbox/ctakes-commits/201210.mbox/<20121003214907.E97FC2388C5D@eris.apache.org>,chenpei
Wed Oct  3 21:50:03 2012,http://mail-archives.apache.org/mod_mbox/ctakes-commits/201210.mbox/<20121003214907.E97FC2388C5D@eris.apache.org>,chenpei
Wed Oct  3 21:50:03 2012,http://mail-archives.apache.org/mod_mbox/ctakes-commits/201210.mbox/<20121003214907.E97FC2388C5D@eris.apache.org>,chenpei
Wed Oct  3 21:50:03 2012,http://mail-archives.apache.org/mod_mbox/ctakes-commits/201210.mbox/<20121003214907.E97FC2388C5D@eris.apache.org>,chenpei
Wed Oct  3 21:50:03 2012,http://mail-archives.apache.org/mod_mbox/ctakes-commits/201210.mbox/<20121003214907.E97FC2388C5D@eris.apache.org>,chenpei
Wed Oct  3 21:50:03 2012,http://mail-archives.apache.org/mod_mbox/ctakes-commits/201210.mbox/<20121003214907.E97FC2388C5D@eris.apache.org>,chenpei
Wed Oct  3 21:50:03 2012,http://mail-archives.apache.org/mod_mbox/ctakes-commits/201210.mbox/<20121003214907.E97FC2388C5D@eris.apache.org>,chenpei
Wed Oct  3 21:50:03 2012,http://mail-archives.apache.org/mod_mbox/ctakes-commits/201210.mbox/<20121003214907.E97FC2388C5D@eris.apache.org>,chenpei
Wed Oct  3 21:50:03 2012,http://mail-archives.apache.org/mod_mbox/ctakes-commits/201210.mbox/<20121003214907.E97FC2388C5D@eris.apache.org>,chenpei
Wed Oct  3 21:50:03 2012,http://mail-archives.apache.org/mod_mbox/ctakes-commits/201210.mbox/<20121003214907.E97FC2388C5D@eris.apache.org>,chenpei
Wed Oct  3 21:50:03 2012,http://mail-archives.apache.org/mod_mbox/ctakes-commits/201210.mbox/<20121003214907.E97FC2388C5D@eris.apache.org>,chenpei
Wed Oct  3 21:50:03 2012,http://mail-archives.apache.org/mod_mbox/ctakes-commits/201210.mbox/<20121003214907.E97FC2388C5D@eris.apache.org>,chenpei
Wed Oct  3 21:50:03 2012,http://mail-archives.apache.org/mod_mbox/ctakes-commits/201210.mbox/<20121003214907.E97FC2388C5D@eris.apache.org>,chenpei
Wed Oct  3 21:50:03 2012,http://mail-archives.apache.org/mod_mbox/ctakes-commits/201210.mbox/<20121003214907.E97FC2388C5D@eris.apache.org>,chenpei
Wed Oct  3 21:50:03 2012,http://mail-archives.apache.org/mod_mbox/ctakes-commits/201210.mbox/<20121003214907.E97FC2388C5D@eris.apache.org>,chenpei
Wed Oct  3 21:50:03 2012,http://mail-archives.apache.org/mod_mbox/ctakes-commits/201210.mbox/<20121003214907.E97FC2388C5D@eris.apache.org>,chenpei
Wed Oct  3 21:50:03 2012,http://mail-archives.apache.org/mod_mbox/ctakes-commits/201210.mbox/<20121003214907.E97FC2388C5D@eris.apache.org>,chenpei
Wed Oct  3 21:50:03 2012,http://mail-archives.apache.org/mod_mbox/ctakes-commits/201210.mbox/<20121003214907.E97FC2388C5D@eris.apache.org>,chenpei
Wed Oct  3 21:50:03 2012,http://mail-archives.apache.org/mod_mbox/ctakes-commits/201210.mbox/<20121003214907.E97FC2388C5D@eris.apache.org>,chenpei
Wed Oct  3 21:50:03 2012,http://mail-archives.apache.org/mod_mbox/ctakes-commits/201210.mbox/<20121003214907.E97FC2388C5D@eris.apache.org>,chenpei
Wed Oct  3 21:50:03 2012,http://mail-archives.apache.org/mod_mbox/ctakes-commits/201210.mbox/<20121003214907.E97FC2388C5D@eris.apache.org>,chenpei
Wed Oct  3 21:50:03 2012,http://mail-archives.apache.org/mod_mbox/ctakes-commits/201210.mbox/<20121003214907.E97FC2388C5D@eris.apache.org>,chenpei
Wed Oct  3 21:50:03 2012,http://mail-archives.apache.org/mod_mbox/ctakes-commits/201210.mbox/<20121003214907.E97FC2388C5D@eris.apache.org>,chenpei
Wed Oct  3 21:50:03 2012,http://mail-archives.apache.org/mod_mbox/ctakes-commits/201210.mbox/<20121003214907.E97FC2388C5D@eris.apache.org>,chenpei
Wed Oct  3 21:50:03 2012,http://mail-archives.apache.org/mod_mbox/ctakes-commits/201210.mbox/<20121003214907.E97FC2388C5D@eris.apache.org>,chenpei
Wed Oct  3 21:50:03 2012,http://mail-archives.apache.org/mod_mbox/ctakes-commits/201210.mbox/<20121003214907.E97FC2388C5D@eris.apache.org>,chenpei
Wed Oct  3 21:50:03 2012,http://mail-archives.apache.org/mod_mbox/ctakes-commits/201210.mbox/<20121003214907.E97FC2388C5D@eris.apache.org>,chenpei
Wed Oct  3 21:50:03 2012,http://mail-archives.apache.org/mod_mbox/ctakes-commits/201210.mbox/<20121003214907.E97FC2388C5D@eris.apache.org>,chenpei
Wed Oct  3 21:50:03 2012,http://mail-archives.apache.org/mod_mbox/ctakes-commits/201210.mbox/<20121003214907.E97FC2388C5D@eris.apache.org>,chenpei
Wed Oct  3 21:50:03 2012,http://mail-archives.apache.org/mod_mbox/ctakes-commits/201210.mbox/<20121003214907.E97FC2388C5D@eris.apache.org>,chenpei
Wed Oct  3 21:50:03 2012,http://mail-archives.apache.org/mod_mbox/ctakes-commits/201210.mbox/<20121003214907.E97FC2388C5D@eris.apache.org>,chenpei
Wed Oct  3 21:50:03 2012,http://mail-archives.apache.org/mod_mbox/ctakes-commits/201210.mbox/<20121003214907.E97FC2388C5D@eris.apache.org>,chenpei
Wed Oct  3 21:50:03 2012,http://mail-archives.apache.org/mod_mbox/ctakes-commits/201210.mbox/<20121003214907.E97FC2388C5D@eris.apache.org>,chenpei
Wed Oct  3 21:50:03 2012,http://mail-archives.apache.org/mod_mbox/ctakes-commits/201210.mbox/<20121003214907.E97FC2388C5D@eris.apache.org>,chenpei
Wed Oct  3 21:50:03 2012,http://mail-archives.apache.org/mod_mbox/ctakes-commits/201210.mbox/<20121003214907.E97FC2388C5D@eris.apache.org>,chenpei
Wed Oct  3 21:50:03 2012,http://mail-archives.apache.org/mod_mbox/ctakes-commits/201210.mbox/<20121003214907.E97FC2388C5D@eris.apache.org>,chenpei
Wed Oct  3 21:50:03 2012,http://mail-archives.apache.org/mod_mbox/ctakes-commits/201210.mbox/<20121003214907.E97FC2388C5D@eris.apache.org>,chenpei
Wed Oct  3 21:50:03 2012,http://mail-archives.apache.org/mod_mbox/ctakes-commits/201210.mbox/<20121003214907.E97FC2388C5D@eris.apache.org>,chenpei
Wed Oct  3 21:50:03 2012,http://mail-archives.apache.org/mod_mbox/ctakes-commits/201210.mbox/<20121003214907.E97FC2388C5D@eris.apache.org>,chenpei
Wed Oct  3 21:50:03 2012,http://mail-archives.apache.org/mod_mbox/ctakes-commits/201210.mbox/<20121003214907.E97FC2388C5D@eris.apache.org>,chenpei
Wed Oct  3 21:50:03 2012,http://mail-archives.apache.org/mod_mbox/ctakes-commits/201210.mbox/<20121003214907.E97FC2388C5D@eris.apache.org>,chenpei
Wed Oct  3 21:50:03 2012,http://mail-archives.apache.org/mod_mbox/ctakes-commits/201210.mbox/<20121003214907.E97FC2388C5D@eris.apache.org>,chenpei
Wed Oct  3 21:50:03 2012,http://mail-archives.apache.org/mod_mbox/ctakes-commits/201210.mbox/<20121003214907.E97FC2388C5D@eris.apache.org>,chenpei
Wed Oct  3 21:50:03 2012,http://mail-archives.apache.org/mod_mbox/ctakes-commits/201210.mbox/<20121003214907.E97FC2388C5D@eris.apache.org>,chenpei
Wed Oct  3 21:50:03 2012,http://mail-archives.apache.org/mod_mbox/ctakes-commits/201210.mbox/<20121003214907.E97FC2388C5D@eris.apache.org>,chenpei
Wed Oct  3 21:50:03 2012,http://mail-archives.apache.org/mod_mbox/ctakes-commits/201210.mbox/<20121003214907.E97FC2388C5D@eris.apache.org>,chenpei
Wed Oct  3 21:50:03 2012,http://mail-archives.apache.org/mod_mbox/ctakes-commits/201210.mbox/<20121003214907.E97FC2388C5D@eris.apache.org>,chenpei
Wed Oct  3 21:50:03 2012,http://mail-archives.apache.org/mod_mbox/ctakes-commits/201210.mbox/<20121003214907.E97FC2388C5D@eris.apache.org>,chenpei
Wed Oct  3 21:50:03 2012,http://mail-archives.apache.org/mod_mbox/ctakes-commits/201210.mbox/<20121003214907.E97FC2388C5D@eris.apache.org>,chenpei
Wed Oct  3 21:50:03 2012,http://mail-archives.apache.org/mod_mbox/ctakes-commits/201210.mbox/<20121003214907.E97FC2388C5D@eris.apache.org>,chenpei
Wed Oct  3 21:50:03 2012,http://mail-archives.apache.org/mod_mbox/ctakes-commits/201210.mbox/<20121003214907.E97FC2388C5D@eris.apache.org>,chenpei
Wed Oct  3 21:50:03 2012,http://mail-archives.apache.org/mod_mbox/ctakes-commits/201210.mbox/<20121003214907.E97FC2388C5D@eris.apache.org>,chenpei
Wed Oct  3 21:50:03 2012,http://mail-archives.apache.org/mod_mbox/ctakes-commits/201210.mbox/<20121003214907.E97FC2388C5D@eris.apache.org>,chenpei
Wed Oct  3 21:50:03 2012,http://mail-archives.apache.org/mod_mbox/ctakes-commits/201210.mbox/<20121003214907.E97FC2388C5D@eris.apache.org>,chenpei
Wed Oct  3 21:50:03 2012,http://mail-archives.apache.org/mod_mbox/ctakes-commits/201210.mbox/<20121003214907.E97FC2388C5D@eris.apache.org>,chenpei
Wed Oct  3 21:50:03 2012,http://mail-archives.apache.org/mod_mbox/ctakes-commits/201210.mbox/<20121003214907.E97FC2388C5D@eris.apache.org>,chenpei
Wed Oct  3 21:50:03 2012,http://mail-archives.apache.org/mod_mbox/ctakes-commits/201210.mbox/<20121003214907.E97FC2388C5D@eris.apache.org>,chenpei
Wed Oct  3 21:50:03 2012,http://mail-archives.apache.org/mod_mbox/ctakes-commits/201210.mbox/<20121003214907.E97FC2388C5D@eris.apache.org>,chenpei
Wed Oct  3 21:50:03 2012,http://mail-archives.apache.org/mod_mbox/ctakes-commits/201210.mbox/<20121003214907.E97FC2388C5D@eris.apache.org>,chenpei
Wed Oct  3 21:50:03 2012,http://mail-archives.apache.org/mod_mbox/ctakes-commits/201210.mbox/<20121003214907.E97FC2388C5D@eris.apache.org>,chenpei
Wed Oct  3 21:50:03 2012,http://mail-archives.apache.org/mod_mbox/ctakes-commits/201210.mbox/<20121003214907.E97FC2388C5D@eris.apache.org>,chenpei
Wed Oct  3 21:50:03 2012,http://mail-archives.apache.org/mod_mbox/ctakes-commits/201210.mbox/<20121003214907.E97FC2388C5D@eris.apache.org>,chenpei
Wed Oct  3 21:50:03 2012,http://mail-archives.apache.org/mod_mbox/ctakes-commits/201210.mbox/<20121003214907.E97FC2388C5D@eris.apache.org>,chenpei
Wed Oct  3 21:50:03 2012,http://mail-archives.apache.org/mod_mbox/ctakes-commits/201210.mbox/<20121003214907.E97FC2388C5D@eris.apache.org>,chenpei
Wed Oct  3 21:50:03 2012,http://mail-archives.apache.org/mod_mbox/ctakes-commits/201210.mbox/<20121003214907.E97FC2388C5D@eris.apache.org>,chenpei
Wed Oct  3 21:50:03 2012,http://mail-archives.apache.org/mod_mbox/ctakes-commits/201210.mbox/<20121003214907.E97FC2388C5D@eris.apache.org>,chenpei
Wed Oct  3 21:50:03 2012,http://mail-archives.apache.org/mod_mbox/ctakes-commits/201210.mbox/<20121003214907.E97FC2388C5D@eris.apache.org>,chenpei
Wed Oct  3 21:50:03 2012,http://mail-archives.apache.org/mod_mbox/ctakes-commits/201210.mbox/<20121003214907.E97FC2388C5D@eris.apache.org>,chenpei
Wed Oct  3 21:50:03 2012,http://mail-archives.apache.org/mod_mbox/ctakes-commits/201210.mbox/<20121003214907.E97FC2388C5D@eris.apache.org>,chenpei
Wed Oct  3 21:50:03 2012,http://mail-archives.apache.org/mod_mbox/ctakes-commits/201210.mbox/<20121003214907.E97FC2388C5D@eris.apache.org>,chenpei
Wed Oct  3 21:50:03 2012,http://mail-archives.apache.org/mod_mbox/ctakes-commits/201210.mbox/<20121003214907.E97FC2388C5D@eris.apache.org>,chenpei
Wed Oct  3 21:50:03 2012,http://mail-archives.apache.org/mod_mbox/ctakes-commits/201210.mbox/<20121003214907.E97FC2388C5D@eris.apache.org>,chenpei
Wed Oct  3 21:50:03 2012,http://mail-archives.apache.org/mod_mbox/ctakes-commits/201210.mbox/<20121003214907.E97FC2388C5D@eris.apache.org>,chenpei
Wed Oct  3 21:50:03 2012,http://mail-archives.apache.org/mod_mbox/ctakes-commits/201210.mbox/<20121003214907.E97FC2388C5D@eris.apache.org>,chenpei
Wed Oct  3 21:50:03 2012,http://mail-archives.apache.org/mod_mbox/ctakes-commits/201210.mbox/<20121003214907.E97FC2388C5D@eris.apache.org>,chenpei
Wed Oct  3 21:50:03 2012,http://mail-archives.apache.org/mod_mbox/ctakes-commits/201210.mbox/<20121003214907.E97FC2388C5D@eris.apache.org>,chenpei
Wed Oct  3 21:50:03 2012,http://mail-archives.apache.org/mod_mbox/ctakes-commits/201210.mbox/<20121003214907.E97FC2388C5D@eris.apache.org>,chenpei
Wed Oct  3 21:50:03 2012,http://mail-archives.apache.org/mod_mbox/ctakes-commits/201210.mbox/<20121003214907.E97FC2388C5D@eris.apache.org>,chenpei
Wed Oct  3 21:50:03 2012,http://mail-archives.apache.org/mod_mbox/ctakes-commits/201210.mbox/<20121003214907.E97FC2388C5D@eris.apache.org>,chenpei
Wed Oct  3 21:50:03 2012,http://mail-archives.apache.org/mod_mbox/ctakes-commits/201210.mbox/<20121003214907.E97FC2388C5D@eris.apache.org>,chenpei
Wed Oct  3 21:50:03 2012,http://mail-archives.apache.org/mod_mbox/ctakes-commits/201210.mbox/<20121003214907.E97FC2388C5D@eris.apache.org>,chenpei
Wed Oct  3 21:50:03 2012,http://mail-archives.apache.org/mod_mbox/ctakes-commits/201210.mbox/<20121003214907.E97FC2388C5D@eris.apache.org>,chenpei
Wed Oct  3 21:50:03 2012,http://mail-archives.apache.org/mod_mbox/ctakes-commits/201210.mbox/<20121003214907.E97FC2388C5D@eris.apache.org>,chenpei
Wed Oct  3 21:50:03 2012,http://mail-archives.apache.org/mod_mbox/ctakes-commits/201210.mbox/<20121003214907.E97FC2388C5D@eris.apache.org>,chenpei
Wed Oct  3 21:50:03 2012,http://mail-archives.apache.org/mod_mbox/ctakes-commits/201210.mbox/<20121003214907.E97FC2388C5D@eris.apache.org>,chenpei
Wed Oct  3 21:50:03 2012,http://mail-archives.apache.org/mod_mbox/ctakes-commits/201210.mbox/<20121003214907.E97FC2388C5D@eris.apache.org>,chenpei
Wed Sep 12 16:07:28 2012,http://mail-archives.apache.org/mod_mbox/ctakes-commits/201209.mbox/<20120912160644.1FBD123889E3@eris.apache.org>,chenpei
Wed Sep 12 16:08:19 2012,http://mail-archives.apache.org/mod_mbox/ctakes-commits/201209.mbox/<20120912160733.A00EE23889DA@eris.apache.org>,chenpei
Wed Sep 19 15:54:07 2012,http://mail-archives.apache.org/mod_mbox/ctakes-commits/201209.mbox/<20120919155320.CA97623888E4@eris.apache.org>,chenpei
Wed Sep 19 20:55:47 2012,http://mail-archives.apache.org/mod_mbox/ctakes-commits/201209.mbox/<20120919205451.899DE23888EA@eris.apache.org>,chenpei
Wed Sep 19 20:55:47 2012,http://mail-archives.apache.org/mod_mbox/ctakes-commits/201209.mbox/<20120919205451.899DE23888EA@eris.apache.org>,chenpei
Wed Sep 19 20:55:47 2012,http://mail-archives.apache.org/mod_mbox/ctakes-commits/201209.mbox/<20120919205451.899DE23888EA@eris.apache.org>,chenpei
Wed Sep 19 20:55:47 2012,http://mail-archives.apache.org/mod_mbox/ctakes-commits/201209.mbox/<20120919205451.899DE23888EA@eris.apache.org>,chenpei
Wed Sep 19 20:55:47 2012,http://mail-archives.apache.org/mod_mbox/ctakes-commits/201209.mbox/<20120919205451.899DE23888EA@eris.apache.org>,chenpei
Wed Sep 19 20:55:47 2012,http://mail-archives.apache.org/mod_mbox/ctakes-commits/201209.mbox/<20120919205451.899DE23888EA@eris.apache.org>,chenpei
Wed Sep 19 20:55:47 2012,http://mail-archives.apache.org/mod_mbox/ctakes-commits/201209.mbox/<20120919205451.899DE23888EA@eris.apache.org>,chenpei
Wed Sep 19 20:55:47 2012,http://mail-archives.apache.org/mod_mbox/ctakes-commits/201209.mbox/<20120919205451.899DE23888EA@eris.apache.org>,chenpei
Wed Sep 19 20:55:47 2012,http://mail-archives.apache.org/mod_mbox/ctakes-commits/201209.mbox/<20120919205451.899DE23888EA@eris.apache.org>,chenpei
Wed Sep 19 20:55:47 2012,http://mail-archives.apache.org/mod_mbox/ctakes-commits/201209.mbox/<20120919205451.899DE23888EA@eris.apache.org>,chenpei
Wed Sep 19 20:55:47 2012,http://mail-archives.apache.org/mod_mbox/ctakes-commits/201209.mbox/<20120919205451.899DE23888EA@eris.apache.org>,chenpei
Wed Sep 19 20:55:47 2012,http://mail-archives.apache.org/mod_mbox/ctakes-commits/201209.mbox/<20120919205451.899DE23888EA@eris.apache.org>,chenpei
Wed Sep 19 20:55:47 2012,http://mail-archives.apache.org/mod_mbox/ctakes-commits/201209.mbox/<20120919205451.899DE23888EA@eris.apache.org>,chenpei
Wed Sep 19 20:55:47 2012,http://mail-archives.apache.org/mod_mbox/ctakes-commits/201209.mbox/<20120919205451.899DE23888EA@eris.apache.org>,chenpei
Wed Sep 19 20:55:47 2012,http://mail-archives.apache.org/mod_mbox/ctakes-commits/201209.mbox/<20120919205451.899DE23888EA@eris.apache.org>,chenpei
Wed Sep 19 20:55:47 2012,http://mail-archives.apache.org/mod_mbox/ctakes-commits/201209.mbox/<20120919205451.899DE23888EA@eris.apache.org>,chenpei
Wed Sep 19 20:55:47 2012,http://mail-archives.apache.org/mod_mbox/ctakes-commits/201209.mbox/<20120919205451.899DE23888EA@eris.apache.org>,chenpei
Wed Sep 19 20:55:47 2012,http://mail-archives.apache.org/mod_mbox/ctakes-commits/201209.mbox/<20120919205451.899DE23888EA@eris.apache.org>,chenpei
Wed Sep 19 20:55:47 2012,http://mail-archives.apache.org/mod_mbox/ctakes-commits/201209.mbox/<20120919205451.899DE23888EA@eris.apache.org>,chenpei
Wed Sep 19 20:55:47 2012,http://mail-archives.apache.org/mod_mbox/ctakes-commits/201209.mbox/<20120919205451.899DE23888EA@eris.apache.org>,chenpei
Wed Sep 19 20:55:47 2012,http://mail-archives.apache.org/mod_mbox/ctakes-commits/201209.mbox/<20120919205451.899DE23888EA@eris.apache.org>,chenpei
Wed Sep 19 20:55:47 2012,http://mail-archives.apache.org/mod_mbox/ctakes-commits/201209.mbox/<20120919205451.899DE23888EA@eris.apache.org>,chenpei
Wed Sep 19 20:55:47 2012,http://mail-archives.apache.org/mod_mbox/ctakes-commits/201209.mbox/<20120919205451.899DE23888EA@eris.apache.org>,chenpei
Wed Sep 19 20:55:47 2012,http://mail-archives.apache.org/mod_mbox/ctakes-commits/201209.mbox/<20120919205451.899DE23888EA@eris.apache.org>,chenpei
Wed Sep 19 20:55:47 2012,http://mail-archives.apache.org/mod_mbox/ctakes-commits/201209.mbox/<20120919205451.899DE23888EA@eris.apache.org>,chenpei
Wed Sep 19 20:55:47 2012,http://mail-archives.apache.org/mod_mbox/ctakes-commits/201209.mbox/<20120919205451.899DE23888EA@eris.apache.org>,chenpei
Wed Sep 19 20:55:47 2012,http://mail-archives.apache.org/mod_mbox/ctakes-commits/201209.mbox/<20120919205451.899DE23888EA@eris.apache.org>,chenpei
Wed Sep 19 20:55:47 2012,http://mail-archives.apache.org/mod_mbox/ctakes-commits/201209.mbox/<20120919205451.899DE23888EA@eris.apache.org>,chenpei
Wed Sep 19 20:55:47 2012,http://mail-archives.apache.org/mod_mbox/ctakes-commits/201209.mbox/<20120919205451.899DE23888EA@eris.apache.org>,chenpei
Wed Sep 19 20:55:47 2012,http://mail-archives.apache.org/mod_mbox/ctakes-commits/201209.mbox/<20120919205451.899DE23888EA@eris.apache.org>,chenpei
Wed Sep 19 20:55:47 2012,http://mail-archives.apache.org/mod_mbox/ctakes-commits/201209.mbox/<20120919205451.899DE23888EA@eris.apache.org>,chenpei
Wed Sep 19 20:55:47 2012,http://mail-archives.apache.org/mod_mbox/ctakes-commits/201209.mbox/<20120919205451.899DE23888EA@eris.apache.org>,chenpei
Wed Sep 19 20:55:47 2012,http://mail-archives.apache.org/mod_mbox/ctakes-commits/201209.mbox/<20120919205451.899DE23888EA@eris.apache.org>,chenpei
Wed Sep 19 20:55:47 2012,http://mail-archives.apache.org/mod_mbox/ctakes-commits/201209.mbox/<20120919205451.899DE23888EA@eris.apache.org>,chenpei
Wed Sep 19 20:55:47 2012,http://mail-archives.apache.org/mod_mbox/ctakes-commits/201209.mbox/<20120919205451.899DE23888EA@eris.apache.org>,chenpei
Wed Sep 19 20:55:47 2012,http://mail-archives.apache.org/mod_mbox/ctakes-commits/201209.mbox/<20120919205451.899DE23888EA@eris.apache.org>,chenpei
Wed Sep 19 20:55:47 2012,http://mail-archives.apache.org/mod_mbox/ctakes-commits/201209.mbox/<20120919205451.899DE23888EA@eris.apache.org>,chenpei
Wed Sep 19 20:55:47 2012,http://mail-archives.apache.org/mod_mbox/ctakes-commits/201209.mbox/<20120919205451.899DE23888EA@eris.apache.org>,chenpei
Wed Sep 19 20:55:47 2012,http://mail-archives.apache.org/mod_mbox/ctakes-commits/201209.mbox/<20120919205451.899DE23888EA@eris.apache.org>,chenpei
Wed Sep 19 20:55:47 2012,http://mail-archives.apache.org/mod_mbox/ctakes-commits/201209.mbox/<20120919205451.899DE23888EA@eris.apache.org>,chenpei
Wed Sep 19 20:55:47 2012,http://mail-archives.apache.org/mod_mbox/ctakes-commits/201209.mbox/<20120919205451.899DE23888EA@eris.apache.org>,chenpei
Wed Sep 19 20:55:47 2012,http://mail-archives.apache.org/mod_mbox/ctakes-commits/201209.mbox/<20120919205451.899DE23888EA@eris.apache.org>,chenpei
Wed Sep 19 20:55:47 2012,http://mail-archives.apache.org/mod_mbox/ctakes-commits/201209.mbox/<20120919205451.899DE23888EA@eris.apache.org>,chenpei
Wed Sep 19 20:55:47 2012,http://mail-archives.apache.org/mod_mbox/ctakes-commits/201209.mbox/<20120919205451.899DE23888EA@eris.apache.org>,chenpei
Wed Sep 19 20:55:47 2012,http://mail-archives.apache.org/mod_mbox/ctakes-commits/201209.mbox/<20120919205451.899DE23888EA@eris.apache.org>,chenpei
Wed Sep 19 20:55:47 2012,http://mail-archives.apache.org/mod_mbox/ctakes-commits/201209.mbox/<20120919205451.899DE23888EA@eris.apache.org>,chenpei
Wed Sep 19 20:55:47 2012,http://mail-archives.apache.org/mod_mbox/ctakes-commits/201209.mbox/<20120919205451.899DE23888EA@eris.apache.org>,chenpei
Wed Sep 19 20:55:47 2012,http://mail-archives.apache.org/mod_mbox/ctakes-commits/201209.mbox/<20120919205451.899DE23888EA@eris.apache.org>,chenpei
Wed Sep 19 20:55:47 2012,http://mail-archives.apache.org/mod_mbox/ctakes-commits/201209.mbox/<20120919205451.899DE23888EA@eris.apache.org>,chenpei
Wed Sep 19 20:55:47 2012,http://mail-archives.apache.org/mod_mbox/ctakes-commits/201209.mbox/<20120919205451.899DE23888EA@eris.apache.org>,chenpei
Wed Sep 19 20:55:47 2012,http://mail-archives.apache.org/mod_mbox/ctakes-commits/201209.mbox/<20120919205451.899DE23888EA@eris.apache.org>,chenpei
Wed Sep 19 20:55:47 2012,http://mail-archives.apache.org/mod_mbox/ctakes-commits/201209.mbox/<20120919205451.899DE23888EA@eris.apache.org>,chenpei
Wed Sep 19 20:55:47 2012,http://mail-archives.apache.org/mod_mbox/ctakes-commits/201209.mbox/<20120919205451.899DE23888EA@eris.apache.org>,chenpei
Wed Sep 19 20:55:47 2012,http://mail-archives.apache.org/mod_mbox/ctakes-commits/201209.mbox/<20120919205451.899DE23888EA@eris.apache.org>,chenpei
Wed Sep 19 20:55:47 2012,http://mail-archives.apache.org/mod_mbox/ctakes-commits/201209.mbox/<20120919205451.899DE23888EA@eris.apache.org>,chenpei
Wed Sep 19 20:55:47 2012,http://mail-archives.apache.org/mod_mbox/ctakes-commits/201209.mbox/<20120919205451.899DE23888EA@eris.apache.org>,chenpei
Wed Sep 19 20:55:47 2012,http://mail-archives.apache.org/mod_mbox/ctakes-commits/201209.mbox/<20120919205451.899DE23888EA@eris.apache.org>,chenpei
Wed Sep 19 20:55:47 2012,http://mail-archives.apache.org/mod_mbox/ctakes-commits/201209.mbox/<20120919205451.899DE23888EA@eris.apache.org>,chenpei
Wed Sep 19 20:55:47 2012,http://mail-archives.apache.org/mod_mbox/ctakes-commits/201209.mbox/<20120919205451.899DE23888EA@eris.apache.org>,chenpei
Wed Sep 19 20:55:47 2012,http://mail-archives.apache.org/mod_mbox/ctakes-commits/201209.mbox/<20120919205451.899DE23888EA@eris.apache.org>,chenpei
Wed Sep 19 20:55:47 2012,http://mail-archives.apache.org/mod_mbox/ctakes-commits/201209.mbox/<20120919205451.899DE23888EA@eris.apache.org>,chenpei
Wed Sep 19 20:59:08 2012,http://mail-archives.apache.org/mod_mbox/ctakes-commits/201209.mbox/<20120919205824.60C3B23888EA@eris.apache.org>,chenpei
Wed Sep 19 20:59:08 2012,http://mail-archives.apache.org/mod_mbox/ctakes-commits/201209.mbox/<20120919205824.60C3B23888EA@eris.apache.org>,chenpei
Wed Sep 19 20:59:33 2012,http://mail-archives.apache.org/mod_mbox/ctakes-commits/201209.mbox/<20120919205846.E6623238890B@eris.apache.org>,chenpei
Wed Sep 19 20:59:33 2012,http://mail-archives.apache.org/mod_mbox/ctakes-commits/201209.mbox/<20120919205846.E6623238890B@eris.apache.org>,chenpei
Wed Sep 19 21:25:14 2012,http://mail-archives.apache.org/mod_mbox/ctakes-commits/201209.mbox/<20120919212428.1830C23889D7@eris.apache.org>,chenpei
Wed Sep 19 21:25:14 2012,http://mail-archives.apache.org/mod_mbox/ctakes-commits/201209.mbox/<20120919212428.1830C23889D7@eris.apache.org>,chenpei
Wed Sep 19 21:25:14 2012,http://mail-archives.apache.org/mod_mbox/ctakes-commits/201209.mbox/<20120919212428.1830C23889D7@eris.apache.org>,chenpei
Wed Sep 19 21:25:14 2012,http://mail-archives.apache.org/mod_mbox/ctakes-commits/201209.mbox/<20120919212428.1830C23889D7@eris.apache.org>,chenpei
Wed Sep 19 21:25:14 2012,http://mail-archives.apache.org/mod_mbox/ctakes-commits/201209.mbox/<20120919212428.1830C23889D7@eris.apache.org>,chenpei
Wed Sep 19 21:25:14 2012,http://mail-archives.apache.org/mod_mbox/ctakes-commits/201209.mbox/<20120919212428.1830C23889D7@eris.apache.org>,chenpei
Wed Sep 19 21:25:14 2012,http://mail-archives.apache.org/mod_mbox/ctakes-commits/201209.mbox/<20120919212428.1830C23889D7@eris.apache.org>,chenpei
Wed Sep 19 21:25:14 2012,http://mail-archives.apache.org/mod_mbox/ctakes-commits/201209.mbox/<20120919212428.1830C23889D7@eris.apache.org>,chenpei
Wed Sep 19 21:25:14 2012,http://mail-archives.apache.org/mod_mbox/ctakes-commits/201209.mbox/<20120919212428.1830C23889D7@eris.apache.org>,chenpei
Wed Sep 19 21:25:14 2012,http://mail-archives.apache.org/mod_mbox/ctakes-commits/201209.mbox/<20120919212428.1830C23889D7@eris.apache.org>,chenpei
Wed Sep 19 21:25:14 2012,http://mail-archives.apache.org/mod_mbox/ctakes-commits/201209.mbox/<20120919212428.1830C23889D7@eris.apache.org>,chenpei
Wed Sep 19 21:25:14 2012,http://mail-archives.apache.org/mod_mbox/ctakes-commits/201209.mbox/<20120919212428.1830C23889D7@eris.apache.org>,chenpei
Wed Sep 19 21:25:14 2012,http://mail-archives.apache.org/mod_mbox/ctakes-commits/201209.mbox/<20120919212428.1830C23889D7@eris.apache.org>,chenpei
Wed Sep 19 21:25:14 2012,http://mail-archives.apache.org/mod_mbox/ctakes-commits/201209.mbox/<20120919212428.1830C23889D7@eris.apache.org>,chenpei
Wed Sep 19 21:25:14 2012,http://mail-archives.apache.org/mod_mbox/ctakes-commits/201209.mbox/<20120919212428.1830C23889D7@eris.apache.org>,chenpei
Wed Sep 19 21:25:14 2012,http://mail-archives.apache.org/mod_mbox/ctakes-commits/201209.mbox/<20120919212428.1830C23889D7@eris.apache.org>,chenpei
Wed Sep 19 21:25:14 2012,http://mail-archives.apache.org/mod_mbox/ctakes-commits/201209.mbox/<20120919212428.1830C23889D7@eris.apache.org>,chenpei
Wed Sep 19 21:25:14 2012,http://mail-archives.apache.org/mod_mbox/ctakes-commits/201209.mbox/<20120919212428.1830C23889D7@eris.apache.org>,chenpei
Wed Sep 19 21:25:14 2012,http://mail-archives.apache.org/mod_mbox/ctakes-commits/201209.mbox/<20120919212428.1830C23889D7@eris.apache.org>,chenpei
Wed Sep 19 21:25:14 2012,http://mail-archives.apache.org/mod_mbox/ctakes-commits/201209.mbox/<20120919212428.1830C23889D7@eris.apache.org>,chenpei
Wed Sep 19 21:25:14 2012,http://mail-archives.apache.org/mod_mbox/ctakes-commits/201209.mbox/<20120919212428.1830C23889D7@eris.apache.org>,chenpei
Wed Sep 19 21:25:14 2012,http://mail-archives.apache.org/mod_mbox/ctakes-commits/201209.mbox/<20120919212428.1830C23889D7@eris.apache.org>,chenpei
Wed Sep 19 21:25:14 2012,http://mail-archives.apache.org/mod_mbox/ctakes-commits/201209.mbox/<20120919212428.1830C23889D7@eris.apache.org>,chenpei
Wed Sep 19 21:25:14 2012,http://mail-archives.apache.org/mod_mbox/ctakes-commits/201209.mbox/<20120919212428.1830C23889D7@eris.apache.org>,chenpei
Wed Sep 19 21:25:14 2012,http://mail-archives.apache.org/mod_mbox/ctakes-commits/201209.mbox/<20120919212428.1830C23889D7@eris.apache.org>,chenpei
Wed Sep 19 21:25:14 2012,http://mail-archives.apache.org/mod_mbox/ctakes-commits/201209.mbox/<20120919212428.1830C23889D7@eris.apache.org>,chenpei
Wed Sep 19 21:25:14 2012,http://mail-archives.apache.org/mod_mbox/ctakes-commits/201209.mbox/<20120919212428.1830C23889D7@eris.apache.org>,chenpei
Wed Sep 19 21:25:14 2012,http://mail-archives.apache.org/mod_mbox/ctakes-commits/201209.mbox/<20120919212428.1830C23889D7@eris.apache.org>,chenpei
Wed Sep 19 21:25:14 2012,http://mail-archives.apache.org/mod_mbox/ctakes-commits/201209.mbox/<20120919212428.1830C23889D7@eris.apache.org>,chenpei
Wed Sep 19 21:25:14 2012,http://mail-archives.apache.org/mod_mbox/ctakes-commits/201209.mbox/<20120919212428.1830C23889D7@eris.apache.org>,chenpei
Wed Sep 19 21:25:14 2012,http://mail-archives.apache.org/mod_mbox/ctakes-commits/201209.mbox/<20120919212428.1830C23889D7@eris.apache.org>,chenpei
Wed Sep 19 21:25:14 2012,http://mail-archives.apache.org/mod_mbox/ctakes-commits/201209.mbox/<20120919212428.1830C23889D7@eris.apache.org>,chenpei
Wed Sep 19 21:25:14 2012,http://mail-archives.apache.org/mod_mbox/ctakes-commits/201209.mbox/<20120919212428.1830C23889D7@eris.apache.org>,chenpei
Wed Sep 19 21:25:14 2012,http://mail-archives.apache.org/mod_mbox/ctakes-commits/201209.mbox/<20120919212428.1830C23889D7@eris.apache.org>,chenpei
Wed Sep 19 21:25:14 2012,http://mail-archives.apache.org/mod_mbox/ctakes-commits/201209.mbox/<20120919212428.1830C23889D7@eris.apache.org>,chenpei
Wed Sep 19 21:25:14 2012,http://mail-archives.apache.org/mod_mbox/ctakes-commits/201209.mbox/<20120919212428.1830C23889D7@eris.apache.org>,chenpei
Wed Sep 19 21:27:20 2012,http://mail-archives.apache.org/mod_mbox/ctakes-commits/201209.mbox/<20120919212633.E3D93238890D@eris.apache.org>,chenpei
Wed Sep 19 21:27:20 2012,http://mail-archives.apache.org/mod_mbox/ctakes-commits/201209.mbox/<20120919212633.E3D93238890D@eris.apache.org>,chenpei
Wed Sep 19 21:27:54 2012,http://mail-archives.apache.org/mod_mbox/ctakes-commits/201209.mbox/<20120919212708.6799523889D7@eris.apache.org>,chenpei
Wed Sep 19 21:27:54 2012,http://mail-archives.apache.org/mod_mbox/ctakes-commits/201209.mbox/<20120919212708.6799523889D7@eris.apache.org>,chenpei
Wed Sep 19 21:27:54 2012,http://mail-archives.apache.org/mod_mbox/ctakes-commits/201209.mbox/<20120919212708.6799523889D7@eris.apache.org>,chenpei
Wed Sep 19 21:27:54 2012,http://mail-archives.apache.org/mod_mbox/ctakes-commits/201209.mbox/<20120919212708.6799523889D7@eris.apache.org>,chenpei
Wed Sep 19 21:28:16 2012,http://mail-archives.apache.org/mod_mbox/ctakes-commits/201209.mbox/<20120919212732.AA7DC238890D@eris.apache.org>,chenpei
Wed Sep 19 21:28:42 2012,http://mail-archives.apache.org/mod_mbox/ctakes-commits/201209.mbox/<20120919212757.2BB902388A33@eris.apache.org>,chenpei
Wed Sep 19 21:29:10 2012,http://mail-archives.apache.org/mod_mbox/ctakes-commits/201209.mbox/<20120919212826.A5C59238890D@eris.apache.org>,chenpei
Wed Sep 19 21:29:10 2012,http://mail-archives.apache.org/mod_mbox/ctakes-commits/201209.mbox/<20120919212826.A5C59238890D@eris.apache.org>,chenpei
Wed Sep 19 21:29:39 2012,http://mail-archives.apache.org/mod_mbox/ctakes-commits/201209.mbox/<20120919212855.27FC9238890D@eris.apache.org>,chenpei
Wed Sep 19 21:29:39 2012,http://mail-archives.apache.org/mod_mbox/ctakes-commits/201209.mbox/<20120919212855.27FC9238890D@eris.apache.org>,chenpei
Wed Sep 19 21:30:08 2012,http://mail-archives.apache.org/mod_mbox/ctakes-commits/201209.mbox/<20120919212924.989B0238890D@eris.apache.org>,chenpei
Wed Sep 19 21:30:08 2012,http://mail-archives.apache.org/mod_mbox/ctakes-commits/201209.mbox/<20120919212924.989B0238890D@eris.apache.org>,chenpei
Wed Sep 19 21:30:55 2012,http://mail-archives.apache.org/mod_mbox/ctakes-commits/201209.mbox/<20120919213011.1E58C238890D@eris.apache.org>,chenpei
Wed Sep 19 21:31:21 2012,http://mail-archives.apache.org/mod_mbox/ctakes-commits/201209.mbox/<20120919213035.A822723889D7@eris.apache.org>,chenpei
Wed Sep 19 21:31:39 2012,http://mail-archives.apache.org/mod_mbox/ctakes-commits/201209.mbox/<20120919213055.86D0E238890D@eris.apache.org>,chenpei
Wed Sep 19 21:32:04 2012,http://mail-archives.apache.org/mod_mbox/ctakes-commits/201209.mbox/<20120919213120.59B8C23889D7@eris.apache.org>,chenpei
Wed Sep 19 21:32:32 2012,http://mail-archives.apache.org/mod_mbox/ctakes-commits/201209.mbox/<20120919213146.27FA3238890D@eris.apache.org>,chenpei
Wed Sep 19 21:32:53 2012,http://mail-archives.apache.org/mod_mbox/ctakes-commits/201209.mbox/<20120919213207.0052223889D7@eris.apache.org>,chenpei
Wed Sep 19 21:33:51 2012,http://mail-archives.apache.org/mod_mbox/ctakes-commits/201209.mbox/<20120919213304.E6DED23889D7@eris.apache.org>,chenpei
Wed Sep 19 21:33:51 2012,http://mail-archives.apache.org/mod_mbox/ctakes-commits/201209.mbox/<20120919213304.E6DED23889D7@eris.apache.org>,chenpei
Wed Sep 19 21:34:25 2012,http://mail-archives.apache.org/mod_mbox/ctakes-commits/201209.mbox/<20120919213341.DFE0A23889BB@eris.apache.org>,chenpei
Wed Sep 19 21:34:25 2012,http://mail-archives.apache.org/mod_mbox/ctakes-commits/201209.mbox/<20120919213341.DFE0A23889BB@eris.apache.org>,chenpei
Wed Sep 19 21:34:53 2012,http://mail-archives.apache.org/mod_mbox/ctakes-commits/201209.mbox/<20120919213409.A298423889D7@eris.apache.org>,chenpei
Wed Sep 19 21:35:27 2012,http://mail-archives.apache.org/mod_mbox/ctakes-commits/201209.mbox/<20120919213443.80DB423889BB@eris.apache.org>,chenpei
Wed Sep 19 21:36:14 2012,http://mail-archives.apache.org/mod_mbox/ctakes-commits/201209.mbox/<20120919213528.097C623889D7@eris.apache.org>,chenpei
Wed Sep 19 21:36:14 2012,http://mail-archives.apache.org/mod_mbox/ctakes-commits/201209.mbox/<20120919213528.097C623889D7@eris.apache.org>,chenpei
Wed Sep 19 21:36:14 2012,http://mail-archives.apache.org/mod_mbox/ctakes-commits/201209.mbox/<20120919213528.097C623889D7@eris.apache.org>,chenpei
Wed Sep 19 21:36:14 2012,http://mail-archives.apache.org/mod_mbox/ctakes-commits/201209.mbox/<20120919213528.097C623889D7@eris.apache.org>,chenpei
Wed Sep 19 21:38:23 2012,http://mail-archives.apache.org/mod_mbox/ctakes-commits/201209.mbox/<20120919213737.655F323889BB@eris.apache.org>,chenpei
Wed Sep 19 22:14:29 2012,http://mail-archives.apache.org/mod_mbox/ctakes-commits/201209.mbox/<20120919221342.2E0E523889BF@eris.apache.org>,chenpei
Wed Sep 19 22:14:29 2012,http://mail-archives.apache.org/mod_mbox/ctakes-commits/201209.mbox/<20120919221342.2E0E523889BF@eris.apache.org>,chenpei
Wed Sep 19 22:14:29 2012,http://mail-archives.apache.org/mod_mbox/ctakes-commits/201209.mbox/<20120919221342.2E0E523889BF@eris.apache.org>,chenpei
Wed Sep 19 22:14:29 2012,http://mail-archives.apache.org/mod_mbox/ctakes-commits/201209.mbox/<20120919221342.2E0E523889BF@eris.apache.org>,chenpei
Wed Sep 19 22:14:29 2012,http://mail-archives.apache.org/mod_mbox/ctakes-commits/201209.mbox/<20120919221342.2E0E523889BF@eris.apache.org>,chenpei
Wed Sep 19 22:18:50 2012,http://mail-archives.apache.org/mod_mbox/ctakes-commits/201209.mbox/<20120919221806.D1B54238890B@eris.apache.org>,chenpei
