human_date_time,link,sender_names_alias
Thu Nov  2 15:37:03 2006,http://mail-archives.apache.org/mod_mbox/ode-user/200611.mbox/<454A1085.4070402@intecna.es>,mlopez
Tue Nov  7 09:10:29 2006,http://mail-archives.apache.org/mod_mbox/ode-user/200611.mbox/<45504DE3.60504@intecna.es>,mlopez
Tue Nov  7 11:23:57 2006,http://mail-archives.apache.org/mod_mbox/ode-user/200611.mbox/<45506D2A.5000008@intecna.es>,mlopez
Wed Nov  8 09:00:47 2006,http://mail-archives.apache.org/mod_mbox/ode-dev/200611.mbox/<45519B8D.7040200@intecna.es>,mlopez
