human_date_time,link,sender_names_alias
Sun Dec  6 22:36:18 2009,http://mail-archives.apache.org/mod_mbox/uima-commits/200912.mbox/<20091206223554.169352388978@eris.apache.org>,cwiklik
Sun Dec 13 15:15:49 2009,http://mail-archives.apache.org/mod_mbox/uima-commits/200912.mbox/<20091213151526.A4B3B2388962@eris.apache.org>,cwiklik
Sun Dec 13 15:16:46 2009,http://mail-archives.apache.org/mod_mbox/uima-commits/200912.mbox/<20091213151623.E11342388962@eris.apache.org>,cwiklik
Sun Dec 13 19:40:53 2009,http://mail-archives.apache.org/mod_mbox/uima-commits/200912.mbox/<20091213194030.24D5223888FD@eris.apache.org>,cwiklik
Sun Dec 13 19:42:02 2009,http://mail-archives.apache.org/mod_mbox/uima-commits/200912.mbox/<20091213194139.E1DCC2388A46@eris.apache.org>,cwiklik
Sun Dec 13 19:44:01 2009,http://mail-archives.apache.org/mod_mbox/uima-commits/200912.mbox/<20091213194339.0029723888FD@eris.apache.org>,cwiklik
Sun Dec 13 19:46:29 2009,http://mail-archives.apache.org/mod_mbox/uima-commits/200912.mbox/<20091213194607.5FB88238889D@eris.apache.org>,cwiklik
Mon Dec 14 15:44:14 2009,http://mail-archives.apache.org/mod_mbox/uima-commits/200912.mbox/<20091214154351.D8ADA23889D2@eris.apache.org>,cwiklik
Mon Dec 14 15:44:14 2009,http://mail-archives.apache.org/mod_mbox/uima-commits/200912.mbox/<20091214154351.D8ADA23889D2@eris.apache.org>,cwiklik
Mon Dec 14 15:58:03 2009,http://mail-archives.apache.org/mod_mbox/uima-commits/200912.mbox/<20091214155737.125E823888FD@eris.apache.org>,cwiklik
Mon Dec 14 15:58:03 2009,http://mail-archives.apache.org/mod_mbox/uima-commits/200912.mbox/<20091214155737.125E823888FD@eris.apache.org>,cwiklik
Tue Dec 15 20:48:34 2009,http://mail-archives.apache.org/mod_mbox/uima-commits/200912.mbox/<20091215204811.352F723888FD@eris.apache.org>,cwiklik
Wed Dec 16 14:42:37 2009,http://mail-archives.apache.org/mod_mbox/uima-commits/200912.mbox/<20091216144214.A8FC423889D1@eris.apache.org>,cwiklik
Wed Dec 16 14:43:53 2009,http://mail-archives.apache.org/mod_mbox/uima-commits/200912.mbox/<20091216144331.17E5A23889F7@eris.apache.org>,cwiklik
Wed Dec 16 14:43:53 2009,http://mail-archives.apache.org/mod_mbox/uima-commits/200912.mbox/<20091216144331.17E5A23889F7@eris.apache.org>,cwiklik
Wed Dec 16 14:46:30 2009,http://mail-archives.apache.org/mod_mbox/uima-commits/200912.mbox/<20091216144558.5A5CD238888C@eris.apache.org>,cwiklik
Wed Dec 16 14:47:24 2009,http://mail-archives.apache.org/mod_mbox/uima-commits/200912.mbox/<20091216144702.333E5238888C@eris.apache.org>,cwiklik
Wed Dec 16 14:49:04 2009,http://mail-archives.apache.org/mod_mbox/uima-commits/200912.mbox/<20091216144841.B7941238888C@eris.apache.org>,cwiklik
Wed Dec 16 14:50:13 2009,http://mail-archives.apache.org/mod_mbox/uima-commits/200912.mbox/<20091216144950.AF5B42388A18@eris.apache.org>,cwiklik
Wed Dec 16 14:51:00 2009,http://mail-archives.apache.org/mod_mbox/uima-commits/200912.mbox/<20091216145037.A80E9238888C@eris.apache.org>,cwiklik
Wed Dec 16 14:52:02 2009,http://mail-archives.apache.org/mod_mbox/uima-commits/200912.mbox/<20091216145139.ED8F6238888C@eris.apache.org>,cwiklik
Wed Dec 16 14:53:50 2009,http://mail-archives.apache.org/mod_mbox/uima-commits/200912.mbox/<20091216145325.F097C238888C@eris.apache.org>,cwiklik
Wed Dec 16 14:54:28 2009,http://mail-archives.apache.org/mod_mbox/uima-commits/200912.mbox/<20091216145405.C075923889D7@eris.apache.org>,cwiklik
Wed Dec 16 14:54:28 2009,http://mail-archives.apache.org/mod_mbox/uima-commits/200912.mbox/<20091216145405.C075923889D7@eris.apache.org>,cwiklik
