human_date_time,link,sender_names_alias
Sat Jan 30 10:43:08 2010,http://mail-archives.apache.org/mod_mbox/trafficserver-users/201001.mbox/<82dc6f771001300242o34ffec5ek4413e16a1699ced2@mail.gmail.com>,ktang
Tue Jan 12 10:01:20 2010,http://mail-archives.apache.org/mod_mbox/trafficserver-users/201001.mbox/<82dc6f771001120200l6b467950y1fab53cf9fded379@mail.gmail.com>,ktang
Wed Jan 27 02:45:42 2010,http://mail-archives.apache.org/mod_mbox/trafficserver-users/201001.mbox/<82dc6f771001261845h7b9ec90atf10ed1a3baa04d29@mail.gmail.com>,ktang
Wed Jan 27 08:49:17 2010,http://mail-archives.apache.org/mod_mbox/trafficserver-users/201001.mbox/<82dc6f771001270048q4527b549tfd7da1227978ea89@mail.gmail.com>,ktang
