human_date_time,link,sender_names_alias
Fri Dec  1 02:29:58 2017,http://mail-archives.apache.org/mod_mbox/pulsar-dev/201712.mbox/<TY1PR0301MB10393EDECB0B876D597C78AC8D390@TY1PR0301MB1039.apcprd03.prod.outlook.com>,nkurihara
Thu Nov 30 00:35:22 2017,http://mail-archives.apache.org/mod_mbox/pulsar-dev/201711.mbox/<TY1PR0301MB10399E778E874771C25992098D380@TY1PR0301MB1039.apcprd03.prod.outlook.com>,nkurihara
Thu Nov 30 00:56:02 2017,http://mail-archives.apache.org/mod_mbox/pulsar-dev/201711.mbox/<TY1PR0301MB10393D2B01E39BDC27A222CD8D380@TY1PR0301MB1039.apcprd03.prod.outlook.com>,nkurihara
Thu Nov 30 01:31:15 2017,http://mail-archives.apache.org/mod_mbox/pulsar-dev/201711.mbox/<TY1PR0301MB1039AAC92580E5ACD588B97C8D380@TY1PR0301MB1039.apcprd03.prod.outlook.com>,nkurihara
Thu Nov 30 01:35:19 2017,http://mail-archives.apache.org/mod_mbox/pulsar-dev/201711.mbox/<TY1PR0301MB1039D94B234184E11E401FC08D380@TY1PR0301MB1039.apcprd03.prod.outlook.com>,nkurihara
Thu Nov 30 05:57:30 2017,http://mail-archives.apache.org/mod_mbox/pulsar-dev/201711.mbox/<TY1PR0301MB1039096B45D9B55A7E04FE198D380@TY1PR0301MB1039.apcprd03.prod.outlook.com>,nkurihara
Tue Dec 12 02:09:57 2017,http://mail-archives.apache.org/mod_mbox/pulsar-dev/201712.mbox/<TY1PR0301MB103959B4305CA50C23ECD0628D340@TY1PR0301MB1039.apcprd03.prod.outlook.com>,nkurihara
Tue Dec 12 05:23:00 2017,http://mail-archives.apache.org/mod_mbox/pulsar-dev/201712.mbox/<TY1PR0301MB10395897F4D785ED53166FDC8D340@TY1PR0301MB1039.apcprd03.prod.outlook.com>,nkurihara
Tue Dec 19 04:26:04 2017,http://mail-archives.apache.org/mod_mbox/pulsar-dev/201712.mbox/<TY1PR0301MB1039FE24EEE9742CF44A08C98D0E0@TY1PR0301MB1039.apcprd03.prod.outlook.com>,nkurihara
Tue Dec 19 04:47:52 2017,http://mail-archives.apache.org/mod_mbox/pulsar-users/201712.mbox/<CABU1jkhvdLPAtFhRK4nkN-S52pXZkp-xQF4bLraqjOXYEzfx8g@mail.gmail.com>,nkurihara
Wed Dec  6 00:26:52 2017,http://mail-archives.apache.org/mod_mbox/pulsar-dev/201712.mbox/<TY1PR0301MB10397D7B9832E7F404266A368D320@TY1PR0301MB1039.apcprd03.prod.outlook.com>,nkurihara
Wed Dec  6 11:20:28 2017,http://mail-archives.apache.org/mod_mbox/pulsar-dev/201712.mbox/<TY1PR0301MB1039A9EA31C8C926398128C28D320@TY1PR0301MB1039.apcprd03.prod.outlook.com>,nkurihara
Wed Dec  6 11:35:38 2017,http://mail-archives.apache.org/mod_mbox/pulsar-dev/201712.mbox/<TY1PR0301MB103942FEFCD273C5274F2D9B8D320@TY1PR0301MB1039.apcprd03.prod.outlook.com>,nkurihara
Wed Nov 29 07:52:10 2017,http://mail-archives.apache.org/mod_mbox/pulsar-dev/201711.mbox/<TY1PR0301MB10391CB40E46793DF8D8D6428D3B0@TY1PR0301MB1039.apcprd03.prod.outlook.com>,nkurihara
Wed Nov 29 10:39:29 2017,http://mail-archives.apache.org/mod_mbox/pulsar-dev/201711.mbox/<TY1PR0301MB1039B71FECF77F58E3943A5E8D3B0@TY1PR0301MB1039.apcprd03.prod.outlook.com>,nkurihara
