human_date_time,link,sender_names_alias
Mon Nov 28 02:31:14 2011,http://mail-archives.apache.org/mod_mbox/openoffice-dev/201111.mbox/<4ED2F22A.8010507@163.com>,echen
Thu Nov 17 03:11:45 2011,http://mail-archives.apache.org/mod_mbox/openoffice-dev/201111.mbox/<4EC47B4C.1080904@163.com>,echen
Thu Nov 17 04:06:28 2011,http://mail-archives.apache.org/mod_mbox/openoffice-dev/201111.mbox/<4EC48820.1040407@163.com>,echen
