human_date_time,link,sender_names_alias
Fri Sep 28 14:13:15 2012,http://mail-archives.apache.org/mod_mbox/celix-dev/201209.mbox/<CAPhv5g_9XR12q4EtM84ao7tUWB--xd-xUQx5BJiDyB90=82LTA@mail.gmail.com>,pnoltes
Fri Sep 28 17:18:52 2012,http://mail-archives.apache.org/mod_mbox/celix-dev/201209.mbox/<CAPhv5g-yGmp2k3=pT9x7QoGDkP7zdQFdzdtoVZy8zC5LUOST8Q@mail.gmail.com>,pnoltes
Mon Oct  1 17:15:54 2012,http://mail-archives.apache.org/mod_mbox/celix-dev/201210.mbox/<CAPhv5g_PM0Jk9xC92FhKsDoSQTHQzK4f=qyRZTDUtVa+76+hnA@mail.gmail.com>,pnoltes
Thu Sep 27 12:30:48 2012,http://mail-archives.apache.org/mod_mbox/celix-dev/201209.mbox/<CAPhv5g_rpov-dO04_vjKfth5fr6UTWre0GicrUoax7M0dvA-sA@mail.gmail.com>,pnoltes
Thu Sep 27 19:38:04 2012,http://mail-archives.apache.org/mod_mbox/celix-dev/201209.mbox/<CAPhv5g9eXFyNB20Sgd=qUcp_+rMrc=+YxfcS+7XTKodnZ9UHHA@mail.gmail.com>,pnoltes
Tue Oct  2 19:20:07 2012,http://mail-archives.apache.org/mod_mbox/celix-dev/201210.mbox/<CAPhv5g-zDxXwA0MaOm_ryNAdv8m73=xyN3UAOSm7VanAUYkEGQ@mail.gmail.com>,pnoltes
Tue Sep 25 13:03:27 2012,http://mail-archives.apache.org/mod_mbox/celix-dev/201209.mbox/<CAPhv5g9yK2qihtwap2YE9MrWVrhKL_wnxDt4pnOxo6h2h=ARSw@mail.gmail.com>,pnoltes
Wed Oct  3 11:09:54 2012,http://mail-archives.apache.org/mod_mbox/celix-dev/201210.mbox/<CAPhv5g_Q0dfdhNPfjbY_ZqMZ4NwshkAddAsskfwZ=p5TpGqTbQ@mail.gmail.com>,pnoltes
Wed Oct  3 14:48:56 2012,http://mail-archives.apache.org/mod_mbox/celix-dev/201210.mbox/<CAPhv5g_qLHHm4iBgSS66M3bfH0=LxaXynhO75rc7Qg08vBWykg@mail.gmail.com>,pnoltes
