human_date_time,link,sender_names_alias
Fri Nov  4 06:08:18 2011,http://mail-archives.apache.org/mod_mbox/odf-dev/201111.mbox/<CAJjcJq_TSHqHuJqB-GtS_2zCqJP5=5fO52s6uv-cU6gMOBbFXg@mail.gmail.com>,ahariharan
Tue Nov 15 20:11:07 2011,http://mail-archives.apache.org/mod_mbox/odf-users/201111.mbox/<CAJjcJq9k9KwGJh6C6vUAzWZPc2c=WqfDqpoq4NuJ-n0p=TNzrQ@mail.gmail.com>,ahariharan
Wed Nov 16 05:46:28 2011,http://mail-archives.apache.org/mod_mbox/odf-users/201111.mbox/<CAJjcJq81MyH-_W12An_AgYMvBzcMEf=DVnxaH3BqLRF5RmC3tQ@mail.gmail.com>,ahariharan
