human_date_time,link,sender_names_alias
Wed Sep 29 10:17:56 2004,http://mail-archives.apache.org/mod_mbox/httpd-users/200409.mbox/<20040929101557.3C2A123C12@ws5-3.us4.outblaze.com>,naveen b m
Wed Sep 29 13:52:46 2004,http://mail-archives.apache.org/mod_mbox/httpd-users/200409.mbox/<20040929135134.300774160A3@ws5-2.us4.outblaze.com>,naveen b m
