human_date_time,link,sender_names_alias
Fri Oct 17 16:35:37 2003,http://mail-archives.apache.org/mod_mbox/geronimo-dev/200310.mbox/<31773E3F6A67A34F9C919AAA6DD957FF012F2334@WA-MSG08-BTH.wireless.attws.com>,ksankar
