human_date_time,link,sender_names_alias
Thu Feb  6 02:51:34 2014,http://mail-archives.apache.org/mod_mbox/blur-commits/201402.mbox/<20140206025108.DA0FF23889E1@eris.apache.org>,buildbot
Thu Feb  6 02:51:34 2014,http://mail-archives.apache.org/mod_mbox/blur-commits/201402.mbox/<20140206025108.DA0FF23889E1@eris.apache.org>,buildbot
Thu Feb  6 02:51:34 2014,http://mail-archives.apache.org/mod_mbox/blur-commits/201402.mbox/<20140206025108.DA0FF23889E1@eris.apache.org>,buildbot
Thu Feb  6 02:51:34 2014,http://mail-archives.apache.org/mod_mbox/blur-commits/201402.mbox/<20140206025108.DA0FF23889E1@eris.apache.org>,buildbot
Thu Feb  6 03:16:29 2014,http://mail-archives.apache.org/mod_mbox/blur-commits/201402.mbox/<20140206031606.35AC923889CB@eris.apache.org>,buildbot
Thu Feb  6 03:16:29 2014,http://mail-archives.apache.org/mod_mbox/blur-commits/201402.mbox/<20140206031606.35AC923889CB@eris.apache.org>,buildbot
Thu Feb  6 03:16:29 2014,http://mail-archives.apache.org/mod_mbox/blur-commits/201402.mbox/<20140206031606.35AC923889CB@eris.apache.org>,buildbot
Thu Feb  6 03:16:29 2014,http://mail-archives.apache.org/mod_mbox/blur-commits/201402.mbox/<20140206031606.35AC923889CB@eris.apache.org>,buildbot
Tue Feb  4 23:21:35 2014,http://mail-archives.apache.org/mod_mbox/blur-commits/201402.mbox/<20140204232110.CA45C2388A5B@eris.apache.org>,buildbot
