human_date_time,link,sender_names_alias
Fri Nov  4 03:43:24 2016,http://mail-archives.apache.org/mod_mbox/ranger-dev/201611.mbox/<20161104034318.1746.2937@reviews.apache.org>,vperiasamy
Fri Oct 14 19:58:18 2016,http://mail-archives.apache.org/mod_mbox/ranger-dev/201610.mbox/<20161014195812.19442.2392@reviews.apache.org>,vperiasamy
Fri Oct 14 20:33:43 2016,http://mail-archives.apache.org/mod_mbox/ranger-dev/201610.mbox/<20161014203338.1719.51803@reviews.apache.org>,vperiasamy
Fri Oct 14 20:34:06 2016,http://mail-archives.apache.org/mod_mbox/ranger-dev/201610.mbox/<20161014203402.1719.91331@reviews.apache.org>,vperiasamy
Fri Oct 14 20:34:20 2016,http://mail-archives.apache.org/mod_mbox/ranger-dev/201610.mbox/<20161014203416.1719.72803@reviews.apache.org>,vperiasamy
Fri Oct 28 08:59:26 2016,http://mail-archives.apache.org/mod_mbox/ranger-dev/201610.mbox/<D4387298.1B8840%vel@apache.org>,vperiasamy
Thu Oct 13 03:27:03 2016,http://mail-archives.apache.org/mod_mbox/ranger-dev/201610.mbox/<20161013032657.19442.40529@reviews.apache.org>,vperiasamy
Thu Oct 13 03:27:54 2016,http://mail-archives.apache.org/mod_mbox/ranger-dev/201610.mbox/<20161013032750.19442.50908@reviews.apache.org>,vperiasamy
Tue Nov  8 22:32:52 2016,http://mail-archives.apache.org/mod_mbox/ranger-dev/201611.mbox/<39D52DA4-A70D-4BA0-AAE1-2315EDC2FBED@hortonworks.com>,vperiasamy
Tue Oct 11 16:39:27 2016,http://mail-archives.apache.org/mod_mbox/ranger-dev/201610.mbox/<20161011163922.1719.96373@reviews.apache.org>,vperiasamy
Tue Oct 11 17:27:38 2016,http://mail-archives.apache.org/mod_mbox/ranger-user/201610.mbox/<D4228C52.1AFFCF%vperiasamy@hortonworks.com>,vperiasamy
Tue Oct 25 11:45:27 2016,http://mail-archives.apache.org/mod_mbox/ranger-dev/201610.mbox/<20161025104423.9387.43102@reviews.apache.org>,vperiasamy
Wed Oct 12 03:33:42 2016,http://mail-archives.apache.org/mod_mbox/ranger-dev/201610.mbox/<20161012033325.1720.81537@reviews.apache.org>,vperiasamy
Wed Oct 12 04:13:25 2016,http://mail-archives.apache.org/mod_mbox/ranger-dev/201610.mbox/<D422B394.1B02EB%vperiasamy@hortonworks.com>,vperiasamy
Wed Oct 19 23:21:00 2016,http://mail-archives.apache.org/mod_mbox/ranger-dev/201610.mbox/<20161019232041.14471.40890@reviews.apache.org>,vperiasamy
Wed Oct 26 13:45:08 2016,http://mail-archives.apache.org/mod_mbox/ranger-dev/201610.mbox/<20161026134427.9387.8988@reviews.apache.org>,vperiasamy
Wed Oct 26 21:09:04 2016,http://mail-archives.apache.org/mod_mbox/ranger-dev/201610.mbox/<D43693AC.1B7444%vel@apache.org>,vperiasamy
