human_date_time,link,sender_names_alias
Fri Aug  3 01:59:34 2007,http://mail-archives.apache.org/mod_mbox/cxf-dev/200708.mbox/<46B28BDF.1020202@apache.org>,jgenender
Thu Aug  9 19:56:29 2007,http://mail-archives.apache.org/mod_mbox/cxf-dev/200708.mbox/<46BB7152.1080906@apache.org>,jgenender
Tue Aug  7 16:56:35 2007,http://mail-archives.apache.org/mod_mbox/cxf-dev/200708.mbox/<46B8A426.9060208@apache.org>,jgenender
Tue Jul 31 22:39:29 2007,http://mail-archives.apache.org/mod_mbox/cxf-dev/200707.mbox/<46AFB9FE.80301@apache.org>,jgenender
Wed Jul 11 14:16:47 2007,http://mail-archives.apache.org/mod_mbox/cxf-dev/200707.mbox/<4694E634.1040505@apache.org>,jgenender
