human_date_time,link,sender_names_alias
Tue Feb 11 00:58:03 2020,http://mail-archives.apache.org/mod_mbox/dolphinscheduler-dev/202002.mbox/<CANh7qnSW0eNVhrVDwFZ8dxVM1tMSUh1uquRrFpKB-VjX180FXw@mail.gmail.com>,swu
Tue Feb 18 08:01:46 2020,http://mail-archives.apache.org/mod_mbox/dolphinscheduler-dev/202002.mbox/<CANh7qnTf+vG_jan2aV3NLxkCzSgkCfh0T1EDyL2K23DRiehYzw@mail.gmail.com>,swu
