human_date_time,link,sender_names_alias
Thu Apr 21 08:33:46 2016,http://mail-archives.apache.org/mod_mbox/beam-dev/201604.mbox/<CACDjLVhYeS8Fe+G_mf4N24gnLwjAvH64Lf+7CvZC28n6q9gJ+g@mail.gmail.com>,srobutti
Wed Apr 20 06:27:28 2016,http://mail-archives.apache.org/mod_mbox/beam-dev/201604.mbox/<CACDjLVgk=V48+4YXpk1XSGzFf+tqDMTxSNE6-mEsKLofSARWwQ@mail.gmail.com>,srobutti
