human_date_time,link,sender_names_alias
Tue Jun 20 05:56:20 2006,http://mail-archives.apache.org/mod_mbox/xmlbeans-dev/200606.mbox/<99479F4D39C9244F8E17E688193A3DD89ED1E4@repbex02.amer.bea.com>,ralagumalai
