human_date_time,link,sender_names_alias
Fri Oct 12 06:02:41 2007,http://mail-archives.apache.org/mod_mbox/cxf-commits/200710.mbox/<20071012060208.ACD991A9832@eris.apache.org>,ema
Fri Oct 12 06:02:41 2007,http://mail-archives.apache.org/mod_mbox/cxf-commits/200710.mbox/<20071012060208.ACD991A9832@eris.apache.org>,ema
Fri Oct 12 06:02:41 2007,http://mail-archives.apache.org/mod_mbox/cxf-commits/200710.mbox/<20071012060208.ACD991A9832@eris.apache.org>,ema
Fri Oct 12 06:02:41 2007,http://mail-archives.apache.org/mod_mbox/cxf-commits/200710.mbox/<20071012060208.ACD991A9832@eris.apache.org>,ema
Fri Oct 12 06:02:41 2007,http://mail-archives.apache.org/mod_mbox/cxf-commits/200710.mbox/<20071012060208.ACD991A9832@eris.apache.org>,ema
Fri Oct 12 06:02:41 2007,http://mail-archives.apache.org/mod_mbox/cxf-commits/200710.mbox/<20071012060208.ACD991A9832@eris.apache.org>,ema
Fri Oct 12 06:02:41 2007,http://mail-archives.apache.org/mod_mbox/cxf-commits/200710.mbox/<20071012060208.ACD991A9832@eris.apache.org>,ema
Fri Oct 12 06:02:41 2007,http://mail-archives.apache.org/mod_mbox/cxf-commits/200710.mbox/<20071012060208.ACD991A9832@eris.apache.org>,ema
Fri Oct 12 06:02:41 2007,http://mail-archives.apache.org/mod_mbox/cxf-commits/200710.mbox/<20071012060208.ACD991A9832@eris.apache.org>,ema
Mon Oct 22 07:53:39 2007,http://mail-archives.apache.org/mod_mbox/cxf-commits/200710.mbox/<20071022075236.9D6FE1A9832@eris.apache.org>,ema
Mon Oct 22 07:53:39 2007,http://mail-archives.apache.org/mod_mbox/cxf-commits/200710.mbox/<20071022075236.9D6FE1A9832@eris.apache.org>,ema
Mon Oct 22 07:53:39 2007,http://mail-archives.apache.org/mod_mbox/cxf-commits/200710.mbox/<20071022075236.9D6FE1A9832@eris.apache.org>,ema
Mon Oct 22 07:53:39 2007,http://mail-archives.apache.org/mod_mbox/cxf-commits/200710.mbox/<20071022075236.9D6FE1A9832@eris.apache.org>,ema
Mon Oct 22 07:53:39 2007,http://mail-archives.apache.org/mod_mbox/cxf-commits/200710.mbox/<20071022075236.9D6FE1A9832@eris.apache.org>,ema
Mon Oct 22 07:53:39 2007,http://mail-archives.apache.org/mod_mbox/cxf-commits/200710.mbox/<20071022075236.9D6FE1A9832@eris.apache.org>,ema
Mon Oct 22 07:53:39 2007,http://mail-archives.apache.org/mod_mbox/cxf-commits/200710.mbox/<20071022075236.9D6FE1A9832@eris.apache.org>,ema
Mon Oct 22 07:53:39 2007,http://mail-archives.apache.org/mod_mbox/cxf-commits/200710.mbox/<20071022075236.9D6FE1A9832@eris.apache.org>,ema
Mon Oct 29 01:27:28 2007,http://mail-archives.apache.org/mod_mbox/cxf-commits/200710.mbox/<20071029012651.62F1F1A9832@eris.apache.org>,ema
Mon Oct 29 01:27:28 2007,http://mail-archives.apache.org/mod_mbox/cxf-commits/200710.mbox/<20071029012651.62F1F1A9832@eris.apache.org>,ema
Mon Oct 29 01:27:28 2007,http://mail-archives.apache.org/mod_mbox/cxf-commits/200710.mbox/<20071029012651.62F1F1A9832@eris.apache.org>,ema
Mon Oct 29 01:27:28 2007,http://mail-archives.apache.org/mod_mbox/cxf-commits/200710.mbox/<20071029012651.62F1F1A9832@eris.apache.org>,ema
Mon Oct 29 01:27:28 2007,http://mail-archives.apache.org/mod_mbox/cxf-commits/200710.mbox/<20071029012651.62F1F1A9832@eris.apache.org>,ema
Mon Oct 29 01:27:28 2007,http://mail-archives.apache.org/mod_mbox/cxf-commits/200710.mbox/<20071029012651.62F1F1A9832@eris.apache.org>,ema
Mon Oct 29 01:27:28 2007,http://mail-archives.apache.org/mod_mbox/cxf-commits/200710.mbox/<20071029012651.62F1F1A9832@eris.apache.org>,ema
Mon Oct 29 01:27:28 2007,http://mail-archives.apache.org/mod_mbox/cxf-commits/200710.mbox/<20071029012651.62F1F1A9832@eris.apache.org>,ema
Mon Oct 29 01:27:28 2007,http://mail-archives.apache.org/mod_mbox/cxf-commits/200710.mbox/<20071029012651.62F1F1A9832@eris.apache.org>,ema
Mon Oct 29 01:27:28 2007,http://mail-archives.apache.org/mod_mbox/cxf-commits/200710.mbox/<20071029012651.62F1F1A9832@eris.apache.org>,ema
Mon Oct 29 01:27:28 2007,http://mail-archives.apache.org/mod_mbox/cxf-commits/200710.mbox/<20071029012651.62F1F1A9832@eris.apache.org>,ema
Mon Oct 29 01:27:28 2007,http://mail-archives.apache.org/mod_mbox/cxf-commits/200710.mbox/<20071029012651.62F1F1A9832@eris.apache.org>,ema
Mon Oct 29 01:27:28 2007,http://mail-archives.apache.org/mod_mbox/cxf-commits/200710.mbox/<20071029012651.62F1F1A9832@eris.apache.org>,ema
Mon Oct 29 01:27:28 2007,http://mail-archives.apache.org/mod_mbox/cxf-commits/200710.mbox/<20071029012651.62F1F1A9832@eris.apache.org>,ema
Sun Nov  4 15:12:33 2007,http://mail-archives.apache.org/mod_mbox/cxf-commits/200711.mbox/<20071104151211.DFB611A9832@eris.apache.org>,ema
Sun Nov  4 15:12:33 2007,http://mail-archives.apache.org/mod_mbox/cxf-commits/200711.mbox/<20071104151211.DFB611A9832@eris.apache.org>,ema
Sun Nov  4 15:12:33 2007,http://mail-archives.apache.org/mod_mbox/cxf-commits/200711.mbox/<20071104151211.DFB611A9832@eris.apache.org>,ema
Sun Nov  4 15:12:33 2007,http://mail-archives.apache.org/mod_mbox/cxf-commits/200711.mbox/<20071104151211.DFB611A9832@eris.apache.org>,ema
Sun Nov  4 16:31:34 2007,http://mail-archives.apache.org/mod_mbox/cxf-commits/200711.mbox/<20071104163113.576ED1A9832@eris.apache.org>,ema
Sun Nov  4 17:26:28 2007,http://mail-archives.apache.org/mod_mbox/cxf-commits/200711.mbox/<20071104172607.DB4D51A9832@eris.apache.org>,ema
Sun Nov  4 17:26:28 2007,http://mail-archives.apache.org/mod_mbox/cxf-commits/200711.mbox/<20071104172607.DB4D51A9832@eris.apache.org>,ema
Sun Nov  4 17:26:28 2007,http://mail-archives.apache.org/mod_mbox/cxf-commits/200711.mbox/<20071104172607.DB4D51A9832@eris.apache.org>,ema
Sun Nov  4 17:31:55 2007,http://mail-archives.apache.org/mod_mbox/cxf-commits/200711.mbox/<20071104173134.3C83E1A983A@eris.apache.org>,ema
Thu Oct 11 04:21:29 2007,http://mail-archives.apache.org/mod_mbox/cxf-commits/200710.mbox/<20071011042055.A6B5B1A9832@eris.apache.org>,ema
Thu Oct 11 04:21:29 2007,http://mail-archives.apache.org/mod_mbox/cxf-commits/200710.mbox/<20071011042055.A6B5B1A9832@eris.apache.org>,ema
Thu Oct 11 04:21:29 2007,http://mail-archives.apache.org/mod_mbox/cxf-commits/200710.mbox/<20071011042055.A6B5B1A9832@eris.apache.org>,ema
Thu Oct 11 04:21:29 2007,http://mail-archives.apache.org/mod_mbox/cxf-commits/200710.mbox/<20071011042055.A6B5B1A9832@eris.apache.org>,ema
Thu Oct 11 04:21:29 2007,http://mail-archives.apache.org/mod_mbox/cxf-commits/200710.mbox/<20071011042055.A6B5B1A9832@eris.apache.org>,ema
Thu Oct 11 04:21:29 2007,http://mail-archives.apache.org/mod_mbox/cxf-commits/200710.mbox/<20071011042055.A6B5B1A9832@eris.apache.org>,ema
Thu Oct 11 04:21:29 2007,http://mail-archives.apache.org/mod_mbox/cxf-commits/200710.mbox/<20071011042055.A6B5B1A9832@eris.apache.org>,ema
Thu Oct 11 04:21:29 2007,http://mail-archives.apache.org/mod_mbox/cxf-commits/200710.mbox/<20071011042055.A6B5B1A9832@eris.apache.org>,ema
Thu Oct 11 04:21:29 2007,http://mail-archives.apache.org/mod_mbox/cxf-commits/200710.mbox/<20071011042055.A6B5B1A9832@eris.apache.org>,ema
Thu Oct 11 04:21:29 2007,http://mail-archives.apache.org/mod_mbox/cxf-commits/200710.mbox/<20071011042055.A6B5B1A9832@eris.apache.org>,ema
Thu Oct 11 04:21:29 2007,http://mail-archives.apache.org/mod_mbox/cxf-commits/200710.mbox/<20071011042055.A6B5B1A9832@eris.apache.org>,ema
Thu Oct 11 04:21:29 2007,http://mail-archives.apache.org/mod_mbox/cxf-commits/200710.mbox/<20071011042055.A6B5B1A9832@eris.apache.org>,ema
Thu Oct 11 04:21:29 2007,http://mail-archives.apache.org/mod_mbox/cxf-commits/200710.mbox/<20071011042055.A6B5B1A9832@eris.apache.org>,ema
Thu Oct 11 04:21:29 2007,http://mail-archives.apache.org/mod_mbox/cxf-commits/200710.mbox/<20071011042055.A6B5B1A9832@eris.apache.org>,ema
Thu Oct 11 04:21:29 2007,http://mail-archives.apache.org/mod_mbox/cxf-commits/200710.mbox/<20071011042055.A6B5B1A9832@eris.apache.org>,ema
Thu Oct 11 04:21:29 2007,http://mail-archives.apache.org/mod_mbox/cxf-commits/200710.mbox/<20071011042055.A6B5B1A9832@eris.apache.org>,ema
Thu Oct 11 04:21:29 2007,http://mail-archives.apache.org/mod_mbox/cxf-commits/200710.mbox/<20071011042055.A6B5B1A9832@eris.apache.org>,ema
Thu Oct 11 04:21:29 2007,http://mail-archives.apache.org/mod_mbox/cxf-commits/200710.mbox/<20071011042055.A6B5B1A9832@eris.apache.org>,ema
Thu Oct 11 04:21:29 2007,http://mail-archives.apache.org/mod_mbox/cxf-commits/200710.mbox/<20071011042055.A6B5B1A9832@eris.apache.org>,ema
Thu Oct 11 04:21:29 2007,http://mail-archives.apache.org/mod_mbox/cxf-commits/200710.mbox/<20071011042055.A6B5B1A9832@eris.apache.org>,ema
Thu Oct 11 04:21:29 2007,http://mail-archives.apache.org/mod_mbox/cxf-commits/200710.mbox/<20071011042055.A6B5B1A9832@eris.apache.org>,ema
Thu Oct 11 04:21:29 2007,http://mail-archives.apache.org/mod_mbox/cxf-commits/200710.mbox/<20071011042055.A6B5B1A9832@eris.apache.org>,ema
Thu Oct 11 04:21:29 2007,http://mail-archives.apache.org/mod_mbox/cxf-commits/200710.mbox/<20071011042055.A6B5B1A9832@eris.apache.org>,ema
Thu Oct 11 04:21:29 2007,http://mail-archives.apache.org/mod_mbox/cxf-commits/200710.mbox/<20071011042055.A6B5B1A9832@eris.apache.org>,ema
Thu Oct 11 04:21:29 2007,http://mail-archives.apache.org/mod_mbox/cxf-commits/200710.mbox/<20071011042055.A6B5B1A9832@eris.apache.org>,ema
Thu Oct 11 04:21:29 2007,http://mail-archives.apache.org/mod_mbox/cxf-commits/200710.mbox/<20071011042055.A6B5B1A9832@eris.apache.org>,ema
Thu Oct 11 04:21:29 2007,http://mail-archives.apache.org/mod_mbox/cxf-commits/200710.mbox/<20071011042055.A6B5B1A9832@eris.apache.org>,ema
Thu Oct 11 04:21:29 2007,http://mail-archives.apache.org/mod_mbox/cxf-commits/200710.mbox/<20071011042055.A6B5B1A9832@eris.apache.org>,ema
Thu Oct 11 04:21:29 2007,http://mail-archives.apache.org/mod_mbox/cxf-commits/200710.mbox/<20071011042055.A6B5B1A9832@eris.apache.org>,ema
Thu Oct 11 04:21:29 2007,http://mail-archives.apache.org/mod_mbox/cxf-commits/200710.mbox/<20071011042055.A6B5B1A9832@eris.apache.org>,ema
Thu Oct 11 04:21:29 2007,http://mail-archives.apache.org/mod_mbox/cxf-commits/200710.mbox/<20071011042055.A6B5B1A9832@eris.apache.org>,ema
Thu Oct 18 05:18:20 2007,http://mail-archives.apache.org/mod_mbox/cxf-commits/200710.mbox/<20071018051727.390281A9832@eris.apache.org>,ema
Thu Oct 18 05:18:20 2007,http://mail-archives.apache.org/mod_mbox/cxf-commits/200710.mbox/<20071018051727.390281A9832@eris.apache.org>,ema
Thu Oct 18 05:18:20 2007,http://mail-archives.apache.org/mod_mbox/cxf-commits/200710.mbox/<20071018051727.390281A9832@eris.apache.org>,ema
Tue Oct 16 08:13:41 2007,http://mail-archives.apache.org/mod_mbox/cxf-commits/200710.mbox/<20071016081243.018921A9832@eris.apache.org>,ema
Tue Oct 16 08:13:41 2007,http://mail-archives.apache.org/mod_mbox/cxf-commits/200710.mbox/<20071016081243.018921A9832@eris.apache.org>,ema
Tue Oct 16 08:13:41 2007,http://mail-archives.apache.org/mod_mbox/cxf-commits/200710.mbox/<20071016081243.018921A9832@eris.apache.org>,ema
Tue Oct 16 08:13:41 2007,http://mail-archives.apache.org/mod_mbox/cxf-commits/200710.mbox/<20071016081243.018921A9832@eris.apache.org>,ema
Tue Oct 16 08:13:41 2007,http://mail-archives.apache.org/mod_mbox/cxf-commits/200710.mbox/<20071016081243.018921A9832@eris.apache.org>,ema
Tue Oct 16 08:13:41 2007,http://mail-archives.apache.org/mod_mbox/cxf-commits/200710.mbox/<20071016081243.018921A9832@eris.apache.org>,ema
Tue Oct 16 08:13:41 2007,http://mail-archives.apache.org/mod_mbox/cxf-commits/200710.mbox/<20071016081243.018921A9832@eris.apache.org>,ema
Tue Oct 16 08:13:41 2007,http://mail-archives.apache.org/mod_mbox/cxf-commits/200710.mbox/<20071016081243.018921A9832@eris.apache.org>,ema
Tue Oct 16 08:13:41 2007,http://mail-archives.apache.org/mod_mbox/cxf-commits/200710.mbox/<20071016081243.018921A9832@eris.apache.org>,ema
Tue Oct 16 08:13:41 2007,http://mail-archives.apache.org/mod_mbox/cxf-commits/200710.mbox/<20071016081243.018921A9832@eris.apache.org>,ema
Tue Oct 16 08:13:41 2007,http://mail-archives.apache.org/mod_mbox/cxf-commits/200710.mbox/<20071016081243.018921A9832@eris.apache.org>,ema
Tue Oct 16 08:13:41 2007,http://mail-archives.apache.org/mod_mbox/cxf-commits/200710.mbox/<20071016081243.018921A9832@eris.apache.org>,ema
Tue Oct 16 08:13:41 2007,http://mail-archives.apache.org/mod_mbox/cxf-commits/200710.mbox/<20071016081243.018921A9832@eris.apache.org>,ema
Tue Oct 16 08:13:41 2007,http://mail-archives.apache.org/mod_mbox/cxf-commits/200710.mbox/<20071016081243.018921A9832@eris.apache.org>,ema
Tue Oct 16 08:13:41 2007,http://mail-archives.apache.org/mod_mbox/cxf-commits/200710.mbox/<20071016081243.018921A9832@eris.apache.org>,ema
Tue Oct 16 08:13:41 2007,http://mail-archives.apache.org/mod_mbox/cxf-commits/200710.mbox/<20071016081243.018921A9832@eris.apache.org>,ema
Tue Oct 16 08:13:41 2007,http://mail-archives.apache.org/mod_mbox/cxf-commits/200710.mbox/<20071016081243.018921A9832@eris.apache.org>,ema
Tue Oct 16 08:13:41 2007,http://mail-archives.apache.org/mod_mbox/cxf-commits/200710.mbox/<20071016081243.018921A9832@eris.apache.org>,ema
Tue Oct 16 08:13:41 2007,http://mail-archives.apache.org/mod_mbox/cxf-commits/200710.mbox/<20071016081243.018921A9832@eris.apache.org>,ema
Tue Oct 30 09:29:01 2007,http://mail-archives.apache.org/mod_mbox/cxf-commits/200710.mbox/<20071030092816.0AF9A1A9832@eris.apache.org>,ema
Tue Oct 30 09:29:01 2007,http://mail-archives.apache.org/mod_mbox/cxf-commits/200710.mbox/<20071030092816.0AF9A1A9832@eris.apache.org>,ema
Tue Oct 30 09:29:01 2007,http://mail-archives.apache.org/mod_mbox/cxf-commits/200710.mbox/<20071030092816.0AF9A1A9832@eris.apache.org>,ema
Tue Oct 30 09:29:01 2007,http://mail-archives.apache.org/mod_mbox/cxf-commits/200710.mbox/<20071030092816.0AF9A1A9832@eris.apache.org>,ema
Tue Oct 30 09:29:01 2007,http://mail-archives.apache.org/mod_mbox/cxf-commits/200710.mbox/<20071030092816.0AF9A1A9832@eris.apache.org>,ema
Tue Oct 30 09:29:01 2007,http://mail-archives.apache.org/mod_mbox/cxf-commits/200710.mbox/<20071030092816.0AF9A1A9832@eris.apache.org>,ema
Tue Oct 30 09:29:01 2007,http://mail-archives.apache.org/mod_mbox/cxf-commits/200710.mbox/<20071030092816.0AF9A1A9832@eris.apache.org>,ema
Tue Oct 30 09:29:01 2007,http://mail-archives.apache.org/mod_mbox/cxf-commits/200710.mbox/<20071030092816.0AF9A1A9832@eris.apache.org>,ema
Tue Oct 30 09:29:01 2007,http://mail-archives.apache.org/mod_mbox/cxf-commits/200710.mbox/<20071030092816.0AF9A1A9832@eris.apache.org>,ema
Wed Nov  7 08:53:29 2007,http://mail-archives.apache.org/mod_mbox/cxf-commits/200711.mbox/<20071107085307.E1E2A1A9832@eris.apache.org>,ema
Wed Nov  7 08:53:29 2007,http://mail-archives.apache.org/mod_mbox/cxf-commits/200711.mbox/<20071107085307.E1E2A1A9832@eris.apache.org>,ema
Wed Nov  7 08:53:29 2007,http://mail-archives.apache.org/mod_mbox/cxf-commits/200711.mbox/<20071107085307.E1E2A1A9832@eris.apache.org>,ema
Wed Nov  7 08:53:29 2007,http://mail-archives.apache.org/mod_mbox/cxf-commits/200711.mbox/<20071107085307.E1E2A1A9832@eris.apache.org>,ema
Wed Nov  7 08:53:29 2007,http://mail-archives.apache.org/mod_mbox/cxf-commits/200711.mbox/<20071107085307.E1E2A1A9832@eris.apache.org>,ema
Wed Nov  7 08:53:29 2007,http://mail-archives.apache.org/mod_mbox/cxf-commits/200711.mbox/<20071107085307.E1E2A1A9832@eris.apache.org>,ema
Wed Nov  7 08:53:29 2007,http://mail-archives.apache.org/mod_mbox/cxf-commits/200711.mbox/<20071107085307.E1E2A1A9832@eris.apache.org>,ema
Wed Nov  7 08:53:29 2007,http://mail-archives.apache.org/mod_mbox/cxf-commits/200711.mbox/<20071107085307.E1E2A1A9832@eris.apache.org>,ema
Wed Nov  7 08:53:29 2007,http://mail-archives.apache.org/mod_mbox/cxf-commits/200711.mbox/<20071107085307.E1E2A1A9832@eris.apache.org>,ema
Wed Nov  7 09:30:40 2007,http://mail-archives.apache.org/mod_mbox/cxf-commits/200711.mbox/<20071107093016.79A0F1A9832@eris.apache.org>,ema
Wed Nov  7 09:30:40 2007,http://mail-archives.apache.org/mod_mbox/cxf-commits/200711.mbox/<20071107093016.79A0F1A9832@eris.apache.org>,ema
Wed Oct 24 07:05:19 2007,http://mail-archives.apache.org/mod_mbox/cxf-commits/200710.mbox/<20071024070458.1FDB81A9832@eris.apache.org>,ema
Wed Oct 24 07:05:19 2007,http://mail-archives.apache.org/mod_mbox/cxf-commits/200710.mbox/<20071024070458.1FDB81A9832@eris.apache.org>,ema
