human_date_time,link,sender_names_alias
Wed May  9 09:33:51 2012,http://mail-archives.apache.org/mod_mbox/openoffice-commits/201205.mbox/<20120509093325.5B9F62388978@eris.apache.org>,bidouille
Wed May  9 09:33:51 2012,http://mail-archives.apache.org/mod_mbox/openoffice-commits/201205.mbox/<20120509093325.5B9F62388978@eris.apache.org>,bidouille
Wed May  9 09:33:51 2012,http://mail-archives.apache.org/mod_mbox/openoffice-commits/201205.mbox/<20120509093325.5B9F62388978@eris.apache.org>,bidouille
Wed May  9 09:40:30 2012,http://mail-archives.apache.org/mod_mbox/openoffice-commits/201205.mbox/<20120509094006.994C623888CD@eris.apache.org>,bidouille
Wed May  9 09:40:30 2012,http://mail-archives.apache.org/mod_mbox/openoffice-commits/201205.mbox/<20120509094006.994C623888CD@eris.apache.org>,bidouille
Wed May  9 09:47:18 2012,http://mail-archives.apache.org/mod_mbox/openoffice-commits/201205.mbox/<20120509094648.0F0BA2388962@eris.apache.org>,bidouille
Wed May  9 09:48:32 2012,http://mail-archives.apache.org/mod_mbox/openoffice-commits/201205.mbox/<20120509094808.7723E2388962@eris.apache.org>,bidouille
Wed May  9 09:48:32 2012,http://mail-archives.apache.org/mod_mbox/openoffice-commits/201205.mbox/<20120509094808.7723E2388962@eris.apache.org>,bidouille
Wed May  9 09:50:26 2012,http://mail-archives.apache.org/mod_mbox/openoffice-commits/201205.mbox/<20120509095002.C80212388962@eris.apache.org>,bidouille
Wed May  9 09:50:39 2012,http://mail-archives.apache.org/mod_mbox/openoffice-commits/201205.mbox/<20120509095016.EAF0F2388978@eris.apache.org>,bidouille
Wed May  9 09:50:39 2012,http://mail-archives.apache.org/mod_mbox/openoffice-commits/201205.mbox/<20120509095016.EAF0F2388978@eris.apache.org>,bidouille
Wed May  9 09:52:23 2012,http://mail-archives.apache.org/mod_mbox/openoffice-commits/201205.mbox/<20120509095159.CD1192388962@eris.apache.org>,bidouille
Wed May  9 09:56:04 2012,http://mail-archives.apache.org/mod_mbox/openoffice-commits/201205.mbox/<20120509095540.6B6C72388978@eris.apache.org>,bidouille
Wed May  9 09:56:04 2012,http://mail-archives.apache.org/mod_mbox/openoffice-commits/201205.mbox/<20120509095540.6B6C72388978@eris.apache.org>,bidouille
Wed May  9 13:27:25 2012,http://mail-archives.apache.org/mod_mbox/openoffice-commits/201205.mbox/<20120509132704.3AC0B23889E3@eris.apache.org>,bidouille
Wed May  9 13:27:25 2012,http://mail-archives.apache.org/mod_mbox/openoffice-commits/201205.mbox/<20120509132704.3AC0B23889E3@eris.apache.org>,bidouille
Wed May  9 13:29:05 2012,http://mail-archives.apache.org/mod_mbox/openoffice-commits/201205.mbox/<20120509132844.C4F3623889E1@eris.apache.org>,bidouille
Wed May  9 13:29:05 2012,http://mail-archives.apache.org/mod_mbox/openoffice-commits/201205.mbox/<20120509132844.C4F3623889E1@eris.apache.org>,bidouille
Mon May 14 13:58:50 2012,http://mail-archives.apache.org/mod_mbox/openoffice-commits/201205.mbox/<20120514135828.3C42123888CD@eris.apache.org>,bidouille
Mon May 14 13:58:50 2012,http://mail-archives.apache.org/mod_mbox/openoffice-commits/201205.mbox/<20120514135828.3C42123888CD@eris.apache.org>,bidouille
Mon May 14 13:58:50 2012,http://mail-archives.apache.org/mod_mbox/openoffice-commits/201205.mbox/<20120514135828.3C42123888CD@eris.apache.org>,bidouille
Mon May 14 13:58:50 2012,http://mail-archives.apache.org/mod_mbox/openoffice-commits/201205.mbox/<20120514135828.3C42123888CD@eris.apache.org>,bidouille
Mon May 14 13:58:50 2012,http://mail-archives.apache.org/mod_mbox/openoffice-commits/201205.mbox/<20120514135828.3C42123888CD@eris.apache.org>,bidouille
Mon May 14 13:58:50 2012,http://mail-archives.apache.org/mod_mbox/openoffice-commits/201205.mbox/<20120514135828.3C42123888CD@eris.apache.org>,bidouille
Mon May 14 13:58:50 2012,http://mail-archives.apache.org/mod_mbox/openoffice-commits/201205.mbox/<20120514135828.3C42123888CD@eris.apache.org>,bidouille
Mon May 14 15:43:43 2012,http://mail-archives.apache.org/mod_mbox/openoffice-commits/201205.mbox/<20120514154322.DBC7223888CD@eris.apache.org>,bidouille
Mon May 14 15:43:43 2012,http://mail-archives.apache.org/mod_mbox/openoffice-commits/201205.mbox/<20120514154322.DBC7223888CD@eris.apache.org>,bidouille
Wed May 16 08:50:18 2012,http://mail-archives.apache.org/mod_mbox/openoffice-commits/201205.mbox/<20120516084945.0779023889BF@eris.apache.org>,bidouille
Wed May 16 08:50:18 2012,http://mail-archives.apache.org/mod_mbox/openoffice-commits/201205.mbox/<20120516084945.0779023889BF@eris.apache.org>,bidouille
Wed May 16 08:50:46 2012,http://mail-archives.apache.org/mod_mbox/openoffice-commits/201205.mbox/<20120516085024.D091823889BF@eris.apache.org>,bidouille
Wed May 16 08:50:46 2012,http://mail-archives.apache.org/mod_mbox/openoffice-commits/201205.mbox/<20120516085024.D091823889BF@eris.apache.org>,bidouille
Wed May 16 08:59:42 2012,http://mail-archives.apache.org/mod_mbox/openoffice-commits/201205.mbox/<20120516085920.B630423889E1@eris.apache.org>,bidouille
Wed May 16 08:59:42 2012,http://mail-archives.apache.org/mod_mbox/openoffice-commits/201205.mbox/<20120516085920.B630423889E1@eris.apache.org>,bidouille
Wed May 16 09:01:50 2012,http://mail-archives.apache.org/mod_mbox/openoffice-commits/201205.mbox/<20120516090129.748DE23889E1@eris.apache.org>,bidouille
Wed May 16 09:02:31 2012,http://mail-archives.apache.org/mod_mbox/openoffice-commits/201205.mbox/<20120516090208.C4EE1238890B@eris.apache.org>,bidouille
Wed May 16 09:02:31 2012,http://mail-archives.apache.org/mod_mbox/openoffice-commits/201205.mbox/<20120516090208.C4EE1238890B@eris.apache.org>,bidouille
Wed May 16 09:11:56 2012,http://mail-archives.apache.org/mod_mbox/openoffice-commits/201205.mbox/<20120516091132.0F235238896F@eris.apache.org>,bidouille
Wed May 16 09:25:35 2012,http://mail-archives.apache.org/mod_mbox/openoffice-commits/201205.mbox/<20120516092511.18788238890B@eris.apache.org>,bidouille
Wed May 16 09:25:35 2012,http://mail-archives.apache.org/mod_mbox/openoffice-commits/201205.mbox/<20120516092511.18788238890B@eris.apache.org>,bidouille
Thu May 24 13:38:24 2012,http://mail-archives.apache.org/mod_mbox/openoffice-commits/201205.mbox/<20120524133755.2C63E2388980@eris.apache.org>,bidouille
Thu May 24 13:40:56 2012,http://mail-archives.apache.org/mod_mbox/openoffice-commits/201205.mbox/<20120524134033.2A9CF2388980@eris.apache.org>,bidouille
Thu May 24 13:40:56 2012,http://mail-archives.apache.org/mod_mbox/openoffice-commits/201205.mbox/<20120524134033.2A9CF2388980@eris.apache.org>,bidouille
Fri Jun  1 14:25:27 2012,http://mail-archives.apache.org/mod_mbox/openoffice-commits/201206.mbox/<20120601142506.5F93A2388980@eris.apache.org>,bidouille
Fri Jun  1 14:25:27 2012,http://mail-archives.apache.org/mod_mbox/openoffice-commits/201206.mbox/<20120601142506.5F93A2388980@eris.apache.org>,bidouille
Fri Jun  1 14:25:27 2012,http://mail-archives.apache.org/mod_mbox/openoffice-commits/201206.mbox/<20120601142506.5F93A2388980@eris.apache.org>,bidouille
Fri Jun  1 14:34:41 2012,http://mail-archives.apache.org/mod_mbox/openoffice-commits/201206.mbox/<20120601143418.0B5722388847@eris.apache.org>,bidouille
Fri Jun  1 14:34:41 2012,http://mail-archives.apache.org/mod_mbox/openoffice-commits/201206.mbox/<20120601143418.0B5722388847@eris.apache.org>,bidouille
