human_date_time,link,sender_names_alias
Fri Aug  3 07:56:06 2007,http://mail-archives.apache.org/mod_mbox/tuscany-dev/200708.mbox/<22d56c4d0708030055j3927db1eu76703bf8143dcfa7@mail.gmail.com>,vreddy
Fri Aug  3 08:59:04 2007,http://mail-archives.apache.org/mod_mbox/tuscany-dev/200708.mbox/<22d56c4d0708030158p4302eft66753366c720ce@mail.gmail.com>,vreddy
Fri Aug 17 05:08:15 2007,http://mail-archives.apache.org/mod_mbox/tuscany-dev/200708.mbox/<22d56c4d0708162207k2c7d7c32s96aaa2eb97ad4b58@mail.gmail.com>,vreddy
Fri Aug 17 07:04:00 2007,http://mail-archives.apache.org/mod_mbox/tuscany-dev/200708.mbox/<22d56c4d0708170003gebfa12diab6cdcca224bead2@mail.gmail.com>,vreddy
Fri Aug 17 13:29:25 2007,http://mail-archives.apache.org/mod_mbox/tuscany-dev/200708.mbox/<22d56c4d0708170628u418ea2fax173dc608e7d112f1@mail.gmail.com>,vreddy
Fri Aug 17 14:02:09 2007,http://mail-archives.apache.org/mod_mbox/tuscany-dev/200708.mbox/<22d56c4d0708170701x47f18b9fqac97dc57b2f6abe9@mail.gmail.com>,vreddy
Fri Aug 17 16:27:46 2007,http://mail-archives.apache.org/mod_mbox/tuscany-dev/200708.mbox/<22d56c4d0708170927r1ea14129l1dab7e1e2ef417b0@mail.gmail.com>,vreddy
Fri Aug 17 18:13:00 2007,http://mail-archives.apache.org/mod_mbox/tuscany-dev/200708.mbox/<22d56c4d0708171112o5a3eef0g5255936cc430675@mail.gmail.com>,vreddy
Mon Aug 13 05:29:54 2007,http://mail-archives.apache.org/mod_mbox/tuscany-dev/200708.mbox/<fd121b6b0708122229p6bf8274ftb76daf694e6c59a6@mail.gmail.com>,vreddy
Mon Jul 30 14:59:23 2007,http://mail-archives.apache.org/mod_mbox/tuscany-dev/200707.mbox/<22d56c4d0707300756x7ab8a0e9i2ac0a66b2e055206@mail.gmail.com>,vreddy
Sat Aug 18 10:15:36 2007,http://mail-archives.apache.org/mod_mbox/tuscany-dev/200708.mbox/<22d56c4d0708180315p293884d6ha18aea9186c2df18@mail.gmail.com>,vreddy
Sat Aug 18 18:20:44 2007,http://mail-archives.apache.org/mod_mbox/tuscany-dev/200708.mbox/<22d56c4d0708181120m1510cbf1h69fcf2a7d9262720@mail.gmail.com>,vreddy
Sat Aug 25 14:52:37 2007,http://mail-archives.apache.org/mod_mbox/tuscany-dev/200708.mbox/<22d56c4d0708250752n46b04718x3b4187702b0168b4@mail.gmail.com>,vreddy
Sun Aug 26 01:15:25 2007,http://mail-archives.apache.org/mod_mbox/tuscany-dev/200708.mbox/<22d56c4d0708251814t7bcfb09did893f878da46ed8d@mail.gmail.com>,vreddy
Sun Aug 26 12:43:14 2007,http://mail-archives.apache.org/mod_mbox/tuscany-dev/200708.mbox/<22d56c4d0708260542g4049b1c0s86ecc47e02f6083b@mail.gmail.com>,vreddy
Sun Aug 26 19:49:39 2007,http://mail-archives.apache.org/mod_mbox/tuscany-dev/200708.mbox/<22d56c4d0708261249o6da2951dl5f0778f1486e48f3@mail.gmail.com>,vreddy
Thu Aug  2 17:10:46 2007,http://mail-archives.apache.org/mod_mbox/tuscany-dev/200708.mbox/<22d56c4d0708021010m566a8cf2p53e94b90d776f56f@mail.gmail.com>,vreddy
Thu Aug  9 16:28:18 2007,http://mail-archives.apache.org/mod_mbox/tuscany-dev/200708.mbox/<fd121b6b0708090927q1c8a315bm163702ff8b6d8d1f@mail.gmail.com>,vreddy
Thu Aug 16 07:53:18 2007,http://mail-archives.apache.org/mod_mbox/tuscany-dev/200708.mbox/<22d56c4d0708160052w53e958fdkce5ddb0783bc0eb0@mail.gmail.com>,vreddy
Thu Aug 16 18:16:16 2007,http://mail-archives.apache.org/mod_mbox/tuscany-dev/200708.mbox/<fd121b6b0708161115v73047ba2gdfc23f57c0d567a7@mail.gmail.com>,vreddy
Tue Aug 14 13:22:26 2007,http://mail-archives.apache.org/mod_mbox/tuscany-dev/200708.mbox/<22d56c4d0708140555g25cef133k2d2b5bd485cf2e60@mail.gmail.com>,vreddy
Tue Aug 21 18:15:01 2007,http://mail-archives.apache.org/mod_mbox/tuscany-dev/200708.mbox/<22d56c4d0708211114o398b87e1u476582221c409e8e@mail.gmail.com>,vreddy
