human_date_time,link,sender_names_alias
Fri Oct  2 09:20:51 2015,http://mail-archives.apache.org/mod_mbox/brooklyn-dev/201510.mbox/<20151002092046.1ACD9E0498@git1-us-west.apache.org>,grkvlt
Fri Oct  2 09:23:09 2015,http://mail-archives.apache.org/mod_mbox/brooklyn-dev/201510.mbox/<20151002092256.439EBE0498@git1-us-west.apache.org>,grkvlt
Tue Oct 20 11:31:33 2015,http://mail-archives.apache.org/mod_mbox/brooklyn-dev/201510.mbox/<git-pr-972-incubator-brooklyn@git.apache.org>,grkvlt
Tue Oct 20 22:48:29 2015,http://mail-archives.apache.org/mod_mbox/brooklyn-dev/201510.mbox/<20151020224821.227C0DFE2E@git1-us-west.apache.org>,grkvlt
