human_date_time,link,sender_names_alias
Fri Jul 30 02:53:32 2004,http://mail-archives.apache.org/mod_mbox/httpd-users/200407.mbox/<20040730025313.54326.qmail@web61007.mail.yahoo.com>,mk
Fri Jul 30 12:13:49 2004,http://mail-archives.apache.org/mod_mbox/httpd-users/200407.mbox/<20040730121327.45942.qmail@web61010.mail.yahoo.com>,mk
Fri Jul 30 20:52:22 2004,http://mail-archives.apache.org/mod_mbox/httpd-users/200407.mbox/<20040730205205.96146.qmail@web61002.mail.yahoo.com>,mk
Fri Jul 30 21:14:44 2004,http://mail-archives.apache.org/mod_mbox/httpd-users/200407.mbox/<20040730211427.36049.qmail@web61006.mail.yahoo.com>,mk
Fri Jul 30 23:47:19 2004,http://mail-archives.apache.org/mod_mbox/httpd-dev/200407.mbox/<20040730234710.56400.qmail@web61010.mail.yahoo.com>,mk
