human_date_time,link,sender_names_alias
Wed Nov 25 20:25:37 2015,http://mail-archives.apache.org/mod_mbox/sentry-commits/201511.mbox/<20151125202535.110E03A02EE@svn01-us-west.apache.org>,sravya
Wed Nov 25 20:28:35 2015,http://mail-archives.apache.org/mod_mbox/sentry-commits/201511.mbox/<20151125202833.B8A053A0479@svn01-us-west.apache.org>,sravya
