human_date_time,link,sender_names_alias
Mon Aug  1 20:06:33 2011,http://mail-archives.apache.org/mod_mbox/openoffice-commits/201108.mbox/<20110801200610.384B92388897@eris.apache.org>,robweir
Mon Aug  1 20:06:33 2011,http://mail-archives.apache.org/mod_mbox/openoffice-commits/201108.mbox/<20110801200610.384B92388897@eris.apache.org>,robweir
Mon Aug  1 20:06:33 2011,http://mail-archives.apache.org/mod_mbox/openoffice-commits/201108.mbox/<20110801200610.384B92388897@eris.apache.org>,robweir
Mon Aug  1 20:10:11 2011,http://mail-archives.apache.org/mod_mbox/openoffice-commits/201108.mbox/<20110801200943.6D13E2388897@eris.apache.org>,robweir
Mon Aug  1 20:10:11 2011,http://mail-archives.apache.org/mod_mbox/openoffice-commits/201108.mbox/<20110801200943.6D13E2388897@eris.apache.org>,robweir
Mon Aug  1 20:10:11 2011,http://mail-archives.apache.org/mod_mbox/openoffice-commits/201108.mbox/<20110801200943.6D13E2388897@eris.apache.org>,robweir
Mon Aug  1 20:10:11 2011,http://mail-archives.apache.org/mod_mbox/openoffice-commits/201108.mbox/<20110801200943.6D13E2388897@eris.apache.org>,robweir
Mon Aug  1 20:10:11 2011,http://mail-archives.apache.org/mod_mbox/openoffice-commits/201108.mbox/<20110801200943.6D13E2388897@eris.apache.org>,robweir
Mon Aug  1 20:10:11 2011,http://mail-archives.apache.org/mod_mbox/openoffice-commits/201108.mbox/<20110801200943.6D13E2388897@eris.apache.org>,robweir
Mon Aug  1 20:10:11 2011,http://mail-archives.apache.org/mod_mbox/openoffice-commits/201108.mbox/<20110801200943.6D13E2388897@eris.apache.org>,robweir
Mon Aug  1 20:10:11 2011,http://mail-archives.apache.org/mod_mbox/openoffice-commits/201108.mbox/<20110801200943.6D13E2388897@eris.apache.org>,robweir
Mon Aug  1 20:10:11 2011,http://mail-archives.apache.org/mod_mbox/openoffice-commits/201108.mbox/<20110801200943.6D13E2388897@eris.apache.org>,robweir
Mon Aug  1 20:10:11 2011,http://mail-archives.apache.org/mod_mbox/openoffice-commits/201108.mbox/<20110801200943.6D13E2388897@eris.apache.org>,robweir
Mon Aug  1 20:10:11 2011,http://mail-archives.apache.org/mod_mbox/openoffice-commits/201108.mbox/<20110801200943.6D13E2388897@eris.apache.org>,robweir
Mon Aug  1 20:10:11 2011,http://mail-archives.apache.org/mod_mbox/openoffice-commits/201108.mbox/<20110801200943.6D13E2388897@eris.apache.org>,robweir
Mon Aug  1 20:10:11 2011,http://mail-archives.apache.org/mod_mbox/openoffice-commits/201108.mbox/<20110801200943.6D13E2388897@eris.apache.org>,robweir
Mon Aug  1 20:10:11 2011,http://mail-archives.apache.org/mod_mbox/openoffice-commits/201108.mbox/<20110801200943.6D13E2388897@eris.apache.org>,robweir
Mon Aug  1 20:10:11 2011,http://mail-archives.apache.org/mod_mbox/openoffice-commits/201108.mbox/<20110801200943.6D13E2388897@eris.apache.org>,robweir
Mon Aug  1 20:10:11 2011,http://mail-archives.apache.org/mod_mbox/openoffice-commits/201108.mbox/<20110801200943.6D13E2388897@eris.apache.org>,robweir
Mon Aug  1 20:10:11 2011,http://mail-archives.apache.org/mod_mbox/openoffice-commits/201108.mbox/<20110801200943.6D13E2388897@eris.apache.org>,robweir
Mon Aug  1 20:10:11 2011,http://mail-archives.apache.org/mod_mbox/openoffice-commits/201108.mbox/<20110801200943.6D13E2388897@eris.apache.org>,robweir
Tue Aug  2 21:43:54 2011,http://mail-archives.apache.org/mod_mbox/openoffice-commits/201108.mbox/<20110802214332.2CEE523888C2@eris.apache.org>,robweir
Tue Aug  2 21:44:31 2011,http://mail-archives.apache.org/mod_mbox/openoffice-commits/201108.mbox/<20110802214407.9727023889ED@eris.apache.org>,robweir
Wed Aug 10 20:34:54 2011,http://mail-archives.apache.org/mod_mbox/openoffice-commits/201108.mbox/<20110810203432.9578823889E3@eris.apache.org>,robweir
Wed Aug 10 20:35:52 2011,http://mail-archives.apache.org/mod_mbox/openoffice-commits/201108.mbox/<20110810203531.78D1B23889DA@eris.apache.org>,robweir
