human_date_time,link,sender_names_alias
Fri Sep  8 22:23:42 2006,http://mail-archives.apache.org/mod_mbox/adffaces-user/200609.mbox/<OFF3E419AD.809B19A7-ON872571E3.007A4F53-872571E3.007ABE22@fs.fed.us>,rstokes
