human_date_time,link,sender_names_alias
Tue Jul 22 12:45:44 2008,http://mail-archives.apache.org/mod_mbox/abdera-user/200807.mbox/<5d662a3a0807220544k6400b8b4vb19a178728e70404@mail.gmail.com>,efazli
Tue Jul 22 19:20:01 2008,http://mail-archives.apache.org/mod_mbox/abdera-user/200807.mbox/<5d662a3a0807221219r2e766afek63df159fecf9c41d@mail.gmail.com>,efazli
