human_date_time,link,sender_names_alias
Fri Apr 20 06:02:42 2012,http://mail-archives.apache.org/mod_mbox/openoffice-dev/201204.mbox/<CAGv6+fvQoa2q2n6Zvgs-nG4wLRRB5JdzNHfDQPH4E-Z+NdBXfw@mail.gmail.com>,hchao
