human_date_time,link,sender_names_alias
Fri Nov  3 19:24:27 2006,http://mail-archives.apache.org/mod_mbox/qpid-dev/200611.mbox/<454B974C.40607@redhat.com>,ctrieloff
Fri Nov 10 14:59:48 2006,http://mail-archives.apache.org/mod_mbox/qpid-dev/200611.mbox/<455493D2.6050400@redhat.com>,ctrieloff
Fri Nov 10 18:31:10 2006,http://mail-archives.apache.org/mod_mbox/qpid-dev/200611.mbox/<4554C557.4090102@redhat.com>,ctrieloff
Fri Nov 10 18:45:35 2006,http://mail-archives.apache.org/mod_mbox/qpid-dev/200611.mbox/<4554C8C1.2070305@redhat.com>,ctrieloff
Fri Nov 10 18:56:37 2006,http://mail-archives.apache.org/mod_mbox/qpid-dev/200611.mbox/<4554CB53.7050605@redhat.com>,ctrieloff
Fri Nov 10 19:45:36 2006,http://mail-archives.apache.org/mod_mbox/qpid-dev/200611.mbox/<4554D6D3.4060604@redhat.com>,ctrieloff
Fri Nov 10 21:14:00 2006,http://mail-archives.apache.org/mod_mbox/qpid-dev/200611.mbox/<4554EB8A.7040109@redhat.com>,ctrieloff
Fri Nov 10 21:18:33 2006,http://mail-archives.apache.org/mod_mbox/qpid-dev/200611.mbox/<4554EC9D.1070400@redhat.com>,ctrieloff
Fri Nov 17 02:57:46 2006,http://mail-archives.apache.org/mod_mbox/qpid-dev/200611.mbox/<455D251F.8010609@redhat.com>,ctrieloff
Fri Nov 17 18:35:59 2006,http://mail-archives.apache.org/mod_mbox/qpid-dev/200611.mbox/<455E0105.6020603@redhat.com>,ctrieloff
Fri Nov 17 21:14:44 2006,http://mail-archives.apache.org/mod_mbox/qpid-dev/200611.mbox/<455E263A.5040802@redhat.com>,ctrieloff
Fri Nov 24 16:55:51 2006,http://mail-archives.apache.org/mod_mbox/qpid-dev/200611.mbox/<4567240D.3040504@redhat.com>,ctrieloff
Fri Nov 24 19:32:46 2006,http://mail-archives.apache.org/mod_mbox/qpid-dev/200611.mbox/<456748CA.1020403@redhat.com>,ctrieloff
Fri Oct 27 01:10:40 2006,http://mail-archives.apache.org/mod_mbox/qpid-dev/200610.mbox/<45415C95.8050300@redhat.com>,ctrieloff
Fri Oct 27 01:13:26 2006,http://mail-archives.apache.org/mod_mbox/qpid-dev/200610.mbox/<45415D3A.1000809@redhat.com>,ctrieloff
Fri Oct 27 02:03:44 2006,http://mail-archives.apache.org/mod_mbox/qpid-dev/200610.mbox/<45416904.9000508@redhat.com>,ctrieloff
Fri Oct 27 19:00:53 2006,http://mail-archives.apache.org/mod_mbox/qpid-dev/200610.mbox/<45425762.70404@redhat.com>,ctrieloff
Fri Oct 27 20:52:44 2006,http://mail-archives.apache.org/mod_mbox/qpid-dev/200610.mbox/<454271A0.1030108@redhat.com>,ctrieloff
Mon Nov  6 01:01:05 2006,http://mail-archives.apache.org/mod_mbox/qpid-dev/200611.mbox/<454E818D.2060708@redhat.com>,ctrieloff
Mon Nov 13 14:51:01 2006,http://mail-archives.apache.org/mod_mbox/qpid-dev/200611.mbox/<45588646.4040703@redhat.com>,ctrieloff
Mon Nov 13 14:55:26 2006,http://mail-archives.apache.org/mod_mbox/qpid-dev/200611.mbox/<4558874E.9000605@redhat.com>,ctrieloff
Mon Nov 13 14:57:01 2006,http://mail-archives.apache.org/mod_mbox/qpid-dev/200611.mbox/<455887B0.7020608@redhat.com>,ctrieloff
Mon Nov 13 16:17:44 2006,http://mail-archives.apache.org/mod_mbox/qpid-dev/200611.mbox/<45589A9A.5020208@redhat.com>,ctrieloff
Mon Nov 13 18:15:02 2006,http://mail-archives.apache.org/mod_mbox/qpid-dev/200611.mbox/<4558B619.1080803@redhat.com>,ctrieloff
Mon Nov 13 20:39:16 2006,http://mail-archives.apache.org/mod_mbox/qpid-dev/200611.mbox/<4558D7E2.9010903@redhat.com>,ctrieloff
Mon Nov 20 15:11:26 2006,http://mail-archives.apache.org/mod_mbox/qpid-dev/200611.mbox/<4561C56D.709@redhat.com>,ctrieloff
Mon Nov 20 20:19:50 2006,http://mail-archives.apache.org/mod_mbox/qpid-dev/200611.mbox/<45620DDB.20903@redhat.com>,ctrieloff
Mon Nov 20 20:20:55 2006,http://mail-archives.apache.org/mod_mbox/qpid-dev/200611.mbox/<45620E1B.30704@redhat.com>,ctrieloff
Mon Nov 20 20:24:25 2006,http://mail-archives.apache.org/mod_mbox/qpid-dev/200611.mbox/<45620EE8.9020703@redhat.com>,ctrieloff
Sat Nov  4 01:47:40 2006,http://mail-archives.apache.org/mod_mbox/qpid-dev/200611.mbox/<454BF115.2090406@redhat.com>,ctrieloff
Thu Nov  9 13:47:32 2006,http://mail-archives.apache.org/mod_mbox/qpid-dev/200611.mbox/<45533165.6030105@redhat.com>,ctrieloff
Thu Nov  9 16:44:57 2006,http://mail-archives.apache.org/mod_mbox/qpid-dev/200611.mbox/<45535AF6.3010700@redhat.com>,ctrieloff
Thu Oct 26 01:02:47 2006,http://mail-archives.apache.org/mod_mbox/qpid-dev/200610.mbox/<453E0EF5.4020001@redhat.com>,ctrieloff
Thu Oct 26 05:19:25 2006,http://mail-archives.apache.org/mod_mbox/qpid-dev/200610.mbox/<453E114F.4070305@redhat.com>,ctrieloff
Thu Oct 26 05:37:02 2006,http://mail-archives.apache.org/mod_mbox/qpid-dev/200610.mbox/<453EB97C.7040903@redhat.com>,ctrieloff
Thu Oct 26 20:46:27 2006,http://mail-archives.apache.org/mod_mbox/qpid-dev/200610.mbox/<45411EA7.9030600@redhat.com>,ctrieloff
Tue Nov 14 17:01:25 2006,http://mail-archives.apache.org/mod_mbox/qpid-dev/200611.mbox/<4559F656.1020305@redhat.com>,ctrieloff
Tue Nov 14 18:49:50 2006,http://mail-archives.apache.org/mod_mbox/qpid-dev/200611.mbox/<455A0FBA.9010803@redhat.com>,ctrieloff
Tue Nov 14 18:51:23 2006,http://mail-archives.apache.org/mod_mbox/qpid-dev/200611.mbox/<455A101F.5070300@redhat.com>,ctrieloff
Tue Nov 14 19:15:17 2006,http://mail-archives.apache.org/mod_mbox/qpid-dev/200611.mbox/<455A15B9.1090100@redhat.com>,ctrieloff
Tue Nov 14 19:17:24 2006,http://mail-archives.apache.org/mod_mbox/qpid-dev/200611.mbox/<455A1638.9020807@redhat.com>,ctrieloff
Tue Nov 14 19:52:56 2006,http://mail-archives.apache.org/mod_mbox/qpid-dev/200611.mbox/<455A1E8C.5000304@redhat.com>,ctrieloff
Tue Nov 21 14:13:12 2006,http://mail-archives.apache.org/mod_mbox/qpid-dev/200611.mbox/<4563096B.10607@redhat.com>,ctrieloff
Tue Nov 21 14:15:32 2006,http://mail-archives.apache.org/mod_mbox/qpid-dev/200611.mbox/<456309EE.70102@redhat.com>,ctrieloff
Tue Nov 21 15:32:35 2006,http://mail-archives.apache.org/mod_mbox/qpid-dev/200611.mbox/<45631C07.2090106@redhat.com>,ctrieloff
Tue Oct 31 14:23:47 2006,http://mail-archives.apache.org/mod_mbox/qpid-dev/200610.mbox/<45475C5B.3070301@redhat.com>,ctrieloff
Tue Oct 31 14:47:27 2006,http://mail-archives.apache.org/mod_mbox/qpid-dev/200610.mbox/<454761E7.6050706@redhat.com>,ctrieloff
Tue Oct 31 18:36:23 2006,http://mail-archives.apache.org/mod_mbox/qpid-dev/200610.mbox/<45479791.6000106@redhat.com>,ctrieloff
Wed Nov  8 14:04:25 2006,http://mail-archives.apache.org/mod_mbox/qpid-dev/200611.mbox/<4551E3D4.1080108@redhat.com>,ctrieloff
Wed Nov 15 01:13:31 2006,http://mail-archives.apache.org/mod_mbox/qpid-dev/200611.mbox/<455A697E.5010606@redhat.com>,ctrieloff
Wed Nov 15 01:17:10 2006,http://mail-archives.apache.org/mod_mbox/qpid-dev/200611.mbox/<455A6A8B.1040903@redhat.com>,ctrieloff
Wed Nov 15 01:50:00 2006,http://mail-archives.apache.org/mod_mbox/qpid-dev/200611.mbox/<455A723B.6040308@redhat.com>,ctrieloff
Wed Nov 15 19:23:20 2006,http://mail-archives.apache.org/mod_mbox/qpid-dev/200611.mbox/<455B691C.8060102@redhat.com>,ctrieloff
Wed Nov 15 20:02:04 2006,http://mail-archives.apache.org/mod_mbox/qpid-dev/200611.mbox/<455B722D.5020102@redhat.com>,ctrieloff
Wed Nov 15 20:11:39 2006,http://mail-archives.apache.org/mod_mbox/qpid-dev/200611.mbox/<455B7470.1050809@redhat.com>,ctrieloff
Wed Nov 15 20:37:23 2006,http://mail-archives.apache.org/mod_mbox/qpid-dev/200611.mbox/<455B7A77.5000102@redhat.com>,ctrieloff
Wed Nov 15 22:01:24 2006,http://mail-archives.apache.org/mod_mbox/qpid-dev/200611.mbox/<455B8E28.1070906@redhat.com>,ctrieloff
Wed Nov 22 18:06:08 2006,http://mail-archives.apache.org/mod_mbox/qpid-dev/200611.mbox/<45649181.8080501@redhat.com>,ctrieloff
