human_date_time,link,sender_names_alias
Fri Jan 16 16:55:42 2015,http://mail-archives.apache.org/mod_mbox/slider-commits/201501.mbox/<f932e5d0dce045a1b2a12b925385c796@git.apache.org>,elserj
Fri Jan 16 16:57:48 2015,http://mail-archives.apache.org/mod_mbox/slider-commits/201501.mbox/<aa36e7bc37cf42a68f0182db65d5c7fe@git.apache.org>,elserj
Fri Jan 16 16:59:47 2015,http://mail-archives.apache.org/mod_mbox/slider-commits/201501.mbox/<059988bbfdc0418b9f02c9ba472d46ea@git.apache.org>,elserj
Fri Jan 16 17:04:38 2015,http://mail-archives.apache.org/mod_mbox/slider-commits/201501.mbox/<33476690d3b74b5eb88df194c2406090@git.apache.org>,elserj
