human_date_time,link,sender_names_alias
Fri Dec 22 07:58:07 2017,http://mail-archives.apache.org/mod_mbox/servicecomb-commits/201712.mbox/<151392948532.16037.8008387262289701280@gitbox.apache.org>,seanyinx
Fri Dec 22 07:58:07 2017,http://mail-archives.apache.org/mod_mbox/servicecomb-commits/201712.mbox/<20171222075805.D455484BA0@gitbox.apache.org>,seanyinx
Fri Dec 29 02:20:31 2017,http://mail-archives.apache.org/mod_mbox/servicecomb-commits/201712.mbox/<151451403022.29497.13801655562923318551@gitbox.apache.org>,seanyinx
Fri Dec 29 08:56:07 2017,http://mail-archives.apache.org/mod_mbox/servicecomb-commits/201712.mbox/<151453776492.3929.6001266172242243940@gitbox.apache.org>,seanyinx
Fri Dec 29 09:18:18 2017,http://mail-archives.apache.org/mod_mbox/servicecomb-commits/201712.mbox/<151453909752.17301.7537762305257026766@gitbox.apache.org>,seanyinx
Fri Dec 29 09:18:19 2017,http://mail-archives.apache.org/mod_mbox/servicecomb-commits/201712.mbox/<20171229091817.9E88481F83@gitbox.apache.org>,seanyinx
Fri Dec 29 09:18:19 2017,http://mail-archives.apache.org/mod_mbox/servicecomb-commits/201712.mbox/<20171229091817.A37D581F86@gitbox.apache.org>,seanyinx
Fri Dec 29 09:18:19 2017,http://mail-archives.apache.org/mod_mbox/servicecomb-commits/201712.mbox/<20171229091817.A988181F87@gitbox.apache.org>,seanyinx
Fri Dec 29 09:18:20 2017,http://mail-archives.apache.org/mod_mbox/servicecomb-commits/201712.mbox/<20171229091817.AE44281F89@gitbox.apache.org>,seanyinx
Fri Dec 29 09:18:20 2017,http://mail-archives.apache.org/mod_mbox/servicecomb-commits/201712.mbox/<20171229091817.B2F3581F96@gitbox.apache.org>,seanyinx
Fri Jan  5 09:57:10 2018,http://mail-archives.apache.org/mod_mbox/servicecomb-commits/201801.mbox/<151514622929.3699.11660969648112579416@gitbox.apache.org>,seanyinx
Fri Jan  5 09:57:12 2018,http://mail-archives.apache.org/mod_mbox/servicecomb-commits/201801.mbox/<151514623142.3828.15817893563222431801@gitbox.apache.org>,seanyinx
Fri Jan  5 10:38:16 2018,http://mail-archives.apache.org/mod_mbox/servicecomb-commits/201801.mbox/<151514869557.4864.13018613300477239382@gitbox.apache.org>,seanyinx
Fri Jan  5 10:38:16 2018,http://mail-archives.apache.org/mod_mbox/servicecomb-commits/201801.mbox/<20180105103815.A550A881AB@gitbox.apache.org>,seanyinx
Fri Jan  5 10:38:16 2018,http://mail-archives.apache.org/mod_mbox/servicecomb-commits/201801.mbox/<20180105103815.AB6D7881AC@gitbox.apache.org>,seanyinx
Fri Jan 12 03:12:12 2018,http://mail-archives.apache.org/mod_mbox/servicecomb-commits/201801.mbox/<151572672744.9381.6596582512425687100@gitbox.apache.org>,seanyinx
Fri Jan 12 03:12:12 2018,http://mail-archives.apache.org/mod_mbox/servicecomb-commits/201801.mbox/<151572672663.9256.1394957631621118058@gitbox.apache.org>,seanyinx
Fri Jan 19 09:04:27 2018,http://mail-archives.apache.org/mod_mbox/servicecomb-commits/201801.mbox/<151635266625.5185.16121180757159578923@gitbox.apache.org>,seanyinx
Fri Jan 19 09:04:28 2018,http://mail-archives.apache.org/mod_mbox/servicecomb-commits/201801.mbox/<20180119090426.53624821ED@gitbox.apache.org>,seanyinx
Fri Jan 19 09:04:29 2018,http://mail-archives.apache.org/mod_mbox/servicecomb-commits/201801.mbox/<20180119090426.6BDA9821F1@gitbox.apache.org>,seanyinx
Fri Jan 19 09:04:29 2018,http://mail-archives.apache.org/mod_mbox/servicecomb-commits/201801.mbox/<20180119090426.663CF821F0@gitbox.apache.org>,seanyinx
Fri Jan 19 09:04:29 2018,http://mail-archives.apache.org/mod_mbox/servicecomb-commits/201801.mbox/<20180119090426.605C1821EF@gitbox.apache.org>,seanyinx
Fri Jan 19 09:04:29 2018,http://mail-archives.apache.org/mod_mbox/servicecomb-commits/201801.mbox/<20180119090426.72BD9821F2@gitbox.apache.org>,seanyinx
Fri Jan 19 09:04:29 2018,http://mail-archives.apache.org/mod_mbox/servicecomb-commits/201801.mbox/<20180119090426.86650821F5@gitbox.apache.org>,seanyinx
Fri Jan 19 09:04:29 2018,http://mail-archives.apache.org/mod_mbox/servicecomb-commits/201801.mbox/<20180119090426.5A5AD821EE@gitbox.apache.org>,seanyinx
Fri Jan 19 09:04:29 2018,http://mail-archives.apache.org/mod_mbox/servicecomb-commits/201801.mbox/<20180119090426.7FCCD821F4@gitbox.apache.org>,seanyinx
Fri Jan 19 09:04:29 2018,http://mail-archives.apache.org/mod_mbox/servicecomb-commits/201801.mbox/<20180119090426.79125821F3@gitbox.apache.org>,seanyinx
Fri Jan 19 10:44:51 2018,http://mail-archives.apache.org/mod_mbox/servicecomb-commits/201801.mbox/<151635868964.15668.1595045975157699703@gitbox.apache.org>,seanyinx
Mon Jan  8 08:30:33 2018,http://mail-archives.apache.org/mod_mbox/servicecomb-commits/201801.mbox/<151540023210.5373.11768789179450782484@gitbox.apache.org>,seanyinx
Mon Jan  8 08:30:34 2018,http://mail-archives.apache.org/mod_mbox/servicecomb-commits/201801.mbox/<20180108083032.3B15A82054@gitbox.apache.org>,seanyinx
Mon Jan  8 08:30:35 2018,http://mail-archives.apache.org/mod_mbox/servicecomb-commits/201801.mbox/<20180108083032.4626082057@gitbox.apache.org>,seanyinx
Mon Jan  8 08:30:35 2018,http://mail-archives.apache.org/mod_mbox/servicecomb-commits/201801.mbox/<20180108083032.4B59A8205D@gitbox.apache.org>,seanyinx
Mon Jan  8 08:30:35 2018,http://mail-archives.apache.org/mod_mbox/servicecomb-commits/201801.mbox/<20180108083032.40F9182055@gitbox.apache.org>,seanyinx
Mon Jan  8 08:40:03 2018,http://mail-archives.apache.org/mod_mbox/servicecomb-commits/201801.mbox/<151540079974.11270.16331679918730214648@gitbox.apache.org>,seanyinx
Mon Jan  8 08:40:05 2018,http://mail-archives.apache.org/mod_mbox/servicecomb-commits/201801.mbox/<20180108084001.0D5C882055@gitbox.apache.org>,seanyinx
Mon Jan  8 08:40:05 2018,http://mail-archives.apache.org/mod_mbox/servicecomb-commits/201801.mbox/<20180108084001.0C7A082033@gitbox.apache.org>,seanyinx
Mon Jan  8 08:40:06 2018,http://mail-archives.apache.org/mod_mbox/servicecomb-commits/201801.mbox/<20180108084001.0FF8382062@gitbox.apache.org>,seanyinx
Mon Jan  8 08:40:06 2018,http://mail-archives.apache.org/mod_mbox/servicecomb-commits/201801.mbox/<20180108084001.0E4A28205D@gitbox.apache.org>,seanyinx
Mon Jan  8 08:40:06 2018,http://mail-archives.apache.org/mod_mbox/servicecomb-commits/201801.mbox/<20180108084001.0F30E82057@gitbox.apache.org>,seanyinx
Mon Jan  8 08:41:23 2018,http://mail-archives.apache.org/mod_mbox/servicecomb-commits/201801.mbox/<151540088251.12513.11666932870627352041@gitbox.apache.org>,seanyinx
Mon Jan  8 08:41:23 2018,http://mail-archives.apache.org/mod_mbox/servicecomb-commits/201801.mbox/<20180108084122.AB0A082062@gitbox.apache.org>,seanyinx
Mon Jan  8 08:41:23 2018,http://mail-archives.apache.org/mod_mbox/servicecomb-commits/201801.mbox/<20180108084122.A580C8205D@gitbox.apache.org>,seanyinx
Mon Jan  8 08:41:24 2018,http://mail-archives.apache.org/mod_mbox/servicecomb-commits/201801.mbox/<20180108084122.9D18E82057@gitbox.apache.org>,seanyinx
Mon Jan  8 08:41:25 2018,http://mail-archives.apache.org/mod_mbox/servicecomb-commits/201801.mbox/<151540088447.12676.16780958480118008981@gitbox.apache.org>,seanyinx
Mon Jan  8 08:45:24 2018,http://mail-archives.apache.org/mod_mbox/servicecomb-commits/201801.mbox/<151540112267.15085.1447129338767578876@gitbox.apache.org>,seanyinx
Mon Jan  8 08:47:13 2018,http://mail-archives.apache.org/mod_mbox/servicecomb-commits/201801.mbox/<151540123164.16341.7269890461711416080@gitbox.apache.org>,seanyinx
Mon Jan  8 09:14:53 2018,http://mail-archives.apache.org/mod_mbox/servicecomb-commits/201801.mbox/<151540289174.1861.16773316852209346546@gitbox.apache.org>,seanyinx
Mon Jan  8 09:14:54 2018,http://mail-archives.apache.org/mod_mbox/servicecomb-commits/201801.mbox/<20180108091451.D23EC82062@gitbox.apache.org>,seanyinx
Mon Jan  8 09:14:54 2018,http://mail-archives.apache.org/mod_mbox/servicecomb-commits/201801.mbox/<20180108091451.CC3248204F@gitbox.apache.org>,seanyinx
Mon Jan 15 06:37:36 2018,http://mail-archives.apache.org/mod_mbox/servicecomb-commits/201801.mbox/<151599825478.3827.3576071347832886633@gitbox.apache.org>,seanyinx
Mon Jan 15 06:37:37 2018,http://mail-archives.apache.org/mod_mbox/servicecomb-commits/201801.mbox/<20180115063734.D365681F78@gitbox.apache.org>,seanyinx
Mon Jan 15 06:37:37 2018,http://mail-archives.apache.org/mod_mbox/servicecomb-commits/201801.mbox/<20180115063734.DE4AD81F7A@gitbox.apache.org>,seanyinx
Mon Jan 15 06:37:37 2018,http://mail-archives.apache.org/mod_mbox/servicecomb-commits/201801.mbox/<20180115063734.D8E5F81F79@gitbox.apache.org>,seanyinx
Mon Jan 15 09:43:49 2018,http://mail-archives.apache.org/mod_mbox/servicecomb-commits/201801.mbox/<151600942795.6314.16421264292286253104@gitbox.apache.org>,seanyinx
Mon Jan 15 10:53:51 2018,http://mail-archives.apache.org/mod_mbox/servicecomb-commits/201801.mbox/<151601362917.28278.7526454895358524142@gitbox.apache.org>,seanyinx
Mon Jan 15 11:05:56 2018,http://mail-archives.apache.org/mod_mbox/servicecomb-commits/201801.mbox/<151601435514.4173.2493970503430556625@gitbox.apache.org>,seanyinx
Mon Jan 15 11:05:57 2018,http://mail-archives.apache.org/mod_mbox/servicecomb-commits/201801.mbox/<20180115110555.7062281B47@gitbox.apache.org>,seanyinx
Mon Jan 15 11:05:57 2018,http://mail-archives.apache.org/mod_mbox/servicecomb-commits/201801.mbox/<20180115110555.75ADB81C07@gitbox.apache.org>,seanyinx
Sat Jan  6 11:31:06 2018,http://mail-archives.apache.org/mod_mbox/servicecomb-commits/201801.mbox/<151523826566.17254.8038669514053766778@gitbox.apache.org>,seanyinx
Sat Jan 13 07:34:37 2018,http://mail-archives.apache.org/mod_mbox/servicecomb-commits/201801.mbox/<151582887615.23294.17694491415160613107@gitbox.apache.org>,seanyinx
Sat Jan 13 08:48:54 2018,http://mail-archives.apache.org/mod_mbox/servicecomb-commits/201801.mbox/<151583333339.6603.13014793900620561246@gitbox.apache.org>,seanyinx
Sat Jan 13 08:48:55 2018,http://mail-archives.apache.org/mod_mbox/servicecomb-commits/201801.mbox/<20180113084853.724738214A@gitbox.apache.org>,seanyinx
Sat Jan 13 09:03:14 2018,http://mail-archives.apache.org/mod_mbox/servicecomb-commits/201801.mbox/<151583419266.15784.15103216493498138688@gitbox.apache.org>,seanyinx
Sat Jan 13 09:03:15 2018,http://mail-archives.apache.org/mod_mbox/servicecomb-commits/201801.mbox/<20180113090312.BB9F682166@gitbox.apache.org>,seanyinx
Sat Jan 20 00:42:11 2018,http://mail-archives.apache.org/mod_mbox/servicecomb-commits/201801.mbox/<151640892216.14978.13882683086444890845@gitbox.apache.org>,seanyinx
Sat Jan 20 00:44:26 2018,http://mail-archives.apache.org/mod_mbox/servicecomb-commits/201801.mbox/<151640906528.17411.10273827287644292123@gitbox.apache.org>,seanyinx
Sun Jan 14 08:56:51 2018,http://mail-archives.apache.org/mod_mbox/servicecomb-commits/201801.mbox/<151592020954.30498.8830788875989792292@gitbox.apache.org>,seanyinx
Sun Jan 14 08:56:52 2018,http://mail-archives.apache.org/mod_mbox/servicecomb-commits/201801.mbox/<20180114085649.9ED7181FEA@gitbox.apache.org>,seanyinx
Sun Jan 14 08:56:52 2018,http://mail-archives.apache.org/mod_mbox/servicecomb-commits/201801.mbox/<20180114085649.99C0F81FA0@gitbox.apache.org>,seanyinx
Thu Dec 28 01:43:08 2017,http://mail-archives.apache.org/mod_mbox/servicecomb-commits/201712.mbox/<151442538744.24822.13080701598681731458@gitbox.apache.org>,seanyinx
Thu Dec 28 01:43:10 2017,http://mail-archives.apache.org/mod_mbox/servicecomb-commits/201712.mbox/<151442538868.24997.18028766973941262207@gitbox.apache.org>,seanyinx
Thu Dec 28 02:29:16 2017,http://mail-archives.apache.org/mod_mbox/servicecomb-commits/201712.mbox/<151442815496.19530.17019519067724577627@gitbox.apache.org>,seanyinx
Thu Dec 28 02:29:17 2017,http://mail-archives.apache.org/mod_mbox/servicecomb-commits/201712.mbox/<20171228022915.07AA681C4A@gitbox.apache.org>,seanyinx
Thu Dec 28 04:19:15 2017,http://mail-archives.apache.org/mod_mbox/servicecomb-commits/201712.mbox/<151443475366.20017.11606247276748709095@gitbox.apache.org>,seanyinx
Thu Dec 28 04:19:16 2017,http://mail-archives.apache.org/mod_mbox/servicecomb-commits/201712.mbox/<20171228041913.B4DD281F7C@gitbox.apache.org>,seanyinx
Thu Jan  4 01:27:25 2018,http://mail-archives.apache.org/mod_mbox/servicecomb-commits/201801.mbox/<151502924431.20406.5519794850309137398@gitbox.apache.org>,seanyinx
Thu Jan  4 01:27:27 2018,http://mail-archives.apache.org/mod_mbox/servicecomb-commits/201801.mbox/<20180104012724.6807C85222@gitbox.apache.org>,seanyinx
Thu Jan  4 01:27:27 2018,http://mail-archives.apache.org/mod_mbox/servicecomb-commits/201801.mbox/<20180104012724.6C91785223@gitbox.apache.org>,seanyinx
Thu Jan  4 01:48:15 2018,http://mail-archives.apache.org/mod_mbox/servicecomb-commits/201801.mbox/<151503049362.2469.11740550338607413681@gitbox.apache.org>,seanyinx
Thu Jan  4 03:51:38 2018,http://mail-archives.apache.org/mod_mbox/servicecomb-commits/201801.mbox/<151503789687.19192.861625860211511503@gitbox.apache.org>,seanyinx
Thu Jan  4 08:03:44 2018,http://mail-archives.apache.org/mod_mbox/servicecomb-commits/201801.mbox/<151505302265.24987.2450233813727666156@gitbox.apache.org>,seanyinx
Thu Jan  4 08:03:45 2018,http://mail-archives.apache.org/mod_mbox/servicecomb-commits/201801.mbox/<20180104080342.D73C885609@gitbox.apache.org>,seanyinx
Thu Jan  4 08:03:45 2018,http://mail-archives.apache.org/mod_mbox/servicecomb-commits/201801.mbox/<20180104080342.CFEE185607@gitbox.apache.org>,seanyinx
Thu Jan  4 08:03:45 2018,http://mail-archives.apache.org/mod_mbox/servicecomb-commits/201801.mbox/<20180104080342.C20D085603@gitbox.apache.org>,seanyinx
Thu Jan  4 08:03:45 2018,http://mail-archives.apache.org/mod_mbox/servicecomb-commits/201801.mbox/<20180104080342.C8F4C85605@gitbox.apache.org>,seanyinx
Thu Jan  4 08:03:45 2018,http://mail-archives.apache.org/mod_mbox/servicecomb-commits/201801.mbox/<20180104080342.E92A985610@gitbox.apache.org>,seanyinx
Thu Jan  4 08:03:45 2018,http://mail-archives.apache.org/mod_mbox/servicecomb-commits/201801.mbox/<20180104080342.DD6DE8560B@gitbox.apache.org>,seanyinx
Thu Jan  4 08:03:46 2018,http://mail-archives.apache.org/mod_mbox/servicecomb-commits/201801.mbox/<20180104080342.E39458560E@gitbox.apache.org>,seanyinx
Thu Jan 11 02:29:43 2018,http://mail-archives.apache.org/mod_mbox/servicecomb-commits/201801.mbox/<151563778186.25585.18203803845606384609@gitbox.apache.org>,seanyinx
Thu Jan 11 02:48:10 2018,http://mail-archives.apache.org/mod_mbox/servicecomb-commits/201801.mbox/<20180111024807.84BA382002@gitbox.apache.org>,seanyinx
Thu Jan 11 02:48:10 2018,http://mail-archives.apache.org/mod_mbox/servicecomb-commits/201801.mbox/<151563888575.28923.2137594126225878259@gitbox.apache.org>,seanyinx
Thu Jan 11 02:48:10 2018,http://mail-archives.apache.org/mod_mbox/servicecomb-commits/201801.mbox/<20180111024807.8743384B88@gitbox.apache.org>,seanyinx
Thu Jan 11 02:48:11 2018,http://mail-archives.apache.org/mod_mbox/servicecomb-commits/201801.mbox/<151563888767.29194.6387196585115049613@gitbox.apache.org>,seanyinx
Thu Jan 11 02:48:11 2018,http://mail-archives.apache.org/mod_mbox/servicecomb-commits/201801.mbox/<20180111024807.892E484B86@gitbox.apache.org>,seanyinx
Thu Jan 11 02:48:11 2018,http://mail-archives.apache.org/mod_mbox/servicecomb-commits/201801.mbox/<20180111024807.8BF1D84B84@gitbox.apache.org>,seanyinx
Thu Jan 11 02:48:11 2018,http://mail-archives.apache.org/mod_mbox/servicecomb-commits/201801.mbox/<20180111024807.8A28284B7C@gitbox.apache.org>,seanyinx
Thu Jan 11 02:48:11 2018,http://mail-archives.apache.org/mod_mbox/servicecomb-commits/201801.mbox/<20180111024807.8AE2A84B80@gitbox.apache.org>,seanyinx
Thu Jan 11 02:49:13 2018,http://mail-archives.apache.org/mod_mbox/servicecomb-commits/201801.mbox/<20180111024910.28C2284B82@gitbox.apache.org>,seanyinx
Thu Jan 11 02:49:13 2018,http://mail-archives.apache.org/mod_mbox/servicecomb-commits/201801.mbox/<20180111024910.3E07784B86@gitbox.apache.org>,seanyinx
Thu Jan 11 02:49:14 2018,http://mail-archives.apache.org/mod_mbox/servicecomb-commits/201801.mbox/<20180111024910.3415C84B84@gitbox.apache.org>,seanyinx
Thu Jan 11 02:49:14 2018,http://mail-archives.apache.org/mod_mbox/servicecomb-commits/201801.mbox/<151563895006.31145.12562317517422090413@gitbox.apache.org>,seanyinx
Thu Jan 11 02:49:15 2018,http://mail-archives.apache.org/mod_mbox/servicecomb-commits/201801.mbox/<20180111024910.5B76184B94@gitbox.apache.org>,seanyinx
Thu Jan 11 02:49:15 2018,http://mail-archives.apache.org/mod_mbox/servicecomb-commits/201801.mbox/<20180111024910.47AF984B88@gitbox.apache.org>,seanyinx
Thu Jan 11 02:49:17 2018,http://mail-archives.apache.org/mod_mbox/servicecomb-commits/201801.mbox/<20180111024910.60FE284B96@gitbox.apache.org>,seanyinx
Thu Jan 11 02:49:17 2018,http://mail-archives.apache.org/mod_mbox/servicecomb-commits/201801.mbox/<20180111024910.54DBE84B92@gitbox.apache.org>,seanyinx
Thu Jan 11 02:49:17 2018,http://mail-archives.apache.org/mod_mbox/servicecomb-commits/201801.mbox/<20180111024910.4F41384B90@gitbox.apache.org>,seanyinx
Thu Jan 11 02:49:17 2018,http://mail-archives.apache.org/mod_mbox/servicecomb-commits/201801.mbox/<20180111024910.686E784B98@gitbox.apache.org>,seanyinx
Thu Jan 11 06:15:12 2018,http://mail-archives.apache.org/mod_mbox/servicecomb-commits/201801.mbox/<151565131053.5162.10057180638494159742@gitbox.apache.org>,seanyinx
Thu Jan 11 06:19:18 2018,http://mail-archives.apache.org/mod_mbox/servicecomb-commits/201801.mbox/<151565155643.7537.17080037421963567128@gitbox.apache.org>,seanyinx
Thu Jan 11 06:51:22 2018,http://mail-archives.apache.org/mod_mbox/servicecomb-commits/201801.mbox/<151565348152.27071.11604083911353935243@gitbox.apache.org>,seanyinx
Thu Jan 11 06:56:07 2018,http://mail-archives.apache.org/mod_mbox/servicecomb-commits/201801.mbox/<151565376462.31240.8016791142606569484@gitbox.apache.org>,seanyinx
Thu Jan 11 06:56:07 2018,http://mail-archives.apache.org/mod_mbox/servicecomb-commits/201801.mbox/<20180111065605.B0CD784B76@gitbox.apache.org>,seanyinx
Thu Jan 11 06:56:08 2018,http://mail-archives.apache.org/mod_mbox/servicecomb-commits/201801.mbox/<20180111065605.B2899882A6@gitbox.apache.org>,seanyinx
Thu Jan 11 06:56:08 2018,http://mail-archives.apache.org/mod_mbox/servicecomb-commits/201801.mbox/<20180111065605.B1C01882A9@gitbox.apache.org>,seanyinx
Thu Jan 11 06:56:08 2018,http://mail-archives.apache.org/mod_mbox/servicecomb-commits/201801.mbox/<20180111065605.B33D4882A7@gitbox.apache.org>,seanyinx
Thu Jan 11 07:20:15 2018,http://mail-archives.apache.org/mod_mbox/servicecomb-commits/201801.mbox/<151565521396.14387.13801726896319957277@gitbox.apache.org>,seanyinx
Thu Jan 11 07:20:16 2018,http://mail-archives.apache.org/mod_mbox/servicecomb-commits/201801.mbox/<20180111072014.0B9F3882AC@gitbox.apache.org>,seanyinx
Thu Jan 11 07:20:16 2018,http://mail-archives.apache.org/mod_mbox/servicecomb-commits/201801.mbox/<20180111072014.1AE81882AE@gitbox.apache.org>,seanyinx
Thu Jan 11 07:20:16 2018,http://mail-archives.apache.org/mod_mbox/servicecomb-commits/201801.mbox/<20180111072014.13C91882AD@gitbox.apache.org>,seanyinx
Thu Jan 11 07:20:16 2018,http://mail-archives.apache.org/mod_mbox/servicecomb-commits/201801.mbox/<20180111072014.21FC0882AF@gitbox.apache.org>,seanyinx
Thu Jan 11 07:20:17 2018,http://mail-archives.apache.org/mod_mbox/servicecomb-commits/201801.mbox/<20180111072014.2D3AD882B1@gitbox.apache.org>,seanyinx
Thu Jan 11 07:20:17 2018,http://mail-archives.apache.org/mod_mbox/servicecomb-commits/201801.mbox/<20180111072014.57A2D882B8@gitbox.apache.org>,seanyinx
Thu Jan 11 07:20:17 2018,http://mail-archives.apache.org/mod_mbox/servicecomb-commits/201801.mbox/<20180111072014.4C058882B6@gitbox.apache.org>,seanyinx
Thu Jan 11 07:20:17 2018,http://mail-archives.apache.org/mod_mbox/servicecomb-commits/201801.mbox/<20180111072014.51B7E882B7@gitbox.apache.org>,seanyinx
Thu Jan 11 07:20:17 2018,http://mail-archives.apache.org/mod_mbox/servicecomb-commits/201801.mbox/<20180111072014.3FB82882B4@gitbox.apache.org>,seanyinx
Thu Jan 11 07:20:17 2018,http://mail-archives.apache.org/mod_mbox/servicecomb-commits/201801.mbox/<20180111072014.34AD6882B2@gitbox.apache.org>,seanyinx
Thu Jan 11 07:20:17 2018,http://mail-archives.apache.org/mod_mbox/servicecomb-commits/201801.mbox/<20180111072014.27C8D882B0@gitbox.apache.org>,seanyinx
Thu Jan 11 07:20:17 2018,http://mail-archives.apache.org/mod_mbox/servicecomb-commits/201801.mbox/<20180111072014.39F9E882B3@gitbox.apache.org>,seanyinx
Thu Jan 11 07:20:18 2018,http://mail-archives.apache.org/mod_mbox/servicecomb-commits/201801.mbox/<20180111072014.46496882B5@gitbox.apache.org>,seanyinx
Thu Jan 11 07:58:28 2018,http://mail-archives.apache.org/mod_mbox/servicecomb-commits/201801.mbox/<151565750702.6039.15334458121565955573@gitbox.apache.org>,seanyinx
Thu Jan 11 13:47:00 2018,http://mail-archives.apache.org/mod_mbox/servicecomb-commits/201801.mbox/<151567841815.592.5087376657909604905@gitbox.apache.org>,seanyinx
Thu Jan 18 03:18:11 2018,http://mail-archives.apache.org/mod_mbox/servicecomb-commits/201801.mbox/<151624548955.28141.16125037508668787566@gitbox.apache.org>,seanyinx
Tue Dec 26 10:41:19 2017,http://mail-archives.apache.org/mod_mbox/servicecomb-commits/201712.mbox/<20171226104118.2A5C880679@gitbox.apache.org>,seanyinx
Tue Dec 26 10:41:19 2017,http://mail-archives.apache.org/mod_mbox/servicecomb-commits/201712.mbox/<151428487802.20480.13678967868438459551@gitbox.apache.org>,seanyinx
Tue Dec 26 10:41:20 2017,http://mail-archives.apache.org/mod_mbox/servicecomb-commits/201712.mbox/<20171226104118.3685A80D55@gitbox.apache.org>,seanyinx
Tue Dec 26 10:41:20 2017,http://mail-archives.apache.org/mod_mbox/servicecomb-commits/201712.mbox/<20171226104118.2F7FE8073C@gitbox.apache.org>,seanyinx
Tue Dec 26 10:41:20 2017,http://mail-archives.apache.org/mod_mbox/servicecomb-commits/201712.mbox/<20171226104118.3C60281721@gitbox.apache.org>,seanyinx
Tue Dec 26 10:41:21 2017,http://mail-archives.apache.org/mod_mbox/servicecomb-commits/201712.mbox/<20171226104118.48A00819C8@gitbox.apache.org>,seanyinx
Tue Dec 26 10:41:21 2017,http://mail-archives.apache.org/mod_mbox/servicecomb-commits/201712.mbox/<20171226104118.4FD1A819E7@gitbox.apache.org>,seanyinx
Tue Dec 26 10:41:21 2017,http://mail-archives.apache.org/mod_mbox/servicecomb-commits/201712.mbox/<20171226104118.41634819BD@gitbox.apache.org>,seanyinx
Tue Dec 26 11:13:38 2017,http://mail-archives.apache.org/mod_mbox/servicecomb-commits/201712.mbox/<151428681756.7957.16819817374662856023@gitbox.apache.org>,seanyinx
Tue Dec 26 11:30:31 2017,http://mail-archives.apache.org/mod_mbox/servicecomb-commits/201712.mbox/<151428782975.17973.7407424940056031626@gitbox.apache.org>,seanyinx
Tue Dec 26 12:04:20 2017,http://mail-archives.apache.org/mod_mbox/servicecomb-commits/201712.mbox/<151428985899.6733.15178887055093558147@gitbox.apache.org>,seanyinx
Tue Jan  2 02:52:10 2018,http://mail-archives.apache.org/mod_mbox/servicecomb-commits/201801.mbox/<151486152913.30886.1726397556162510947@gitbox.apache.org>,seanyinx
Tue Jan  2 02:52:11 2018,http://mail-archives.apache.org/mod_mbox/servicecomb-commits/201801.mbox/<20180102025209.3E49F80680@gitbox.apache.org>,seanyinx
Tue Jan  2 02:52:12 2018,http://mail-archives.apache.org/mod_mbox/servicecomb-commits/201801.mbox/<20180102025209.546AC81670@gitbox.apache.org>,seanyinx
Tue Jan  2 02:52:12 2018,http://mail-archives.apache.org/mod_mbox/servicecomb-commits/201801.mbox/<20180102025209.4E5C68166F@gitbox.apache.org>,seanyinx
Tue Jan  2 02:52:12 2018,http://mail-archives.apache.org/mod_mbox/servicecomb-commits/201801.mbox/<20180102025209.4451480691@gitbox.apache.org>,seanyinx
Tue Jan  2 02:52:12 2018,http://mail-archives.apache.org/mod_mbox/servicecomb-commits/201801.mbox/<20180102025209.498598166E@gitbox.apache.org>,seanyinx
Tue Jan  2 08:30:08 2018,http://mail-archives.apache.org/mod_mbox/servicecomb-commits/201801.mbox/<151488180557.14205.13669543188042458791@gitbox.apache.org>,seanyinx
Tue Jan  2 08:32:15 2018,http://mail-archives.apache.org/mod_mbox/servicecomb-commits/201801.mbox/<151488193408.15911.6627074815608055287@gitbox.apache.org>,seanyinx
Tue Jan  2 10:52:41 2018,http://mail-archives.apache.org/mod_mbox/servicecomb-commits/201801.mbox/<151489035967.18368.13223465796818812207@gitbox.apache.org>,seanyinx
Tue Jan  2 10:52:41 2018,http://mail-archives.apache.org/mod_mbox/servicecomb-commits/201801.mbox/<20180102105239.BC67A81716@gitbox.apache.org>,seanyinx
Tue Jan  2 13:11:19 2018,http://mail-archives.apache.org/mod_mbox/servicecomb-commits/201801.mbox/<151489867830.16689.6764180504548425254@gitbox.apache.org>,seanyinx
Tue Jan  9 01:23:38 2018,http://mail-archives.apache.org/mod_mbox/servicecomb-commits/201801.mbox/<151546101633.16116.18076415225743151358@gitbox.apache.org>,seanyinx
Tue Jan  9 01:23:39 2018,http://mail-archives.apache.org/mod_mbox/servicecomb-commits/201801.mbox/<151546101794.16274.15830454787016400310@gitbox.apache.org>,seanyinx
Tue Jan  9 09:42:53 2018,http://mail-archives.apache.org/mod_mbox/servicecomb-commits/201801.mbox/<151549096790.29809.16333506101830184558@gitbox.apache.org>,seanyinx
Tue Jan 16 00:55:59 2018,http://mail-archives.apache.org/mod_mbox/servicecomb-commits/201801.mbox/<151606415786.23902.8778779991175635969@gitbox.apache.org>,seanyinx
Tue Jan 16 00:56:00 2018,http://mail-archives.apache.org/mod_mbox/servicecomb-commits/201801.mbox/<20180116005558.0147981C00@gitbox.apache.org>,seanyinx
Tue Jan 16 00:56:01 2018,http://mail-archives.apache.org/mod_mbox/servicecomb-commits/201801.mbox/<20180116005558.121EA81C53@gitbox.apache.org>,seanyinx
Tue Jan 16 00:56:01 2018,http://mail-archives.apache.org/mod_mbox/servicecomb-commits/201801.mbox/<20180116005558.1C3C981C6E@gitbox.apache.org>,seanyinx
Tue Jan 16 00:56:01 2018,http://mail-archives.apache.org/mod_mbox/servicecomb-commits/201801.mbox/<20180116005558.1720581C62@gitbox.apache.org>,seanyinx
Tue Jan 16 00:56:01 2018,http://mail-archives.apache.org/mod_mbox/servicecomb-commits/201801.mbox/<20180116005558.079A681C1A@gitbox.apache.org>,seanyinx
Tue Jan 16 00:56:01 2018,http://mail-archives.apache.org/mod_mbox/servicecomb-commits/201801.mbox/<20180116005558.0CBFA81C4C@gitbox.apache.org>,seanyinx
Tue Jan 16 01:04:45 2018,http://mail-archives.apache.org/mod_mbox/servicecomb-commits/201801.mbox/<151606468391.30001.8335505964305726596@gitbox.apache.org>,seanyinx
Tue Jan 16 01:04:46 2018,http://mail-archives.apache.org/mod_mbox/servicecomb-commits/201801.mbox/<20180116010444.10CEB81C1A@gitbox.apache.org>,seanyinx
Tue Jan 16 01:04:47 2018,http://mail-archives.apache.org/mod_mbox/servicecomb-commits/201801.mbox/<20180116010444.15C2181C4C@gitbox.apache.org>,seanyinx
Tue Jan 16 01:04:47 2018,http://mail-archives.apache.org/mod_mbox/servicecomb-commits/201801.mbox/<20180116010444.1B06081C53@gitbox.apache.org>,seanyinx
Tue Jan 16 02:15:07 2018,http://mail-archives.apache.org/mod_mbox/servicecomb-commits/201801.mbox/<151606890576.9326.14841659545772014336@gitbox.apache.org>,seanyinx
Tue Jan 16 02:15:08 2018,http://mail-archives.apache.org/mod_mbox/servicecomb-commits/201801.mbox/<20180116021505.CF34581BFE@gitbox.apache.org>,seanyinx
Tue Jan 16 02:15:08 2018,http://mail-archives.apache.org/mod_mbox/servicecomb-commits/201801.mbox/<20180116021505.D3F2281C1A@gitbox.apache.org>,seanyinx
Tue Jan 16 02:15:08 2018,http://mail-archives.apache.org/mod_mbox/servicecomb-commits/201801.mbox/<20180116021505.D8BA581C4C@gitbox.apache.org>,seanyinx
Tue Jan 16 09:45:58 2018,http://mail-archives.apache.org/mod_mbox/servicecomb-commits/201801.mbox/<151609595579.26804.2313705445308889757@gitbox.apache.org>,seanyinx
Tue Jan 16 09:45:58 2018,http://mail-archives.apache.org/mod_mbox/servicecomb-commits/201801.mbox/<20180116094556.B1A8B80FA3@gitbox.apache.org>,seanyinx
Tue Jan 16 09:45:58 2018,http://mail-archives.apache.org/mod_mbox/servicecomb-commits/201801.mbox/<20180116094556.B253A81655@gitbox.apache.org>,seanyinx
Wed Dec 27 01:14:07 2017,http://mail-archives.apache.org/mod_mbox/servicecomb-commits/201712.mbox/<151433724521.14784.12802342326016972988@gitbox.apache.org>,seanyinx
Wed Dec 27 08:41:53 2017,http://mail-archives.apache.org/mod_mbox/servicecomb-commits/201712.mbox/<151436411153.23623.14827445644686226960@gitbox.apache.org>,seanyinx
Wed Dec 27 08:41:53 2017,http://mail-archives.apache.org/mod_mbox/servicecomb-commits/201712.mbox/<20171227084152.07C1B8174A@gitbox.apache.org>,seanyinx
Wed Jan  3 03:12:29 2018,http://mail-archives.apache.org/mod_mbox/servicecomb-commits/201801.mbox/<151494914789.22487.4629212482179431392@gitbox.apache.org>,seanyinx
Wed Jan  3 03:12:30 2018,http://mail-archives.apache.org/mod_mbox/servicecomb-commits/201801.mbox/<20180103031228.3E526850A2@gitbox.apache.org>,seanyinx
Wed Jan  3 03:12:31 2018,http://mail-archives.apache.org/mod_mbox/servicecomb-commits/201801.mbox/<151494915047.22682.6743394687394464972@gitbox.apache.org>,seanyinx
Wed Jan  3 03:12:31 2018,http://mail-archives.apache.org/mod_mbox/servicecomb-commits/201801.mbox/<20180103031228.45D2A850A3@gitbox.apache.org>,seanyinx
Wed Jan 10 00:57:17 2018,http://mail-archives.apache.org/mod_mbox/servicecomb-commits/201801.mbox/<151554582829.8796.18143612214974114788@gitbox.apache.org>,seanyinx
Wed Jan 10 01:00:28 2018,http://mail-archives.apache.org/mod_mbox/servicecomb-commits/201801.mbox/<151554602676.11006.12086773152328537223@gitbox.apache.org>,seanyinx
Wed Jan 10 01:00:29 2018,http://mail-archives.apache.org/mod_mbox/servicecomb-commits/201801.mbox/<20180110010026.E25D381178@gitbox.apache.org>,seanyinx
Wed Jan 10 01:00:29 2018,http://mail-archives.apache.org/mod_mbox/servicecomb-commits/201801.mbox/<20180110010026.E7C40811C7@gitbox.apache.org>,seanyinx
Wed Jan 10 01:00:29 2018,http://mail-archives.apache.org/mod_mbox/servicecomb-commits/201801.mbox/<20180110010026.EDF5D812BC@gitbox.apache.org>,seanyinx
Wed Jan 10 01:00:30 2018,http://mail-archives.apache.org/mod_mbox/servicecomb-commits/201801.mbox/<20180110010026.F3AC7812C6@gitbox.apache.org>,seanyinx
Wed Jan 10 01:38:14 2018,http://mail-archives.apache.org/mod_mbox/servicecomb-commits/201801.mbox/<151554829166.6723.14975920262500240944@gitbox.apache.org>,seanyinx
Wed Jan 10 08:01:12 2018,http://mail-archives.apache.org/mod_mbox/servicecomb-commits/201801.mbox/<151557127077.7661.17824578792608050431@gitbox.apache.org>,seanyinx
Wed Jan 10 08:01:13 2018,http://mail-archives.apache.org/mod_mbox/servicecomb-commits/201801.mbox/<20180110080110.DC05E81C39@gitbox.apache.org>,seanyinx
Wed Jan 10 08:01:13 2018,http://mail-archives.apache.org/mod_mbox/servicecomb-commits/201801.mbox/<20180110080110.E8B7A81C3B@gitbox.apache.org>,seanyinx
Wed Jan 10 08:01:13 2018,http://mail-archives.apache.org/mod_mbox/servicecomb-commits/201801.mbox/<20180110080110.D6D2481C34@gitbox.apache.org>,seanyinx
Wed Jan 10 08:01:13 2018,http://mail-archives.apache.org/mod_mbox/servicecomb-commits/201801.mbox/<20180110080110.D17E981C26@gitbox.apache.org>,seanyinx
Wed Jan 10 08:01:14 2018,http://mail-archives.apache.org/mod_mbox/servicecomb-commits/201801.mbox/<20180110080110.E364E81C3A@gitbox.apache.org>,seanyinx
Wed Jan 17 10:02:28 2018,http://mail-archives.apache.org/mod_mbox/servicecomb-commits/201801.mbox/<151618334640.1553.2494946285471895616@gitbox.apache.org>,seanyinx
Wed Jan 17 10:02:29 2018,http://mail-archives.apache.org/mod_mbox/servicecomb-commits/201801.mbox/<20180117100226.8E13282074@gitbox.apache.org>,seanyinx
Wed Jan 17 10:02:29 2018,http://mail-archives.apache.org/mod_mbox/servicecomb-commits/201801.mbox/<20180117100226.7EE988205F@gitbox.apache.org>,seanyinx
Wed Jan 17 10:02:29 2018,http://mail-archives.apache.org/mod_mbox/servicecomb-commits/201801.mbox/<20180117100226.854AA82062@gitbox.apache.org>,seanyinx
