human_date_time,link,sender_names_alias
Mon Feb  5 00:00:02 2007,http://mail-archives.apache.org/mod_mbox/felix-commits/200702.mbox/<20070204235940.860DA1A981A@eris.apache.org>,rickhall
Mon Feb  5 00:00:02 2007,http://mail-archives.apache.org/mod_mbox/felix-commits/200702.mbox/<20070204235940.860DA1A981A@eris.apache.org>,rickhall
Mon Feb  5 13:29:57 2007,http://mail-archives.apache.org/mod_mbox/felix-commits/200702.mbox/<20070205132936.3DE181A981A@eris.apache.org>,rickhall
Mon Feb  5 13:29:57 2007,http://mail-archives.apache.org/mod_mbox/felix-commits/200702.mbox/<20070205132936.3DE181A981A@eris.apache.org>,rickhall
Mon Feb  5 13:29:57 2007,http://mail-archives.apache.org/mod_mbox/felix-commits/200702.mbox/<20070205132936.3DE181A981A@eris.apache.org>,rickhall
Mon Feb  5 13:29:57 2007,http://mail-archives.apache.org/mod_mbox/felix-commits/200702.mbox/<20070205132936.3DE181A981A@eris.apache.org>,rickhall
Mon Feb  5 13:29:57 2007,http://mail-archives.apache.org/mod_mbox/felix-commits/200702.mbox/<20070205132936.3DE181A981A@eris.apache.org>,rickhall
Mon Feb  5 13:29:57 2007,http://mail-archives.apache.org/mod_mbox/felix-commits/200702.mbox/<20070205132936.3DE181A981A@eris.apache.org>,rickhall
Mon Feb  5 13:29:57 2007,http://mail-archives.apache.org/mod_mbox/felix-commits/200702.mbox/<20070205132936.3DE181A981A@eris.apache.org>,rickhall
Mon Feb  5 13:29:57 2007,http://mail-archives.apache.org/mod_mbox/felix-commits/200702.mbox/<20070205132936.3DE181A981A@eris.apache.org>,rickhall
Mon Feb  5 20:39:30 2007,http://mail-archives.apache.org/mod_mbox/felix-commits/200702.mbox/<20070205203909.2A9D81A981A@eris.apache.org>,rickhall
Mon Jan 22 07:04:30 2007,http://mail-archives.apache.org/mod_mbox/felix-commits/200701.mbox/<20070122070323.9A8171A981A@eris.apache.org>,rickhall
Mon Jan 22 07:04:30 2007,http://mail-archives.apache.org/mod_mbox/felix-commits/200701.mbox/<20070122070323.9A8171A981A@eris.apache.org>,rickhall
Mon Jan 22 07:06:31 2007,http://mail-archives.apache.org/mod_mbox/felix-commits/200701.mbox/<20070122070524.360701A981A@eris.apache.org>,rickhall
Mon Jan 22 07:10:35 2007,http://mail-archives.apache.org/mod_mbox/felix-commits/200701.mbox/<20070122070927.090641A981A@eris.apache.org>,rickhall
Mon Jan 22 07:10:35 2007,http://mail-archives.apache.org/mod_mbox/felix-commits/200701.mbox/<20070122070927.090641A981A@eris.apache.org>,rickhall
Mon Jan 22 07:10:35 2007,http://mail-archives.apache.org/mod_mbox/felix-commits/200701.mbox/<20070122070927.090641A981A@eris.apache.org>,rickhall
Mon Jan 22 07:10:35 2007,http://mail-archives.apache.org/mod_mbox/felix-commits/200701.mbox/<20070122070927.090641A981A@eris.apache.org>,rickhall
Mon Jan 22 07:10:35 2007,http://mail-archives.apache.org/mod_mbox/felix-commits/200701.mbox/<20070122070927.090641A981A@eris.apache.org>,rickhall
Mon Jan 22 07:12:58 2007,http://mail-archives.apache.org/mod_mbox/felix-commits/200701.mbox/<20070122071149.AF70F1A981A@eris.apache.org>,rickhall
Mon Jan 22 07:12:58 2007,http://mail-archives.apache.org/mod_mbox/felix-commits/200701.mbox/<20070122071149.AF70F1A981A@eris.apache.org>,rickhall
Mon Jan 22 07:12:58 2007,http://mail-archives.apache.org/mod_mbox/felix-commits/200701.mbox/<20070122071149.AF70F1A981A@eris.apache.org>,rickhall
Mon Jan 22 07:12:58 2007,http://mail-archives.apache.org/mod_mbox/felix-commits/200701.mbox/<20070122071149.AF70F1A981A@eris.apache.org>,rickhall
Mon Jan 22 07:15:05 2007,http://mail-archives.apache.org/mod_mbox/felix-commits/200701.mbox/<20070122071358.586CE1A981A@eris.apache.org>,rickhall
Mon Jan 22 07:16:33 2007,http://mail-archives.apache.org/mod_mbox/felix-commits/200701.mbox/<20070122071526.660421A981A@eris.apache.org>,rickhall
Mon Jan 22 07:16:33 2007,http://mail-archives.apache.org/mod_mbox/felix-commits/200701.mbox/<20070122071526.660421A981A@eris.apache.org>,rickhall
Mon Jan 22 07:16:33 2007,http://mail-archives.apache.org/mod_mbox/felix-commits/200701.mbox/<20070122071526.660421A981A@eris.apache.org>,rickhall
Mon Jan 22 19:59:20 2007,http://mail-archives.apache.org/mod_mbox/felix-commits/200701.mbox/<20070122195812.B99631A981A@eris.apache.org>,rickhall
Mon Jan 22 20:01:56 2007,http://mail-archives.apache.org/mod_mbox/felix-commits/200701.mbox/<20070122200047.36B761A981C@eris.apache.org>,rickhall
Mon Jan 22 20:01:56 2007,http://mail-archives.apache.org/mod_mbox/felix-commits/200701.mbox/<20070122200047.36B761A981C@eris.apache.org>,rickhall
Mon Jan 22 20:01:56 2007,http://mail-archives.apache.org/mod_mbox/felix-commits/200701.mbox/<20070122200047.36B761A981C@eris.apache.org>,rickhall
Mon Jan 22 20:01:56 2007,http://mail-archives.apache.org/mod_mbox/felix-commits/200701.mbox/<20070122200047.36B761A981C@eris.apache.org>,rickhall
Mon Jan 22 20:01:56 2007,http://mail-archives.apache.org/mod_mbox/felix-commits/200701.mbox/<20070122200047.36B761A981C@eris.apache.org>,rickhall
Mon Jan 22 20:01:56 2007,http://mail-archives.apache.org/mod_mbox/felix-commits/200701.mbox/<20070122200047.36B761A981C@eris.apache.org>,rickhall
Mon Jan 22 20:01:56 2007,http://mail-archives.apache.org/mod_mbox/felix-commits/200701.mbox/<20070122200047.36B761A981C@eris.apache.org>,rickhall
Mon Jan 22 20:01:56 2007,http://mail-archives.apache.org/mod_mbox/felix-commits/200701.mbox/<20070122200047.36B761A981C@eris.apache.org>,rickhall
Mon Jan 22 20:01:56 2007,http://mail-archives.apache.org/mod_mbox/felix-commits/200701.mbox/<20070122200047.36B761A981C@eris.apache.org>,rickhall
Mon Jan 22 20:01:56 2007,http://mail-archives.apache.org/mod_mbox/felix-commits/200701.mbox/<20070122200047.36B761A981C@eris.apache.org>,rickhall
Mon Jan 22 20:01:56 2007,http://mail-archives.apache.org/mod_mbox/felix-commits/200701.mbox/<20070122200047.36B761A981C@eris.apache.org>,rickhall
Mon Jan 22 20:01:56 2007,http://mail-archives.apache.org/mod_mbox/felix-commits/200701.mbox/<20070122200047.36B761A981C@eris.apache.org>,rickhall
Mon Jan 22 20:01:56 2007,http://mail-archives.apache.org/mod_mbox/felix-commits/200701.mbox/<20070122200047.36B761A981C@eris.apache.org>,rickhall
Mon Jan 22 20:01:56 2007,http://mail-archives.apache.org/mod_mbox/felix-commits/200701.mbox/<20070122200047.36B761A981C@eris.apache.org>,rickhall
Mon Jan 22 20:01:56 2007,http://mail-archives.apache.org/mod_mbox/felix-commits/200701.mbox/<20070122200047.36B761A981C@eris.apache.org>,rickhall
Mon Jan 22 20:01:56 2007,http://mail-archives.apache.org/mod_mbox/felix-commits/200701.mbox/<20070122200047.36B761A981C@eris.apache.org>,rickhall
Mon Jan 22 20:01:56 2007,http://mail-archives.apache.org/mod_mbox/felix-commits/200701.mbox/<20070122200047.36B761A981C@eris.apache.org>,rickhall
Mon Jan 22 20:01:56 2007,http://mail-archives.apache.org/mod_mbox/felix-commits/200701.mbox/<20070122200047.36B761A981C@eris.apache.org>,rickhall
Mon Jan 22 20:03:01 2007,http://mail-archives.apache.org/mod_mbox/felix-commits/200701.mbox/<20070122200153.AC5391A981A@eris.apache.org>,rickhall
Mon Jan 29 17:38:28 2007,http://mail-archives.apache.org/mod_mbox/felix-commits/200701.mbox/<20070129173805.ABFD51A981A@eris.apache.org>,rickhall
Mon Jan 29 17:38:28 2007,http://mail-archives.apache.org/mod_mbox/felix-commits/200701.mbox/<20070129173805.ABFD51A981A@eris.apache.org>,rickhall
Mon Jan 29 17:41:50 2007,http://mail-archives.apache.org/mod_mbox/felix-commits/200701.mbox/<20070129174129.AB4721A981C@eris.apache.org>,rickhall
Thu Feb  1 19:11:50 2007,http://mail-archives.apache.org/mod_mbox/felix-commits/200702.mbox/<20070201190338.CBCE01A981A@eris.apache.org>,rickhall
Thu Jan 18 01:37:51 2007,http://mail-archives.apache.org/mod_mbox/felix-commits/200701.mbox/<20070118013646.29DB51A981A@eris.apache.org>,rickhall
Thu Jan 18 01:37:51 2007,http://mail-archives.apache.org/mod_mbox/felix-commits/200701.mbox/<20070118013646.29DB51A981A@eris.apache.org>,rickhall
Thu Jan 18 01:37:51 2007,http://mail-archives.apache.org/mod_mbox/felix-commits/200701.mbox/<20070118013646.29DB51A981A@eris.apache.org>,rickhall
Thu Jan 18 05:54:20 2007,http://mail-archives.apache.org/mod_mbox/felix-commits/200701.mbox/<20070118055316.061CE1A9823@eris.apache.org>,rickhall
Thu Jan 18 20:26:28 2007,http://mail-archives.apache.org/mod_mbox/felix-commits/200701.mbox/<20070118202523.6F3991A981A@eris.apache.org>,rickhall
Thu Jan 18 21:42:51 2007,http://mail-archives.apache.org/mod_mbox/felix-commits/200701.mbox/<20070118214146.611691A981A@eris.apache.org>,rickhall
Thu Jan 25 14:42:27 2007,http://mail-archives.apache.org/mod_mbox/felix-commits/200701.mbox/<20070125144205.CF82A1A981A@eris.apache.org>,rickhall
Thu Jan 25 15:24:33 2007,http://mail-archives.apache.org/mod_mbox/felix-commits/200701.mbox/<20070125152412.9850E1A981A@eris.apache.org>,rickhall
Thu Jan 25 15:24:33 2007,http://mail-archives.apache.org/mod_mbox/felix-commits/200701.mbox/<20070125152412.9850E1A981A@eris.apache.org>,rickhall
Thu Jan 25 15:24:33 2007,http://mail-archives.apache.org/mod_mbox/felix-commits/200701.mbox/<20070125152412.9850E1A981A@eris.apache.org>,rickhall
Thu Jan 25 16:27:29 2007,http://mail-archives.apache.org/mod_mbox/felix-commits/200701.mbox/<20070125162705.1A2811A981A@eris.apache.org>,rickhall
Tue Feb  6 13:57:31 2007,http://mail-archives.apache.org/mod_mbox/felix-commits/200702.mbox/<20070206135710.4E26B1A981A@eris.apache.org>,rickhall
Tue Jan 23 14:48:27 2007,http://mail-archives.apache.org/mod_mbox/felix-commits/200701.mbox/<20070123144719.2CEC71A981A@eris.apache.org>,rickhall
Wed Jan 24 13:23:57 2007,http://mail-archives.apache.org/mod_mbox/felix-commits/200701.mbox/<20070124132218.C9D4A1A981C@eris.apache.org>,rickhall
Wed Jan 24 13:23:57 2007,http://mail-archives.apache.org/mod_mbox/felix-commits/200701.mbox/<20070124132218.C9D4A1A981C@eris.apache.org>,rickhall
Wed Jan 24 13:23:57 2007,http://mail-archives.apache.org/mod_mbox/felix-commits/200701.mbox/<20070124132218.C9D4A1A981C@eris.apache.org>,rickhall
Wed Jan 24 13:23:57 2007,http://mail-archives.apache.org/mod_mbox/felix-commits/200701.mbox/<20070124132218.C9D4A1A981C@eris.apache.org>,rickhall
Wed Jan 24 13:23:57 2007,http://mail-archives.apache.org/mod_mbox/felix-commits/200701.mbox/<20070124132218.C9D4A1A981C@eris.apache.org>,rickhall
Wed Jan 24 13:23:57 2007,http://mail-archives.apache.org/mod_mbox/felix-commits/200701.mbox/<20070124132218.C9D4A1A981C@eris.apache.org>,rickhall
Wed Jan 24 13:23:57 2007,http://mail-archives.apache.org/mod_mbox/felix-commits/200701.mbox/<20070124132218.C9D4A1A981C@eris.apache.org>,rickhall
Wed Jan 24 13:23:57 2007,http://mail-archives.apache.org/mod_mbox/felix-commits/200701.mbox/<20070124132218.C9D4A1A981C@eris.apache.org>,rickhall
Wed Jan 24 13:26:47 2007,http://mail-archives.apache.org/mod_mbox/felix-commits/200701.mbox/<20070124132509.3AB061A981C@eris.apache.org>,rickhall
Wed Jan 24 13:26:47 2007,http://mail-archives.apache.org/mod_mbox/felix-commits/200701.mbox/<20070124132509.3AB061A981C@eris.apache.org>,rickhall
Wed Jan 24 13:59:43 2007,http://mail-archives.apache.org/mod_mbox/felix-commits/200701.mbox/<20070124135803.997AE1A981A@eris.apache.org>,rickhall
Wed Jan 24 17:14:33 2007,http://mail-archives.apache.org/mod_mbox/felix-commits/200701.mbox/<20070124171323.6559D1A981A@eris.apache.org>,rickhall
Wed Jan 24 17:18:08 2007,http://mail-archives.apache.org/mod_mbox/felix-commits/200701.mbox/<20070124171659.6F8C61A981A@eris.apache.org>,rickhall
Wed Jan 24 19:37:52 2007,http://mail-archives.apache.org/mod_mbox/felix-commits/200701.mbox/<20070124193731.CBC881A981A@eris.apache.org>,rickhall
Wed Jan 31 17:54:24 2007,http://mail-archives.apache.org/mod_mbox/felix-commits/200701.mbox/<20070131175403.2B7911A981A@eris.apache.org>,rickhall
Wed Jan 31 18:02:09 2007,http://mail-archives.apache.org/mod_mbox/felix-commits/200701.mbox/<20070131180148.C00B41A981A@eris.apache.org>,rickhall
Wed Jan 31 21:11:33 2007,http://mail-archives.apache.org/mod_mbox/felix-commits/200701.mbox/<20070131211112.6F2DA1A981A@eris.apache.org>,rickhall
Wed Jan 31 21:12:11 2007,http://mail-archives.apache.org/mod_mbox/felix-commits/200701.mbox/<20070131211151.0100F1A981C@eris.apache.org>,rickhall
Wed Jan 31 21:12:11 2007,http://mail-archives.apache.org/mod_mbox/felix-commits/200701.mbox/<20070131211151.0100F1A981C@eris.apache.org>,rickhall
Wed Jan 31 21:13:19 2007,http://mail-archives.apache.org/mod_mbox/felix-commits/200701.mbox/<20070131211258.107A61A981A@eris.apache.org>,rickhall
Wed Jan 31 21:19:19 2007,http://mail-archives.apache.org/mod_mbox/felix-commits/200701.mbox/<20070131211857.64C531A981A@eris.apache.org>,rickhall
Wed Jan 31 21:56:55 2007,http://mail-archives.apache.org/mod_mbox/felix-commits/200701.mbox/<20070131215633.D1EC21A981A@eris.apache.org>,rickhall
