human_date_time,link,sender_names_alias
Fri Mar  4 03:18:04 2016,http://mail-archives.apache.org/mod_mbox/beam-commits/201603.mbox/<git-pr-19-incubator-beam@git.apache.org>,kennknowles
Fri Mar  4 04:23:50 2016,http://mail-archives.apache.org/mod_mbox/beam-commits/201603.mbox/<git-pr-20-incubator-beam@git.apache.org>,kennknowles
Fri Mar 18 02:50:21 2016,http://mail-archives.apache.org/mod_mbox/beam-commits/201603.mbox/<20160318025018.4E854DFA42@git1-us-west.apache.org>,kennknowles
Fri Mar 25 01:58:04 2016,http://mail-archives.apache.org/mod_mbox/beam-commits/201603.mbox/<git-pr-75-incubator-beam@git.apache.org>,kennknowles
Fri Mar 25 01:59:53 2016,http://mail-archives.apache.org/mod_mbox/beam-commits/201603.mbox/<git-pr-76-incubator-beam@git.apache.org>,kennknowles
Fri Mar 25 02:21:25 2016,http://mail-archives.apache.org/mod_mbox/beam-commits/201603.mbox/<git-pr-77-incubator-beam@git.apache.org>,kennknowles
Mon Mar 28 16:33:19 2016,http://mail-archives.apache.org/mod_mbox/beam-commits/201603.mbox/<git-pr-79-incubator-beam@git.apache.org>,kennknowles
Mon Mar 28 19:53:01 2016,http://mail-archives.apache.org/mod_mbox/beam-commits/201603.mbox/<git-pr-81-incubator-beam@git.apache.org>,kennknowles
Thu Mar 31 18:22:29 2016,http://mail-archives.apache.org/mod_mbox/beam-commits/201603.mbox/<20160331182226.E4CFBDFD5B@git1-us-west.apache.org>,kennknowles
Tue Mar 15 20:21:37 2016,http://mail-archives.apache.org/mod_mbox/beam-commits/201603.mbox/<git-pr-51-incubator-beam@git.apache.org>,kennknowles
Tue Mar 29 16:42:31 2016,http://mail-archives.apache.org/mod_mbox/beam-commits/201603.mbox/<20160329164227.9FC1BDFC74@git1-us-west.apache.org>,kennknowles
Tue Mar 29 20:17:30 2016,http://mail-archives.apache.org/mod_mbox/beam-commits/201603.mbox/<git-pr-89-incubator-beam@git.apache.org>,kennknowles
Wed Mar  9 18:38:33 2016,http://mail-archives.apache.org/mod_mbox/beam-commits/201603.mbox/<git-pr-35-incubator-beam@git.apache.org>,kennknowles
Wed Mar  9 18:38:38 2016,http://mail-archives.apache.org/mod_mbox/beam-commits/201603.mbox/<20160309183835.82B4EDFA6C@git1-us-west.apache.org>,kennknowles
Wed Mar 23 16:42:04 2016,http://mail-archives.apache.org/mod_mbox/beam-commits/201603.mbox/<git-pr-70-incubator-beam@git.apache.org>,kennknowles
