human_date_time,link,sender_names_alias
Fri Oct 21 18:29:41 2016,http://mail-archives.apache.org/mod_mbox/geode-commits/201610.mbox/<e0854ff2e8c54aa9ac2888a63e0e1487@git.apache.org>,sbawaskar
Thu Nov 10 19:22:12 2016,http://mail-archives.apache.org/mod_mbox/geode-dev/201611.mbox/<CANZq1gC-NcWu4C1XPQqLvLRiNbtd7fqXbz+jEOf2NvyLeGJrMg@mail.gmail.com>,sbawaskar
Thu Oct 20 17:14:35 2016,http://mail-archives.apache.org/mod_mbox/geode-dev/201610.mbox/<CANZq1gA4YAK17R8ZrX3AtUvwrobBBr2MzzGu7GCsMyhyfP-8bw@mail.gmail.com>,sbawaskar
Thu Oct 20 21:00:22 2016,http://mail-archives.apache.org/mod_mbox/geode-dev/201610.mbox/<CANZq1gDjjPsd39iAZh7Xd=e9M0SoOVFE2vRtktP0fOSRgp4peA@mail.gmail.com>,sbawaskar
Thu Oct 27 19:19:44 2016,http://mail-archives.apache.org/mod_mbox/geode-dev/201610.mbox/<CANZq1gAG9SS_cDmozvBONf0yaLez+qjvz9EibUTFhCZjAqwAKw@mail.gmail.com>,sbawaskar
Tue Nov 15 20:27:54 2016,http://mail-archives.apache.org/mod_mbox/geode-dev/201611.mbox/<CANZq1gD1vM+JS1=C=gXT7Z13KgnRAcvz-oCtgnH6PX_ewL6S-g@mail.gmail.com>,sbawaskar
Tue Oct 25 06:20:12 2016,http://mail-archives.apache.org/mod_mbox/geode-commits/201610.mbox/<610098205f794120906f1ca026234ab4@git.apache.org>,sbawaskar
Tue Oct 25 06:20:12 2016,http://mail-archives.apache.org/mod_mbox/geode-commits/201610.mbox/<5c19d38eb6104cd2984c2d38449bf8f5@git.apache.org>,sbawaskar
Tue Oct 25 06:20:13 2016,http://mail-archives.apache.org/mod_mbox/geode-commits/201610.mbox/<8bd286a7704944a2aa220ee202c64b62@git.apache.org>,sbawaskar
Tue Oct 25 06:20:13 2016,http://mail-archives.apache.org/mod_mbox/geode-commits/201610.mbox/<037e298c60f3435f93d75e6ec3b3c50d@git.apache.org>,sbawaskar
Tue Oct 25 06:20:13 2016,http://mail-archives.apache.org/mod_mbox/geode-commits/201610.mbox/<0f2c0ad5cb2e4c0987cce63f9acf2ad3@git.apache.org>,sbawaskar
Tue Oct 25 06:20:13 2016,http://mail-archives.apache.org/mod_mbox/geode-commits/201610.mbox/<0f85d446e7b44d328d56b5dab528bd52@git.apache.org>,sbawaskar
Tue Oct 25 06:20:14 2016,http://mail-archives.apache.org/mod_mbox/geode-commits/201610.mbox/<793ccdbabb3c4a19835c30e5883bb576@git.apache.org>,sbawaskar
Tue Oct 25 06:20:14 2016,http://mail-archives.apache.org/mod_mbox/geode-commits/201610.mbox/<20f5450f88664c04b08d0868b279fd33@git.apache.org>,sbawaskar
Tue Oct 25 06:20:15 2016,http://mail-archives.apache.org/mod_mbox/geode-commits/201610.mbox/<268f8f728041436ead35c947f927330f@git.apache.org>,sbawaskar
Tue Oct 25 06:20:15 2016,http://mail-archives.apache.org/mod_mbox/geode-commits/201610.mbox/<ae8f9f4e981d4a0da06e17540a4abcf8@git.apache.org>,sbawaskar
Tue Oct 25 06:20:15 2016,http://mail-archives.apache.org/mod_mbox/geode-commits/201610.mbox/<4a1b4e60e81d4e2182e3e0f04a91b551@git.apache.org>,sbawaskar
Tue Oct 25 06:20:15 2016,http://mail-archives.apache.org/mod_mbox/geode-commits/201610.mbox/<9d72a791f7564a0a97c8eccfbfa6cf8d@git.apache.org>,sbawaskar
Tue Oct 25 06:20:17 2016,http://mail-archives.apache.org/mod_mbox/geode-commits/201610.mbox/<24c6bbf17a5743b2ad7f8694df14d148@git.apache.org>,sbawaskar
Tue Oct 25 06:20:17 2016,http://mail-archives.apache.org/mod_mbox/geode-commits/201610.mbox/<3f4be71e0a0c49af9193aa21c2a2a2eb@git.apache.org>,sbawaskar
Tue Oct 25 06:20:18 2016,http://mail-archives.apache.org/mod_mbox/geode-commits/201610.mbox/<01113e346d314c05bb9dc64fe8276109@git.apache.org>,sbawaskar
Tue Oct 25 06:20:19 2016,http://mail-archives.apache.org/mod_mbox/geode-commits/201610.mbox/<fb0e8273d5b84f0f9a38f8e304a63579@git.apache.org>,sbawaskar
Tue Oct 25 06:20:19 2016,http://mail-archives.apache.org/mod_mbox/geode-commits/201610.mbox/<4bb61bc71ed14363ba7f4657e968d676@git.apache.org>,sbawaskar
Tue Oct 25 06:20:20 2016,http://mail-archives.apache.org/mod_mbox/geode-commits/201610.mbox/<af18913dfe66457eb4fa689b077039fb@git.apache.org>,sbawaskar
Tue Oct 25 06:20:20 2016,http://mail-archives.apache.org/mod_mbox/geode-commits/201610.mbox/<dd0273c6eb9b4b8e98af5bf1625b95ba@git.apache.org>,sbawaskar
Tue Oct 25 06:20:41 2016,http://mail-archives.apache.org/mod_mbox/geode-commits/201610.mbox/<63e5b30ce2f24be4afd0c6858ae3a8e3@git.apache.org>,sbawaskar
Tue Oct 25 06:22:18 2016,http://mail-archives.apache.org/mod_mbox/geode-commits/201610.mbox/<9d75222fadc84747bebd34147a8db51d@git.apache.org>,sbawaskar
Tue Oct 25 06:22:34 2016,http://mail-archives.apache.org/mod_mbox/geode-commits/201610.mbox/<98901cd0a92c414d868adf7332102e8f@git.apache.org>,sbawaskar
Tue Oct 25 06:22:37 2016,http://mail-archives.apache.org/mod_mbox/geode-commits/201610.mbox/<fda5f5f9a06e4a59bd9867cdf830177d@git.apache.org>,sbawaskar
Tue Oct 25 06:22:41 2016,http://mail-archives.apache.org/mod_mbox/geode-commits/201610.mbox/<e39db3c3af3148c6a1204798ee7fd264@git.apache.org>,sbawaskar
Tue Oct 25 06:23:09 2016,http://mail-archives.apache.org/mod_mbox/geode-commits/201610.mbox/<b0b2d9b774844682816f889192bab2f6@git.apache.org>,sbawaskar
Tue Oct 25 06:23:10 2016,http://mail-archives.apache.org/mod_mbox/geode-commits/201610.mbox/<843d29dd56924252b074922a12763d96@git.apache.org>,sbawaskar
Tue Oct 25 06:23:12 2016,http://mail-archives.apache.org/mod_mbox/geode-commits/201610.mbox/<f53747756a1a483780d8a51ff43c8624@git.apache.org>,sbawaskar
Tue Oct 25 06:23:19 2016,http://mail-archives.apache.org/mod_mbox/geode-commits/201610.mbox/<da8c2b1b489e4d35b43b7c2015b9f2ac@git.apache.org>,sbawaskar
Tue Oct 25 06:24:01 2016,http://mail-archives.apache.org/mod_mbox/geode-commits/201610.mbox/<acfbef08244f4592b9c295db4b371cdd@git.apache.org>,sbawaskar
Tue Oct 25 06:24:08 2016,http://mail-archives.apache.org/mod_mbox/geode-commits/201610.mbox/<df3fc0bfda9c4ee5a5f89c67dfbfaaeb@git.apache.org>,sbawaskar
Tue Oct 25 06:24:08 2016,http://mail-archives.apache.org/mod_mbox/geode-commits/201610.mbox/<9bfa42b8b8c74d8cab888d220b9c8b15@git.apache.org>,sbawaskar
Tue Oct 25 06:24:08 2016,http://mail-archives.apache.org/mod_mbox/geode-commits/201610.mbox/<5f6f83d2d37c495ab77d636548bc397a@git.apache.org>,sbawaskar
Tue Oct 25 06:24:08 2016,http://mail-archives.apache.org/mod_mbox/geode-commits/201610.mbox/<fb3ccd7be4b54faeb0711d6fa0c154b3@git.apache.org>,sbawaskar
Tue Oct 25 06:24:14 2016,http://mail-archives.apache.org/mod_mbox/geode-commits/201610.mbox/<b5f8b98c77894c3a8557ecabed9a3737@git.apache.org>,sbawaskar
Tue Oct 25 06:27:11 2016,http://mail-archives.apache.org/mod_mbox/geode-commits/201610.mbox/<964f3e7bde3449a181d338296f80543d@git.apache.org>,sbawaskar
Tue Oct 25 06:27:18 2016,http://mail-archives.apache.org/mod_mbox/geode-commits/201610.mbox/<1955c7f9e4e041eb8f011c37c45e7f19@git.apache.org>,sbawaskar
Tue Oct 25 06:27:19 2016,http://mail-archives.apache.org/mod_mbox/geode-commits/201610.mbox/<76b75b8b2a6d421ca54379487fa85d25@git.apache.org>,sbawaskar
Tue Oct 25 06:28:02 2016,http://mail-archives.apache.org/mod_mbox/geode-commits/201610.mbox/<b6fd984227cd43fab1bb420b39ff8307@git.apache.org>,sbawaskar
Tue Oct 25 06:28:07 2016,http://mail-archives.apache.org/mod_mbox/geode-commits/201610.mbox/<32a5b1c97817443497d3b8fc71a95313@git.apache.org>,sbawaskar
Tue Oct 25 06:28:11 2016,http://mail-archives.apache.org/mod_mbox/geode-commits/201610.mbox/<b0002751f586498eaef03c48e03751e7@git.apache.org>,sbawaskar
Tue Oct 25 06:28:18 2016,http://mail-archives.apache.org/mod_mbox/geode-commits/201610.mbox/<b724267731bb4d67b7ffe3c36a01a3ec@git.apache.org>,sbawaskar
Tue Oct 25 06:29:32 2016,http://mail-archives.apache.org/mod_mbox/geode-commits/201610.mbox/<3f3c1bb4f63344a19c3ce098a2671585@git.apache.org>,sbawaskar
Tue Oct 25 06:39:10 2016,http://mail-archives.apache.org/mod_mbox/geode-commits/201610.mbox/<9f6a67865aca4349a92f9dd38360033b@git.apache.org>,sbawaskar
Tue Oct 25 07:21:02 2016,http://mail-archives.apache.org/mod_mbox/geode-commits/201610.mbox/<72eff08b2f4d45f38b89f2a9d2e67e60@git.apache.org>,sbawaskar
Tue Oct 25 07:21:54 2016,http://mail-archives.apache.org/mod_mbox/geode-commits/201610.mbox/<bcea42856e4c4cc49d38d365f30cd394@git.apache.org>,sbawaskar
Tue Oct 25 07:22:01 2016,http://mail-archives.apache.org/mod_mbox/geode-commits/201610.mbox/<31b10d82d712455d982fb79d13e78f70@git.apache.org>,sbawaskar
Tue Oct 25 07:22:01 2016,http://mail-archives.apache.org/mod_mbox/geode-commits/201610.mbox/<670c366af42c4c2da16bc79a203c042a@git.apache.org>,sbawaskar
Tue Oct 25 07:22:33 2016,http://mail-archives.apache.org/mod_mbox/geode-commits/201610.mbox/<310b4f6850224f27a319702eff3ecdad@git.apache.org>,sbawaskar
Tue Oct 25 07:22:54 2016,http://mail-archives.apache.org/mod_mbox/geode-commits/201610.mbox/<137b28ee7489407ea6fb5160e0a62f10@git.apache.org>,sbawaskar
Tue Oct 25 07:22:55 2016,http://mail-archives.apache.org/mod_mbox/geode-commits/201610.mbox/<ca499209fbca4d4bae03172d2c08d9d8@git.apache.org>,sbawaskar
Tue Oct 25 07:22:55 2016,http://mail-archives.apache.org/mod_mbox/geode-commits/201610.mbox/<304fef380d864dc88c2813558e4d23ca@git.apache.org>,sbawaskar
Tue Oct 25 08:08:58 2016,http://mail-archives.apache.org/mod_mbox/geode-dev/201610.mbox/<CANZq1gBTzyr2eCwnTMVk+A8-KhPw_bAEv2kneSi6kxPZe_yZVA@mail.gmail.com>,sbawaskar
Tue Oct 25 17:33:43 2016,http://mail-archives.apache.org/mod_mbox/geode-dev/201610.mbox/<CANZq1gBKXLhNnhQd-i2=-aFrzMOVnVm=YC3500WZTKO1YvatrA@mail.gmail.com>,sbawaskar
Tue Oct 25 18:49:50 2016,http://mail-archives.apache.org/mod_mbox/geode-commits/201610.mbox/<ae61f5ff75fd4290b158f3a258b77cb5@git.apache.org>,sbawaskar
Tue Oct 25 18:55:14 2016,http://mail-archives.apache.org/mod_mbox/geode-commits/201610.mbox/<e25ca1eb8be246ff94292fb6983fb125@git.apache.org>,sbawaskar
Tue Oct 25 21:28:07 2016,http://mail-archives.apache.org/mod_mbox/geode-commits/201610.mbox/<b3803e56b5534052a129fad114ec0dde@git.apache.org>,sbawaskar
Tue Oct 25 21:44:13 2016,http://mail-archives.apache.org/mod_mbox/geode-commits/201610.mbox/<d98cabda9513447182d6f9c2a8372a70@git.apache.org>,sbawaskar
Tue Oct 25 21:44:49 2016,http://mail-archives.apache.org/mod_mbox/geode-commits/201610.mbox/<70356de5b1504c448e592c4346657a92@git.apache.org>,sbawaskar
Tue Oct 25 21:52:06 2016,http://mail-archives.apache.org/mod_mbox/geode-commits/201610.mbox/<3c32e63a227a4451adaa658c9d7f7dc1@git.apache.org>,sbawaskar
Tue Oct 25 21:52:07 2016,http://mail-archives.apache.org/mod_mbox/geode-commits/201610.mbox/<b8cbf550512a48fd877b5496e642a5eb@git.apache.org>,sbawaskar
Tue Oct 25 21:52:08 2016,http://mail-archives.apache.org/mod_mbox/geode-commits/201610.mbox/<c8a0349f04054ad4b2c315c9c433a0db@git.apache.org>,sbawaskar
Tue Oct 25 21:52:12 2016,http://mail-archives.apache.org/mod_mbox/geode-commits/201610.mbox/<81d4e72530f44e07b89cfaa596d44358@git.apache.org>,sbawaskar
Tue Oct 25 21:52:15 2016,http://mail-archives.apache.org/mod_mbox/geode-commits/201610.mbox/<3dd8f1c609954487b9950ccc5e8b884a@git.apache.org>,sbawaskar
Tue Oct 25 21:52:15 2016,http://mail-archives.apache.org/mod_mbox/geode-commits/201610.mbox/<eecc456a2dbe42f8af6c6ac97da55002@git.apache.org>,sbawaskar
Tue Oct 25 21:53:04 2016,http://mail-archives.apache.org/mod_mbox/geode-commits/201610.mbox/<e4d8d0a2fda14c6191995529f1bca6bf@git.apache.org>,sbawaskar
Tue Oct 25 21:53:28 2016,http://mail-archives.apache.org/mod_mbox/geode-commits/201610.mbox/<792eb5398b9c4cd2a50412c0dad19c50@git.apache.org>,sbawaskar
Tue Oct 25 21:53:55 2016,http://mail-archives.apache.org/mod_mbox/geode-commits/201610.mbox/<3bcae1209432457482f24d270b4f1f6d@git.apache.org>,sbawaskar
Tue Oct 25 21:54:19 2016,http://mail-archives.apache.org/mod_mbox/geode-commits/201610.mbox/<c8f825e7396d45499ffbce43d6b97fb9@git.apache.org>,sbawaskar
Tue Oct 25 21:55:03 2016,http://mail-archives.apache.org/mod_mbox/geode-commits/201610.mbox/<6fec0a19e3004e3c97a657c5447a2669@git.apache.org>,sbawaskar
Tue Oct 25 21:55:18 2016,http://mail-archives.apache.org/mod_mbox/geode-commits/201610.mbox/<d4d6b5dcd99b40ada4c4b4f6b6cb4d13@git.apache.org>,sbawaskar
Tue Oct 25 21:55:48 2016,http://mail-archives.apache.org/mod_mbox/geode-commits/201610.mbox/<4e2243667d854ff08eecf532f23fe07d@git.apache.org>,sbawaskar
Tue Oct 25 21:55:50 2016,http://mail-archives.apache.org/mod_mbox/geode-commits/201610.mbox/<178aee29ad9247b791db5178dfb7edc2@git.apache.org>,sbawaskar
Tue Oct 25 21:55:51 2016,http://mail-archives.apache.org/mod_mbox/geode-commits/201610.mbox/<f33e2d7c143e4a4c98c26a40fb7deab6@git.apache.org>,sbawaskar
Tue Oct 25 21:55:53 2016,http://mail-archives.apache.org/mod_mbox/geode-commits/201610.mbox/<bce124d952694234937aacb9433b79d3@git.apache.org>,sbawaskar
Tue Oct 25 21:55:53 2016,http://mail-archives.apache.org/mod_mbox/geode-commits/201610.mbox/<827e72ab1d9a4bee969bde1b93c41f3c@git.apache.org>,sbawaskar
Tue Oct 25 21:55:54 2016,http://mail-archives.apache.org/mod_mbox/geode-commits/201610.mbox/<ac1401229f1b458fb46289d30ddc6172@git.apache.org>,sbawaskar
Tue Oct 25 21:55:55 2016,http://mail-archives.apache.org/mod_mbox/geode-commits/201610.mbox/<0619c59f5d5146928b1ef61abbc7425b@git.apache.org>,sbawaskar
Tue Oct 25 21:55:56 2016,http://mail-archives.apache.org/mod_mbox/geode-commits/201610.mbox/<034373274cc94ead829f7010849a05b1@git.apache.org>,sbawaskar
Tue Oct 25 21:55:56 2016,http://mail-archives.apache.org/mod_mbox/geode-commits/201610.mbox/<3aaef3d081814779a507f19290d051ac@git.apache.org>,sbawaskar
Tue Oct 25 21:55:57 2016,http://mail-archives.apache.org/mod_mbox/geode-commits/201610.mbox/<e654d2da53bb433d8b8f5e476a28c106@git.apache.org>,sbawaskar
Tue Oct 25 21:55:57 2016,http://mail-archives.apache.org/mod_mbox/geode-commits/201610.mbox/<95c038bc6cad487d9293ac3145e5876d@git.apache.org>,sbawaskar
Tue Oct 25 21:55:58 2016,http://mail-archives.apache.org/mod_mbox/geode-commits/201610.mbox/<390de9e0330f4ecfa3ca69ff33ef661a@git.apache.org>,sbawaskar
Tue Oct 25 21:56:00 2016,http://mail-archives.apache.org/mod_mbox/geode-commits/201610.mbox/<e053f1335b9d42d0b206c8df99bde710@git.apache.org>,sbawaskar
Tue Oct 25 21:56:02 2016,http://mail-archives.apache.org/mod_mbox/geode-commits/201610.mbox/<ff9e2773318f470bb7d0931bd2bbb942@git.apache.org>,sbawaskar
Tue Oct 25 21:56:03 2016,http://mail-archives.apache.org/mod_mbox/geode-commits/201610.mbox/<720dd42db40e497aa1fc7e4234202e98@git.apache.org>,sbawaskar
Tue Oct 25 21:56:03 2016,http://mail-archives.apache.org/mod_mbox/geode-commits/201610.mbox/<7f2730e7d1864d96a6ea747a3e9ba383@git.apache.org>,sbawaskar
Tue Oct 25 21:56:04 2016,http://mail-archives.apache.org/mod_mbox/geode-commits/201610.mbox/<a97e815671e744d09eeee26701305a3e@git.apache.org>,sbawaskar
Tue Oct 25 21:56:05 2016,http://mail-archives.apache.org/mod_mbox/geode-commits/201610.mbox/<3761cd10e37344e79756fb26b54b2127@git.apache.org>,sbawaskar
Tue Oct 25 21:56:05 2016,http://mail-archives.apache.org/mod_mbox/geode-commits/201610.mbox/<25c4d7f9e0b24cf8a8689d76bcb76cdb@git.apache.org>,sbawaskar
Tue Oct 25 21:56:05 2016,http://mail-archives.apache.org/mod_mbox/geode-commits/201610.mbox/<7e2f24c3a70d458d877b0180ead6a4c6@git.apache.org>,sbawaskar
Tue Oct 25 21:56:05 2016,http://mail-archives.apache.org/mod_mbox/geode-commits/201610.mbox/<4a12983758fa422bbd486beeba29ca58@git.apache.org>,sbawaskar
Tue Oct 25 21:56:06 2016,http://mail-archives.apache.org/mod_mbox/geode-commits/201610.mbox/<c92b204a97774055b785e2ba9d7863ef@git.apache.org>,sbawaskar
Tue Oct 25 21:56:07 2016,http://mail-archives.apache.org/mod_mbox/geode-commits/201610.mbox/<4018c87f343849d4a7066589362116d7@git.apache.org>,sbawaskar
Tue Oct 25 21:58:41 2016,http://mail-archives.apache.org/mod_mbox/geode-commits/201610.mbox/<290b71c71a5f421e9f4533c7a848098e@git.apache.org>,sbawaskar
Tue Oct 25 21:58:53 2016,http://mail-archives.apache.org/mod_mbox/geode-commits/201610.mbox/<1fe756d285444441be3952e5f5870f71@git.apache.org>,sbawaskar
Tue Oct 25 21:59:51 2016,http://mail-archives.apache.org/mod_mbox/geode-commits/201610.mbox/<9291fbb4b449480eba865f1534f061f5@git.apache.org>,sbawaskar
Tue Oct 25 22:00:09 2016,http://mail-archives.apache.org/mod_mbox/geode-commits/201610.mbox/<2b6b3eabc5e84ecaa58456bdb8796cb6@git.apache.org>,sbawaskar
Tue Oct 25 22:01:51 2016,http://mail-archives.apache.org/mod_mbox/geode-commits/201610.mbox/<aa2c2aa3105a464888becb82d54c1eb4@git.apache.org>,sbawaskar
Tue Oct 25 22:01:56 2016,http://mail-archives.apache.org/mod_mbox/geode-commits/201610.mbox/<f9110859d82842dcb823eb96442bf748@git.apache.org>,sbawaskar
Tue Oct 25 22:02:40 2016,http://mail-archives.apache.org/mod_mbox/geode-commits/201610.mbox/<d4f8352a9b104feaa06b80f2b33edb14@git.apache.org>,sbawaskar
Tue Oct 25 22:19:00 2016,http://mail-archives.apache.org/mod_mbox/geode-commits/201610.mbox/<c9e0ca0f817b434eaad96d7550fd69d4@git.apache.org>,sbawaskar
Tue Oct 25 22:19:09 2016,http://mail-archives.apache.org/mod_mbox/geode-commits/201610.mbox/<494ab34cba544a469bdf0fb9f7d4dfee@git.apache.org>,sbawaskar
Tue Oct 25 22:19:11 2016,http://mail-archives.apache.org/mod_mbox/geode-commits/201610.mbox/<274c919c8823437093a58f29faab59c2@git.apache.org>,sbawaskar
Tue Oct 25 22:19:12 2016,http://mail-archives.apache.org/mod_mbox/geode-commits/201610.mbox/<dc5d266e9bec4d02b6147ed7dfe344dd@git.apache.org>,sbawaskar
Tue Oct 25 22:19:12 2016,http://mail-archives.apache.org/mod_mbox/geode-commits/201610.mbox/<d6eae05d150b4e97a6def9e2b752860f@git.apache.org>,sbawaskar
Tue Oct 25 22:20:03 2016,http://mail-archives.apache.org/mod_mbox/geode-commits/201610.mbox/<0c77a9bac9d14501807280a3630f41c7@git.apache.org>,sbawaskar
Tue Oct 25 22:20:04 2016,http://mail-archives.apache.org/mod_mbox/geode-commits/201610.mbox/<d091addbd3914cdcbf2f0de917d9090f@git.apache.org>,sbawaskar
Tue Oct 25 22:20:11 2016,http://mail-archives.apache.org/mod_mbox/geode-commits/201610.mbox/<780a199fa4c74f7b852dffaebd54863e@git.apache.org>,sbawaskar
Tue Oct 25 22:22:46 2016,http://mail-archives.apache.org/mod_mbox/geode-commits/201610.mbox/<3c3668c4ae704482880abb16a2eace15@git.apache.org>,sbawaskar
Tue Oct 25 22:36:35 2016,http://mail-archives.apache.org/mod_mbox/geode-dev/201610.mbox/<CAKdRdJhGNe+4v-OUxk06dLpRDjGZHGCsgtP7dZjDsuZHrCpeFw@mail.gmail.com>,sbawaskar
Tue Oct 25 22:45:50 2016,http://mail-archives.apache.org/mod_mbox/geode-commits/201610.mbox/<c561b7ca3a57452cbaa5af5dacf6ee62@git.apache.org>,sbawaskar
Tue Oct 25 22:50:15 2016,http://mail-archives.apache.org/mod_mbox/geode-commits/201610.mbox/<5d2ea1cd6ee64da4839becc689529d1b@git.apache.org>,sbawaskar
Wed Nov  2 17:30:33 2016,http://mail-archives.apache.org/mod_mbox/geode-dev/201611.mbox/<CANZq1gA53b8Vg+mtA3Zvkp6RWYt54RJ_8ntLxqaLRf642Eg2Bg@mail.gmail.com>,sbawaskar
Wed Oct 26 06:09:49 2016,http://mail-archives.apache.org/mod_mbox/geode-dev/201610.mbox/<CANZq1gB8Xi91N+-3qokXB2cYPLVs3ifNb+EvhfUxGJ-ZfMN9UA@mail.gmail.com>,sbawaskar
Wed Oct 26 23:49:01 2016,http://mail-archives.apache.org/mod_mbox/geode-user/201610.mbox/<CANZq1gA7jEz-yC8TXdz+fzz+LyVk72muhN2O-N4AfBrCm=_GVA@mail.gmail.com>,sbawaskar
