human_date_time,link,sender_names_alias
Mon Sep 23 11:13:12 2013,http://mail-archives.apache.org/mod_mbox/olingo-commits/201309.mbox/<20130923110606.B8B352388A32@eris.apache.org>,mibo
Mon Sep 23 11:24:56 2013,http://mail-archives.apache.org/mod_mbox/olingo-commits/201309.mbox/<20130923111506.92BE92388831@eris.apache.org>,mibo
Mon Sep 23 11:24:56 2013,http://mail-archives.apache.org/mod_mbox/olingo-commits/201309.mbox/<20130923111506.92BE92388831@eris.apache.org>,mibo
Mon Sep 23 11:25:03 2013,http://mail-archives.apache.org/mod_mbox/olingo-commits/201309.mbox/<20130923111641.E4A092388831@eris.apache.org>,mibo
Mon Sep 23 11:25:05 2013,http://mail-archives.apache.org/mod_mbox/olingo-commits/201309.mbox/<20130923111807.C40342388831@eris.apache.org>,mibo
Mon Sep 23 11:25:17 2013,http://mail-archives.apache.org/mod_mbox/olingo-commits/201309.mbox/<20130923112127.532EB238890B@eris.apache.org>,mibo
Mon Sep 23 11:26:37 2013,http://mail-archives.apache.org/mod_mbox/olingo-commits/201309.mbox/<20130923112610.97D51238890B@eris.apache.org>,mibo
Mon Sep 23 11:35:02 2013,http://mail-archives.apache.org/mod_mbox/olingo-commits/201309.mbox/<20130923113409.C10302388980@eris.apache.org>,mibo
Mon Sep 23 11:35:02 2013,http://mail-archives.apache.org/mod_mbox/olingo-commits/201309.mbox/<20130923113409.C10302388980@eris.apache.org>,mibo
Mon Sep 23 11:35:32 2013,http://mail-archives.apache.org/mod_mbox/olingo-commits/201309.mbox/<20130923113502.3DD39238889B@eris.apache.org>,mibo
Mon Sep 23 11:56:36 2013,http://mail-archives.apache.org/mod_mbox/olingo-commits/201309.mbox/<20130923115548.4B84F2388980@eris.apache.org>,mibo
Mon Sep 23 12:03:41 2013,http://mail-archives.apache.org/mod_mbox/olingo-commits/201309.mbox/<20130923120314.5FAE123888E7@eris.apache.org>,mibo
Mon Sep 23 13:58:19 2013,http://mail-archives.apache.org/mod_mbox/olingo-commits/201309.mbox/<20130923135757.7B9BF23888E7@eris.apache.org>,mibo
Mon Sep 23 13:58:19 2013,http://mail-archives.apache.org/mod_mbox/olingo-commits/201309.mbox/<20130923135757.7B9BF23888E7@eris.apache.org>,mibo
Mon Sep 23 13:59:18 2013,http://mail-archives.apache.org/mod_mbox/olingo-commits/201309.mbox/<20130923135854.B3AAE23889E1@eris.apache.org>,mibo
Mon Sep 23 13:59:18 2013,http://mail-archives.apache.org/mod_mbox/olingo-commits/201309.mbox/<20130923135854.B3AAE23889E1@eris.apache.org>,mibo
Mon Sep 23 14:03:22 2013,http://mail-archives.apache.org/mod_mbox/olingo-commits/201309.mbox/<20130923140257.757E323889D5@eris.apache.org>,mibo
Wed Sep 25 02:39:32 2013,http://mail-archives.apache.org/mod_mbox/olingo-commits/201309.mbox/<20130925023908.90C9B23888A6@eris.apache.org>,mibo
Wed Sep 25 02:41:28 2013,http://mail-archives.apache.org/mod_mbox/olingo-commits/201309.mbox/<20130925024104.5EF7D23888A6@eris.apache.org>,mibo
Wed Sep 25 02:41:28 2013,http://mail-archives.apache.org/mod_mbox/olingo-commits/201309.mbox/<20130925024104.5EF7D23888A6@eris.apache.org>,mibo
Wed Sep 25 02:41:58 2013,http://mail-archives.apache.org/mod_mbox/olingo-commits/201309.mbox/<20130925024135.13B2A2388A56@eris.apache.org>,mibo
Wed Sep 25 02:53:05 2013,http://mail-archives.apache.org/mod_mbox/olingo-commits/201309.mbox/<20130925025239.B518C238896F@eris.apache.org>,mibo
Wed Sep 25 02:53:05 2013,http://mail-archives.apache.org/mod_mbox/olingo-commits/201309.mbox/<20130925025239.B518C238896F@eris.apache.org>,mibo
Wed Sep 25 02:57:08 2013,http://mail-archives.apache.org/mod_mbox/olingo-commits/201309.mbox/<20130925025646.AEEB1238890B@eris.apache.org>,mibo
Wed Sep 25 02:57:08 2013,http://mail-archives.apache.org/mod_mbox/olingo-commits/201309.mbox/<20130925025646.AEEB1238890B@eris.apache.org>,mibo
Thu Sep 26 04:11:48 2013,http://mail-archives.apache.org/mod_mbox/olingo-commits/201309.mbox/<20130926041123.76B3B23889ED@eris.apache.org>,mibo
Thu Sep 26 04:12:49 2013,http://mail-archives.apache.org/mod_mbox/olingo-commits/201309.mbox/<20130926041226.0A3FB23889BB@eris.apache.org>,mibo
Thu Sep 26 04:19:43 2013,http://mail-archives.apache.org/mod_mbox/olingo-commits/201309.mbox/<20130926041830.04A0323889ED@eris.apache.org>,mibo
Thu Sep 26 04:20:23 2013,http://mail-archives.apache.org/mod_mbox/olingo-commits/201309.mbox/<20130926041959.B922B23889BB@eris.apache.org>,mibo
Thu Sep 26 04:27:23 2013,http://mail-archives.apache.org/mod_mbox/olingo-commits/201309.mbox/<20130926042700.C6129238896F@eris.apache.org>,mibo
Thu Sep 26 04:35:16 2013,http://mail-archives.apache.org/mod_mbox/olingo-commits/201309.mbox/<20130926043447.9FBDC23888E4@eris.apache.org>,mibo
Thu Sep 26 05:59:42 2013,http://mail-archives.apache.org/mod_mbox/olingo-commits/201309.mbox/<20130926055908.8E448238896F@eris.apache.org>,mibo
Thu Sep 26 06:04:04 2013,http://mail-archives.apache.org/mod_mbox/olingo-commits/201309.mbox/<20130926060306.1DF9F23888E4@eris.apache.org>,mibo
Thu Sep 26 06:06:48 2013,http://mail-archives.apache.org/mod_mbox/olingo-commits/201309.mbox/<20130926060620.A6CC823888E4@eris.apache.org>,mibo
Thu Sep 26 06:09:12 2013,http://mail-archives.apache.org/mod_mbox/olingo-commits/201309.mbox/<20130926060849.2D40523888E4@eris.apache.org>,mibo
Thu Sep 26 06:10:18 2013,http://mail-archives.apache.org/mod_mbox/olingo-commits/201309.mbox/<20130926060953.5BF7D2388A4A@eris.apache.org>,mibo
Thu Sep 26 06:11:13 2013,http://mail-archives.apache.org/mod_mbox/olingo-commits/201309.mbox/<20130926061051.B4F4B2388A4A@eris.apache.org>,mibo
