human_date_time,link,sender_names_alias
Mon Aug 27 13:19:27 2012,http://mail-archives.apache.org/mod_mbox/airavata-dev/201208.mbox/<92291423-17D5-4ED5-9AE0-F5D459B41617@apache.org>,smarru
Mon Aug 27 14:43:44 2012,http://mail-archives.apache.org/mod_mbox/airavata-dev/201208.mbox/<C3A92D0D-C2B2-47D9-94CE-41DFDF17F187@apache.org>,smarru
Mon Aug 27 14:50:26 2012,http://mail-archives.apache.org/mod_mbox/airavata-dev/201208.mbox/<A6697813-4652-49C0-9EAA-0BBAEB18A792@apache.org>,smarru
Mon Aug 27 16:39:09 2012,http://mail-archives.apache.org/mod_mbox/airavata-dev/201208.mbox/<E66D7A08-7F8C-496D-A42B-EFE69B642BEA@apache.org>,smarru
Mon Aug 27 16:49:26 2012,http://mail-archives.apache.org/mod_mbox/airavata-dev/201208.mbox/<BD5F41FA-EECC-4BEE-B310-C3380AE2B7FF@apache.org>,smarru
Tue Aug 28 13:47:00 2012,http://mail-archives.apache.org/mod_mbox/airavata-dev/201208.mbox/<939A3CC1-B495-4D03-A332-92601F6DCD34@apache.org>,smarru
Tue Aug 28 13:58:42 2012,http://mail-archives.apache.org/mod_mbox/airavata-dev/201208.mbox/<CC65FABB-F2FF-4E89-BBF0-057496227F3D@apache.org>,smarru
Thu Aug 30 10:32:04 2012,http://mail-archives.apache.org/mod_mbox/airavata-dev/201208.mbox/<40B74703-A101-4B2B-83C1-7CAECB015B36@apache.org>,smarru
Thu Aug 30 14:54:47 2012,http://mail-archives.apache.org/mod_mbox/airavata-dev/201208.mbox/<3F530053-47D9-4322-AC35-0D38050AC19E@apache.org>,smarru
Thu Aug 30 15:43:17 2012,http://mail-archives.apache.org/mod_mbox/airavata-dev/201208.mbox/<499A5160-C518-48A4-BC79-E81030AF34D4@apache.org>,smarru
Thu Aug 30 17:39:22 2012,http://mail-archives.apache.org/mod_mbox/airavata-dev/201208.mbox/<E4081C7C-0A86-44F0-ACC7-5A9FB5B27F1C@apache.org>,smarru
Fri Aug 31 21:08:05 2012,http://mail-archives.apache.org/mod_mbox/airavata-dev/201208.mbox/<126274E6-3F21-4358-8CB3-7946922C57FC@apache.org>,smarru
Sat Sep  1 13:24:57 2012,http://mail-archives.apache.org/mod_mbox/airavata-dev/201209.mbox/<56090915-87D6-4278-8962-3ECEDE351473@apache.org>,smarru
Sat Sep  1 14:01:01 2012,http://mail-archives.apache.org/mod_mbox/airavata-dev/201209.mbox/<13C7C0B6-EBC9-46A1-ACBB-643DA0C7D0DF@apache.org>,smarru
Sat Sep  1 23:47:34 2012,http://mail-archives.apache.org/mod_mbox/airavata-dev/201209.mbox/<F4861538-CA76-43CF-A402-7CB8A04F289F@apache.org>,smarru
Mon Sep  3 00:04:08 2012,http://mail-archives.apache.org/mod_mbox/airavata-dev/201209.mbox/<4BB19F3B-AA4F-45CF-8286-079EB4B080CD@apache.org>,smarru
Mon Sep  3 12:57:05 2012,http://mail-archives.apache.org/mod_mbox/airavata-dev/201209.mbox/<4042B447-1A2E-4E21-B909-5A8E8585C9D8@apache.org>,smarru
Tue Sep  4 12:24:36 2012,http://mail-archives.apache.org/mod_mbox/airavata-dev/201209.mbox/<6C76A8DC-4EA9-482E-9645-EBD9EBB1C987@apache.org>,smarru
Tue Sep  4 15:42:02 2012,http://mail-archives.apache.org/mod_mbox/airavata-dev/201209.mbox/<F51735AB-3939-4C35-B253-5B8DE9D20A84@apache.org>,smarru
Wed Sep  5 10:19:39 2012,http://mail-archives.apache.org/mod_mbox/airavata-dev/201209.mbox/<9D0143A3-89AD-4B37-953E-8367F87474A7@apache.org>,smarru
Wed Sep  5 13:28:52 2012,http://mail-archives.apache.org/mod_mbox/airavata-dev/201209.mbox/<07E5F105-66A5-46AB-A5C9-6C48FCE5AC14@apache.org>,smarru
Wed Sep  5 20:47:51 2012,http://mail-archives.apache.org/mod_mbox/airavata-dev/201209.mbox/<B625A71C-49D5-49DA-B1AD-AD0956ADC867@apache.org>,smarru
Wed Sep  5 23:31:27 2012,http://mail-archives.apache.org/mod_mbox/airavata-dev/201209.mbox/<1E7081C5-F672-4789-84EB-77821BB066B2@apache.org>,smarru
Thu Sep  6 14:23:59 2012,http://mail-archives.apache.org/mod_mbox/airavata-dev/201209.mbox/<B88DA326-DFE7-47FB-91D2-F498CDEC0FA7@apache.org>,smarru
Thu Sep  6 16:08:32 2012,http://mail-archives.apache.org/mod_mbox/airavata-dev/201209.mbox/<ED15A793-D98C-42C8-B1C6-70B1C8E807D5@apache.org>,smarru
Thu Sep  6 20:42:33 2012,http://mail-archives.apache.org/mod_mbox/airavata-dev/201209.mbox/<E8143B70-8852-481B-8903-9887C0C4CE7D@apache.org>,smarru
Thu Sep  6 22:32:23 2012,http://mail-archives.apache.org/mod_mbox/airavata-dev/201209.mbox/<933B195F-055F-41CD-91BC-E571AB0F47F5@apache.org>,smarru
Mon Sep 10 15:05:25 2012,http://mail-archives.apache.org/mod_mbox/airavata-dev/201209.mbox/<81831B98-40A2-4D48-9B98-0929918BBBBF@apache.org>,smarru
Mon Sep 10 15:32:53 2012,http://mail-archives.apache.org/mod_mbox/airavata-dev/201209.mbox/<427C8F98-7B2B-4530-95F7-97B398D65ACC@apache.org>,smarru
Wed Sep 12 02:28:52 2012,http://mail-archives.apache.org/mod_mbox/airavata-dev/201209.mbox/<9878F394-F4D1-416A-9143-721F4319BA69@apache.org>,smarru
