human_date_time,link,sender_names_alias
Fri Jul 13 17:55:39 2012,http://mail-archives.apache.org/mod_mbox/cloudstack-commits/201207.mbox/<20120713175538.4799813BD8@tyr.zones.apache.org>,nitin
Mon Jul  2 23:09:05 2012,http://mail-archives.apache.org/mod_mbox/cloudstack-commits/201207.mbox/<20120702230904.B7186A26E@tyr.zones.apache.org>,nitin
Tue Jul 10 00:40:32 2012,http://mail-archives.apache.org/mod_mbox/cloudstack-commits/201207.mbox/<20120710004032.2ADCAD28C@tyr.zones.apache.org>,nitin
Tue Jun 19 08:57:31 2012,http://mail-archives.apache.org/mod_mbox/cloudstack-commits/201206.mbox/<20120619085729.D7E0812414@tyr.zones.apache.org>,nitin
Tue Jun 19 19:16:26 2012,http://mail-archives.apache.org/mod_mbox/cloudstack-commits/201206.mbox/<20120619173927.7AFFE1267B@tyr.zones.apache.org>,nitin
Tue Jun 19 19:16:30 2012,http://mail-archives.apache.org/mod_mbox/cloudstack-commits/201206.mbox/<20120619180641.454621268C@tyr.zones.apache.org>,nitin
Tue Jun 19 19:16:35 2012,http://mail-archives.apache.org/mod_mbox/cloudstack-commits/201206.mbox/<20120619180851.122C91269A@tyr.zones.apache.org>,nitin
