human_date_time,link,sender_names_alias
Fri Apr 18 08:27:21 2014,http://mail-archives.apache.org/mod_mbox/stratos-dev/201404.mbox/<CAG7MYhnXQYUo_0C8_E0KLzfWO0S7Ed+43+Tmwwun1EKtA=zKXQ@mail.gmail.com>,aazeez
Sun Apr 20 05:16:51 2014,http://mail-archives.apache.org/mod_mbox/stratos-dev/201404.mbox/<CAG7MYh=6wDN6H3-RfyVWBgSQSi3-UrT60j3A0u2ZzijQJ00hTg@mail.gmail.com>,aazeez
Thu Apr 24 10:22:28 2014,http://mail-archives.apache.org/mod_mbox/stratos-dev/201404.mbox/<CAG7MYh=EvZXb2xboZGAKr0qKN7GmFZbRV=eUY+Z0S-tAxPkkZw@mail.gmail.com>,aazeez
Thu Apr 24 15:25:46 2014,http://mail-archives.apache.org/mod_mbox/stratos-dev/201404.mbox/<CAG7MYhkZtaD7Qs+mt1qVceNnKvi9aUwkFtr4xZHSwXZPEZdfNw@mail.gmail.com>,aazeez
Tue Apr 29 11:26:57 2014,http://mail-archives.apache.org/mod_mbox/stratos-dev/201404.mbox/<CAG7MYhnyFeZFu1CrL9Hosp8hXkYh51GL5af_8JvKzmf3E=Bwkg@mail.gmail.com>,aazeez
Wed Apr 23 08:48:43 2014,http://mail-archives.apache.org/mod_mbox/stratos-dev/201404.mbox/<CAG7MYhmJvYvXBTU8UUJiigL6QdDpohzMLYOmax9dGG47JUg8pg@mail.gmail.com>,aazeez
Wed Apr 23 18:49:48 2014,http://mail-archives.apache.org/mod_mbox/stratos-dev/201404.mbox/<CAG7MYh=37x_mCm5aYdaGmcMPpMawSLGtjwS7uzuQS1044-T+tA@mail.gmail.com>,aazeez
