human_date_time,link,sender_names_alias
Tue Dec 19 10:22:54 2006,http://mail-archives.apache.org/mod_mbox/ofbiz-dev/200612.mbox/<7944736.post@talk.nabble.com>,mcdev
